5 1086 129 128 0.024690866470336914 0.08434653282165527
5 543 97 93 0.01670360565185547 0.028841018676757812
5 753 125 123 0.02350306510925293 0.05618786811828613
5 1000 114 111 0.02073216438293457 0.06317377090454102
5 1052 120 116 0.022172212600708008 0.07657456398010254
5 683 114 110 0.02116084098815918 0.051193952560424805
5 954 118 114 0.022171735763549805 0.06934642791748047
5 828 125 122 0.023650646209716797 0.05885791778564453
5 408 99 95 0.017232656478881836 0.024657487869262695
5 570 111 107 0.0195310115814209 0.03759407997131348
6 1086 129 128 0.02434706687927246 0.09026980400085449
6 543 97 93 0.017189979553222656 0.030209064483642578
6 753 125 123 0.02358722686767578 0.0599210262298584
6 1000 114 111 0.02095484733581543 0.06460785865783691
6 1052 120 116 0.022394418716430664 0.07504940032958984
6 683 114 110 0.0207517147064209 0.04731273651123047
6 954 118 114 0.023000717163085938 0.0697181224822998
6 828 125 122 0.02387833595275879 0.05660867691040039
6 408 99 95 0.01698446273803711 0.024460792541503906
6 570 111 107 0.01978468894958496 0.03643655776977539
7 1086 129 128 0.024422883987426758 0.08825826644897461
7 543 97 93 0.01667022705078125 0.02928900718688965
7 753 125 123 0.023532390594482422 0.05677056312561035
7 1000 114 111 0.02051401138305664 0.06286907196044922
7 1052 120 116 0.022481441497802734 0.07592129707336426
7 683 114 110 0.02146458625793457 0.04781508445739746
7 954 118 114 0.02235126495361328 0.06993699073791504
7 828 125 122 0.023671865463256836 0.056354522705078125
7 408 99 95 0.01720142364501953 0.025133609771728516
7 570 111 107 0.01962876319885254 0.03668355941772461
8 1086 129 128 0.024289608001708984 0.09055805206298828
8 543 97 93 0.0166623592376709 0.0291140079498291
8 753 125 123 0.023380756378173828 0.05650520324707031
8 1000 114 111 0.0205991268157959 0.06282591819763184
8 1052 120 116 0.022441625595092773 0.07529354095458984
8 683 114 110 0.02117180824279785 0.04714655876159668
8 954 118 114 0.021974563598632812 0.07214808464050293
8 828 125 122 0.023894309997558594 0.05614900588989258
8 408 99 95 0.017296552658081055 0.02509284019470215
8 570 111 107 0.019607067108154297 0.037244558334350586
9 1086 129 128 0.024354934692382812 0.09038066864013672
9 543 97 93 0.01680278778076172 0.029835939407348633
9 753 125 123 0.023421287536621094 0.05891537666320801
9 1000 114 111 0.020736217498779297 0.0633237361907959
9 1052 120 116 0.022435903549194336 0.07579517364501953
9 683 114 110 0.020781993865966797 0.047086477279663086
9 954 118 114 0.022613048553466797 0.06948089599609375
9 828 125 122 0.023323535919189453 0.05670976638793945
9 408 99 95 0.017340421676635742 0.025066137313842773
9 570 111 107 0.020430326461791992 0.03740644454956055
10 1086 129 128 0.024622678756713867 0.0905599594116211
10 543 97 93 0.016672372817993164 0.029229402542114258
10 753 125 123 0.02396106719970703 0.05547451972961426
10 1000 114 111 0.020762205123901367 0.06334733963012695
10 1052 120 116 0.022351741790771484 0.07642173767089844
10 683 114 110 0.020764589309692383 0.04763388633728027
10 954 118 114 0.0227963924407959 0.07121419906616211
10 828 125 122 0.023746490478515625 0.0575261116027832
10 408 99 95 0.017332077026367188 0.024868011474609375
10 570 111 107 0.01914811134338379 0.0365447998046875
11 1086 129 128 0.024559736251831055 0.08979082107543945
11 543 97 93 0.0166780948638916 0.030260562896728516
11 753 125 123 0.02365422248840332 0.058716535568237305
11 1000 114 111 0.020684003829956055 0.06305170059204102
11 1052 120 116 0.022820711135864258 0.07806634902954102
11 683 114 110 0.020847797393798828 0.0476071834564209
11 954 118 114 0.02214956283569336 0.06707477569580078
11 828 125 122 0.02348780632019043 0.05712485313415527
11 408 99 95 0.017547607421875 0.024207592010498047
11 570 111 107 0.019437074661254883 0.03519582748413086
12 1086 129 128 0.02432870864868164 0.0852663516998291
12 543 97 93 0.016722679138183594 0.029688596725463867
12 753 125 123 0.02378058433532715 0.05661511421203613
12 1000 114 111 0.02073359489440918 0.06300950050354004
12 1052 120 116 0.022242307662963867 0.07445502281188965
12 683 114 110 0.020784616470336914 0.04730057716369629
12 954 118 114 0.0221402645111084 0.06960177421569824
12 828 125 122 0.023689746856689453 0.05548453330993652
12 408 99 95 0.017279863357543945 0.024846792221069336
12 570 111 107 0.01981043815612793 0.03702735900878906
13 1086 129 128 0.024405956268310547 0.08991551399230957
13 543 97 93 0.016732215881347656 0.029768705368041992
13 753 125 123 0.023499011993408203 0.05721926689147949
13 1000 114 111 0.020726919174194336 0.06667923927307129
13 1052 120 116 0.02227044105529785 0.07712745666503906
13 683 114 110 0.020756006240844727 0.048279523849487305
13 954 118 114 0.021575212478637695 0.0699164867401123
13 828 125 122 0.023780107498168945 0.056267738342285156
13 408 99 95 0.0175628662109375 0.025385618209838867
13 570 111 107 0.019570350646972656 0.03780651092529297
14 1086 129 128 0.024601459503173828 0.08992934226989746
14 543 97 93 0.01680779457092285 0.03003406524658203
14 753 125 123 0.02384781837463379 0.061826229095458984
14 1000 114 111 0.02069258689880371 0.06294608116149902
14 1052 120 116 0.022342443466186523 0.07454633712768555
14 683 114 110 0.020706653594970703 0.046085357666015625
14 954 118 114 0.034036874771118164 0.07074475288391113
14 828 125 122 0.023519039154052734 0.057045698165893555
14 408 99 95 0.017035245895385742 0.024883508682250977
14 570 111 107 0.01961493492126465 0.03773665428161621
15 1086 129 128 0.024268388748168945 0.08965706825256348
15 543 97 93 0.016812801361083984 0.029233694076538086
15 753 125 123 0.023962736129760742 0.05856728553771973
15 1000 114 111 0.020765304565429688 0.06368875503540039
15 1052 120 116 0.023001670837402344 0.07657074928283691
15 683 114 110 0.020762205123901367 0.04731440544128418
15 954 118 114 0.022623062133789062 0.07022976875305176
15 828 125 122 0.02337813377380371 0.055056095123291016
15 408 99 95 0.017165422439575195 0.025084733963012695
15 570 111 107 0.0195462703704834 0.03707170486450195
16 1086 129 128 0.02430105209350586 0.0951225757598877
16 543 97 93 0.016881227493286133 0.030061721801757812
16 753 125 123 0.02401900291442871 0.057306528091430664
16 1000 114 111 0.02070450782775879 0.06335306167602539
16 1052 120 116 0.0223844051361084 0.07582378387451172
16 683 114 110 0.020835399627685547 0.04893159866333008
16 954 118 114 0.022408008575439453 0.1443953514099121
16 828 125 122 0.02408742904663086 0.057064056396484375
16 408 99 95 0.019103288650512695 0.026357412338256836
16 570 111 107 0.019879579544067383 0.037140846252441406
17 1086 129 128 0.024861574172973633 0.09388399124145508
17 543 97 93 0.016997098922729492 0.029521465301513672
17 753 125 123 0.02408146858215332 0.05916118621826172
17 1000 114 111 0.020897626876831055 0.06532835960388184
17 1052 120 116 0.022484302520751953 0.07792139053344727
17 683 114 110 0.02107095718383789 0.04829144477844238
17 954 118 114 0.023179292678833008 0.07114934921264648
17 828 125 122 0.023526668548583984 0.05420064926147461
17 408 99 95 0.017374038696289062 0.0247347354888916
17 570 111 107 0.019707918167114258 0.03603386878967285
18 1086 129 128 0.024849414825439453 0.09602952003479004
18 543 97 93 0.01679539680480957 0.029622793197631836
18 753 125 123 0.023496150970458984 0.057265281677246094
18 1000 114 111 0.02091503143310547 0.0645604133605957
18 1052 120 116 0.02239704132080078 0.07830548286437988
18 683 114 110 0.02093982696533203 0.048288583755493164
18 954 118 114 0.023009061813354492 0.0735330581665039
18 828 125 122 0.023851633071899414 0.056517601013183594
18 408 99 95 0.017580747604370117 0.02519369125366211
18 570 111 107 0.019937992095947266 0.03847980499267578
19 1086 129 128 0.024714231491088867 0.09463953971862793
19 543 97 93 0.016678571701049805 0.02984476089477539
19 753 125 123 0.023736000061035156 0.058209896087646484
19 1000 114 111 0.020792484283447266 0.06527972221374512
19 1052 120 116 0.0223388671875 0.0778050422668457
19 683 114 110 0.0207364559173584 0.0488739013671875
19 954 118 114 0.02249312400817871 0.07123541831970215
19 828 125 122 0.024990081787109375 0.05631279945373535
19 408 99 95 0.01712822914123535 0.023693561553955078
19 570 111 107 0.019848346710205078 0.036266326904296875
20 1086 129 128 0.02489447593688965 0.08700919151306152
20 543 97 93 0.01682257652282715 0.02935791015625
20 753 125 123 0.023432493209838867 0.057236433029174805
20 1000 114 111 0.020597457885742188 0.06393694877624512
20 1052 120 116 0.022637605667114258 0.07573723793029785
20 683 114 110 0.020859241485595703 0.0475308895111084
20 954 118 114 0.022711515426635742 0.07006120681762695
20 828 125 122 0.023876428604125977 0.05692791938781738
20 408 99 95 0.017264127731323242 0.025416135787963867
20 570 111 107 0.01952528953552246 0.03771090507507324
21 1086 129 128 0.024327993392944336 0.0922093391418457
21 543 97 93 0.016964197158813477 0.03035259246826172
21 753 125 123 0.0234677791595459 0.0575709342956543
21 1000 114 111 0.020674705505371094 0.06403946876525879
21 1052 120 116 0.02259516716003418 0.0789341926574707
21 683 114 110 0.020946264266967773 0.04997897148132324
21 954 118 114 0.022009849548339844 0.07033586502075195
21 828 125 122 0.023680448532104492 0.05719304084777832
21 408 99 95 0.017303943634033203 0.024677753448486328
21 570 111 107 0.019337892532348633 0.03736233711242676
22 1086 129 128 0.02435588836669922 0.09363985061645508
22 543 97 93 0.016635417938232422 0.029214143753051758
22 753 125 123 0.023312807083129883 0.05764436721801758
22 1000 114 111 0.02041935920715332 0.06394648551940918
22 1052 120 116 0.022389650344848633 0.07643294334411621
22 683 114 110 0.020719051361083984 0.04804086685180664
22 954 118 114 0.022143125534057617 0.07022452354431152
22 828 125 122 0.023532390594482422 0.05692243576049805
22 408 99 95 0.018268346786499023 0.02479100227355957
22 570 111 107 0.019816875457763672 0.037454843521118164
23 1086 129 128 0.024604320526123047 0.09422707557678223
23 543 97 93 0.017230510711669922 0.03125643730163574
23 753 125 123 0.023675203323364258 0.057687997817993164
23 1000 114 111 0.020789623260498047 0.13282346725463867
23 1052 120 116 0.02251720428466797 0.07579350471496582
23 683 114 110 0.02068042755126953 0.04718136787414551
23 954 118 114 0.022567272186279297 0.06802701950073242
23 828 125 122 0.023908376693725586 0.056954145431518555
23 408 99 95 0.017399311065673828 0.02369856834411621
23 570 111 107 0.019401073455810547 0.034705400466918945
24 1086 129 128 0.024819135665893555 0.08622908592224121
24 543 97 93 0.0167696475982666 0.029590129852294922
24 753 125 123 0.023741722106933594 0.05747532844543457
24 1000 114 111 0.02072000503540039 0.06375765800476074
24 1052 120 116 0.022437572479248047 0.07644987106323242
24 683 114 110 0.020755290985107422 0.047454833984375
24 954 118 114 0.02267599105834961 0.07115793228149414
24 828 125 122 0.023232221603393555 0.056282758712768555
24 408 99 95 0.017475366592407227 0.024852275848388672
24 570 111 107 0.019591569900512695 0.036630868911743164
25 1086 129 128 0.024840354919433594 0.08967232704162598
25 543 97 93 0.016576290130615234 0.028992176055908203
25 753 125 123 0.023307085037231445 0.057077884674072266
25 1000 114 111 0.021044492721557617 0.06426072120666504
25 1052 120 116 0.022112369537353516 0.07596611976623535
25 683 114 110 0.02089095115661621 0.046042442321777344
25 954 118 114 0.025815248489379883 0.06764006614685059
25 828 125 122 0.023838520050048828 0.05622720718383789
25 408 99 95 0.01716017723083496 0.023684263229370117
25 570 111 107 0.019551515579223633 0.03585195541381836
26 1086 129 128 0.02427387237548828 0.08566451072692871
26 543 97 93 0.016765832901000977 0.030517578125
26 753 125 123 0.023438453674316406 0.05721759796142578
26 1000 114 111 0.020641803741455078 0.06359362602233887
26 1052 120 116 0.02293872833251953 0.07682681083679199
26 683 114 110 0.020809173583984375 0.04787445068359375
26 954 118 114 0.0219118595123291 0.07076096534729004
26 828 125 122 0.024555683135986328 0.05749392509460449
26 408 99 95 0.01733088493347168 0.02511286735534668
26 570 111 107 0.019542455673217773 0.03690385818481445
27 1086 129 128 0.02434372901916504 0.0895695686340332
27 543 97 93 0.017135143280029297 0.031105995178222656
27 753 125 123 0.023499727249145508 0.05800318717956543
27 1000 114 111 0.020642518997192383 0.06376862525939941
27 1052 120 116 0.022463321685791016 0.07533740997314453
27 683 114 110 0.020727872848510742 0.04912424087524414
27 954 118 114 0.022698402404785156 0.06980180740356445
27 828 125 122 0.02348613739013672 0.0561373233795166
27 408 99 95 0.017298221588134766 0.025529146194458008
27 570 111 107 0.019975662231445312 0.03693413734436035
28 1086 129 128 0.024480819702148438 0.0903472900390625
28 543 97 93 0.016511201858520508 0.029526710510253906
28 753 125 123 0.02393651008605957 0.05815243721008301
28 1000 114 111 0.020715713500976562 0.06351041793823242
28 1052 120 116 0.022397279739379883 0.07579803466796875
28 683 114 110 0.020750761032104492 0.047257184982299805
28 954 118 114 0.02243661880493164 0.07000970840454102
28 828 125 122 0.023723363876342773 0.05616450309753418
28 408 99 95 0.017263412475585938 0.0251312255859375
28 570 111 107 0.01960277557373047 0.03704333305358887
29 1086 129 128 0.024376869201660156 0.08949446678161621
29 543 97 93 0.016773462295532227 0.02987194061279297
29 753 125 123 0.023447036743164062 0.05718660354614258
29 1000 114 111 0.02096390724182129 0.06280374526977539
29 1052 120 116 0.022401094436645508 0.0745384693145752
29 683 114 110 0.020713090896606445 0.047150611877441406
29 954 118 114 0.02321314811706543 0.0697474479675293
29 828 125 122 0.023371458053588867 0.05563092231750488
29 408 99 95 0.017091035842895508 0.025250673294067383
29 570 111 107 0.01962876319885254 0.03729820251464844
30 1086 129 128 0.024408340454101562 0.08903384208679199
30 543 97 93 0.016875505447387695 0.02935338020324707
30 753 125 123 0.023448705673217773 0.05743241310119629
30 1000 114 111 0.021414518356323242 0.0645456314086914
30 1052 120 116 0.02223944664001465 0.0753169059753418
30 683 114 110 0.020832538604736328 0.048041582107543945
30 954 118 114 0.022209644317626953 0.06960248947143555
30 828 125 122 0.02371954917907715 0.0571138858795166
30 408 99 95 0.017298460006713867 0.024783611297607422
30 570 111 107 0.01962876319885254 0.037069082260131836
31 1086 129 128 0.024209022521972656 0.08903837203979492
31 543 97 93 0.016777515411376953 0.03026103973388672
31 753 125 123 0.02342057228088379 0.05719614028930664
31 1000 114 111 0.02075815200805664 0.06376242637634277
31 1052 120 116 0.022492170333862305 0.07781481742858887
31 683 114 110 0.02093195915222168 0.049742937088012695
31 954 118 114 0.0237884521484375 0.07086062431335449
31 828 125 122 0.023799896240234375 0.05596113204956055
31 408 99 95 0.017319440841674805 0.025102853775024414
31 570 111 107 0.019521236419677734 0.03650069236755371
32 1086 129 128 0.024152040481567383 0.09066963195800781
32 543 97 93 0.0168764591217041 0.029628276824951172
32 753 125 123 0.02335810661315918 0.05732321739196777
32 1000 114 111 0.020618915557861328 0.06336236000061035
32 1052 120 116 0.022212982177734375 0.07527828216552734
32 683 114 110 0.026150941848754883 0.06011009216308594
32 954 118 114 0.0301361083984375 0.0842595100402832
32 828 125 122 0.029016733169555664 0.0672297477722168
32 408 99 95 0.020132780075073242 0.028740406036376953
32 570 111 107 0.022751331329345703 0.04074525833129883
33 1086 129 128 0.026792526245117188 0.09634113311767578
33 543 97 93 0.02087879180908203 0.036139488220214844
33 753 125 123 0.028644323348999023 0.06548905372619629
33 1000 114 111 0.024216651916503906 0.07221317291259766
33 1052 120 116 0.02608323097229004 0.08838939666748047
33 683 114 110 0.025780439376831055 0.055153846740722656
33 954 118 114 0.024984359741210938 0.08123898506164551
33 828 125 122 0.02754998207092285 0.06639647483825684
33 408 99 95 0.019880056381225586 0.0293886661529541
33 570 111 107 0.02278280258178711 0.043122291564941406
34 1086 129 128 0.03066396713256836 0.10408687591552734
34 543 97 93 0.020615100860595703 0.03528165817260742
34 753 125 123 0.029709815979003906 0.06585550308227539
34 1000 114 111 0.024953126907348633 0.07378649711608887
34 1052 120 116 0.026957988739013672 0.08726143836975098
