1 232.0 0.05029126459631181 0.05375206290638349 1542941.8699487268 0.05029126459631181 1542941.8699487268 0.08382691839504738 0.10602486822280262 0.08382684348917392 0.10598535654587303 0.050291264596313744 0.05375206290638502
10 13449.0 0.05105478808309129 0.05523791640830439 1549264.1902486642 0.049113138885123586 3097030.0684991674 0.08330662041602763 0.10134754856671689 0.0836539175995556 0.10404947462557289 0.050530531744016324 0.053088240117024954
20 31102.0 0.05117974438277817 0.0552597725918433 1578070.3754426627 0.048642491123046784 4675989.185904313 0.08297220765173362 0.09999387549096898 0.08333590019103149 0.10220710318901693 0.05035079517358202 0.05144971213274735
30 45945.0 0.05141328725266312 0.05601425226515341 1578842.5668388177 0.04827722629974037 6256648.163349922 0.08310722236348057 0.09970926794495819 0.08320621949139416 0.10139414184220671 0.05025056061665666 0.05113442871375266
40 61353.0 0.05176741743427278 0.057431095311684215 1577937.2156926235 0.04834504364547292 7835005.435494342 0.08219666348273998 0.09949913011614873 0.08315679938066621 0.10092605075758371 0.05054074221854097 0.051782492651793265
50 72675.0 0.052386533118240125 0.06758040674273501 1548868.3567686046 0.04830014283428857 9384241.946253082 0.0817340887777754 0.10174146855158303 0.08290309989349573 0.10100382647405887 0.05095643539041399 0.058501441947278805
60 83654.0 0.057782912943217475 0.07130574693469657 1171439.734310557 0.04688957486397933 10899786.429106582 0.08068360264174812 0.10147231978087883 0.08270554379666377 0.1010936469980548 0.05519232492416535 0.06157433805130825
70 97577.0 0.058073299626258124 0.07210841549221236 1168936.3524468462 0.04584262963306369 12355464.862099899 0.08075774535146722 0.10365030164286376 0.08242446145207086 0.10128581645828795 0.054490389320406986 0.06192998903039439
80 117039.0 0.05928522740582083 0.07210939140687238 1106647.7942128545 0.04527759880781634 13630279.124859588 0.07965536757103447 0.10364934140007093 0.08210884846797528 0.10157762889298748 0.05486827247985728 0.061931336746100504
90 133159.0 0.05972712193742748 0.07253358421663454 1098034.0087439998 0.04477314661472497 14892205.847227925 0.08004084324822108 0.10363198947862477 0.08186774988329372 0.10180489625163038 0.05450740264497089 0.062084485659630505
100 151651.0 0.05981967148598143 0.07263069161447866 1129682.1336125997 0.04437075928449118 16149826.794503264 0.07965324169855044 0.10396102437074284 0.08167821182855471 0.10201325829471643 0.054209193580991445 0.062129403569545966
110 164185.0 0.059821627079185744 0.07274041631828329 1149902.7068406844 0.04403466127669062 17405850.79105138 0.07959219611543218 0.10399379788753048 0.081493643652742 0.10219160837984745 0.05386006628963046 0.06217067165196327
120 182003.0 0.05996992237675666 0.07320063758635252 1149450.5835435768 0.04375209305385922 18647214.396655176 0.0795966486558427 0.10407504870015716 0.08133671889276836 0.10234460338751236 0.053468835816584445 0.062099851925030404
130 199187.0 0.06040038787868474 0.08167903288760796 1141277.8861061123 0.0433560778818307 19943158.104578078 0.08079782533072462 0.1097365159752375 0.0812420766122032 0.10287733966296354 0.05342851310395097 0.06776519455833234
140 213877.0 0.06407228851225531 0.08417340040164117 959204.3939000353 0.04315300194375411 21007450.91352719 0.08200245373340544 0.11046141388554977 0.08124974462087262 0.10338857167859983 0.05495670789957874 0.06937978620529989
150 231170.0 0.06414280472360918 0.08452981991271287 960993.0153703438 0.042996454095509506 22049411.426629044 0.08131263580516639 0.11005869974853169 0.08127034451569257 0.10383188742976159 0.05482868177319041 0.07003236290931852
160 241189.0 0.0642202211880572 0.08474812380586359 966531.2939772657 0.0428657342700175 23083323.193967104 0.08132177605986865 0.10992608337961834 0.08127299432883615 0.10422028443383956 0.054717164034998364 0.07021401128666037
170 250599.0 0.06424159244457643 0.08484136212280578 968993.7409710446 0.04274887838105438 24112982.264281437 0.08132491775903784 0.10991714903307968 0.08127598290223702 0.10455387279543278 0.05457746974377227 0.07030965226145779
180 265758.0 0.06485037021056678 0.0951602796263638 982864.1367699398 0.042663693179862024 25138184.105116505 0.08230074371859132 0.11564043444233546 0.08133051368360232 0.1051664581445091 0.05470921431149507 0.07568490674839949
190 288344.0 0.06851596380635898 0.09590048515068599 844557.0300790683 0.04301165134231981 25830144.088238973 0.08299953964288367 0.11501361459827976 0.08140346050021165 0.10570819978876324 0.057638257550167875 0.07649027555992595
200 301494.0 0.06879533761328481 0.09614791356971994 843215.4965897276 0.043326981078266866 26538088.38018028 0.08276135632168867 0.11493924556859271 0.08148303668714384 0.10617098009033041 0.05777669179428353 0.07705542126464521
210 328079.0 0.07170386794438346 0.09872018925509 755102.6876522002 0.043733129362274276 27094408.65543214 0.08364443579129982 0.11448372609085122 0.08154930525127065 0.10659804956491042 0.05965985652146691 0.07832637268192533
220 345091.0 0.07187043739460583 0.10203064692466433 754404.7934434515 0.04420343354187799 27656533.90481978 0.08380190737010994 0.11455725646914576 0.08164512423099984 0.10695558896725865 0.05990966710676609 0.08145046019105645
230 367625.0 0.07295506889469722 0.10213561304521653 738150.2589676693 0.044293392820330874 28335060.782749664 0.08382297607187844 0.11508367360980473 0.0817385468956465 0.10728930601410834 0.05997868535426506 0.08170489678181236
240 378209.0 0.07336979329179791 0.10924153176411636 763703.8942144 0.044374273229603384 29048960.565466836 0.08389464787398145 0.12311146980213022 0.08182694618327199 0.10797311036060467 0.06013272077892425 0.08358537357497425
250 389305.0 0.07350395340280759 0.10970777413196461 764874.3437394608 0.04442079773800867 29784438.02814505 0.08375456461002884 0.12312223504605567 0.08190898907241811 0.1085766440553854 0.06020801886806855 0.08393789076994827
260 401417.0 0.07706638911315287 0.11102037726621834 668607.0940448003 0.04453138794158937 30370025.289519012 0.08437552863688894 0.12265213957605489 0.08200396393436712 0.10912756042368027 0.06138072655851066 0.08518641952564686
270 413726.0 0.07749447114640495 0.1142056592379166 660573.7868480908 0.0447982486893845 30864200.03476712 0.08297734402677272 0.12299369739451936 0.08204767024198774 0.10961496500119758 0.06180082360075932 0.08776666725721305
280 439589.0 0.07862858509598439 0.11523414738582494 634079.7038667998 0.0451252583538521 31302038.886843074 0.08391151342343399 0.12366363648459279 0.0821102183876238 0.11011052594632947 0.06232469910924973 0.08844484395103319
290 447779.0 0.07984195222567553 0.11531871321217749 621370.6046189379 0.04549208397650485 31718306.777857408 0.08392697315861121 0.12365970001762565 0.08217237191688469 0.11057694885157612 0.06354487031367588 0.08880326294884752
300 461926.0 0.08263008636962085 0.11538625952189274 562818.3870689096 0.04587627320006929 32030912.502289724 0.08499435560559458 0.12269191949685375 0.08224092651533366 0.11099413407303116 0.06502121508189992 0.08909454409427359
310 477878.0 0.08311627145013487 0.11645144774611602 561045.9810693198 0.0462654449160322 32353976.40229744 0.08489241873145183 0.12073647899767932 0.08232886149762551 0.11136100558834773 0.06551965257599172 0.08983513221168053
320 490304.0 0.08394568389997041 0.1165811804776892 551775.8554585964 0.04662813481716165 32680002.792768545 0.08347787190178811 0.11980917422200958 0.08239925093990949 0.11164730402699986 0.06609877763144995 0.09003284261166725
330 497641.0 0.0840316032919748 0.11681658221576648 556911.1862214584 0.04668127285496765 33190758.098122448 0.08338371678739134 0.11968683425006132 0.08243013249517081 0.11189120066913699 0.06620871597328111 0.09027313020902984
340 511794.0 0.0840509031302247 0.12297661544687992 570237.8532685265 0.04673228510296393 33718462.58220958 0.08338852472660832 0.12024481590209915 0.08245812478884586 0.1121301566167608 0.06630126188066454 0.09215837760415468
350 534123.0 0.08451181242810084 0.13802942654412031 565861.449753945 0.04674910105758585 34269652.21235167 0.08327410526678779 0.12250710616185435 0.08248394949284629 0.11240764016501234 0.06647792180849896 0.09991238828270134
360 546428.0 0.0851719134783923 0.13923928197083968 555605.6866179187 0.0467652328754242 34810820.92797266 0.08319704946953788 0.12251624147184295 0.08250445191157135 0.11268602864372505 0.06703610261095963 0.10079663093405346
370 567912.0 0.08711375374778851 0.14068348243164386 521102.9422390434 0.046738563987311146 35359121.98609307 0.08326614786215475 0.12221911461064963 0.08252225990353208 0.11294767945837993 0.0680327613276438 0.10183211898374912
380 584297.0 0.08739901606425907 0.14204395929518593 540063.0463890947 0.046707728321538126 35929495.11853574 0.08305210000136296 0.12213505219212928 0.08253685516785018 0.113189222840862 0.06818273329751107 0.10297245243374567
390 601881.0 0.08752980875192509 0.14214557035973746 537996.0208312798 0.04667861607016947 36496322.16296408 0.08304209950994053 0.12211253935713401 0.08254594718130574 0.11341789670004755 0.06817096016923092 0.10327377635801488
400 621867.0 0.08760011588303097 0.14257985588602196 538917.5846628156 0.04688988097897448 36891563.97391499 0.08616916899509118 0.11768557228430396 0.08256381688730265 0.11358425373576068 0.06825565947877217 0.10363628987817648
410 639213.0 0.09338745323187951 0.1452057775009739 453715.9429157936 0.04701944358921709 37213402.051852375 0.08579924646124654 0.11672901942364108 0.08264513661979178 0.1136772684838185 0.0697780023852991 0.10438510457052222
420 651892.0 0.09356170105771204 0.14596441544010297 452589.0082590321 0.04720250268315718 37494353.62441428 0.08698539359477186 0.11750429346940933 0.0827397635716555 0.11376275136700997 0.07003294164124861 0.1053661331123831
430 662691.0 0.09512068619044993 0.14744637816506118 432851.69436313177 0.04738397533391401 37749588.900623225 0.08698181644262759 0.11481432580919654 0.0828382017572522 0.11380594773558783 0.07148409611734242 0.10724287727734123
440 672418.0 0.09530982523523689 0.14797265934691844 432323.5933734338 0.04735493715881061 38217195.38844268 0.0872790198737539 0.11448791771820176 0.08293784140103201 0.11382517744408686 0.07166034862749554 0.10746204040872083
450 692537.0 0.09559266252400724 0.14831428580417844 434255.82669384143 0.04733322648692891 38677615.96303271 0.08727748400620593 0.1140172361488461 0.08303396486346801 0.11383679053377796 0.0718911675645752 0.10762323402159016
460 712903.0 0.09816832283315632 0.14952262855535645 405161.2988807327 0.04730451274398133 39120097.78688961 0.08822558535624715 0.11503676163050493 0.08313922835547621 0.11385037987536835 0.0728622000638957 0.10786832745238324
470 723202.0 0.09881600399683822 0.15045115723190206 399272.2366487601 0.04743408087670103 39374515.129271746 0.08975382391888813 0.11507468805912045 0.08326992902086547 0.11387611167116476 0.07336718278077485 0.10794560268380313
480 741049.0 0.10580648579195201 0.1507008466239261 327934.667490826 0.047630484763435135 39453907.654895134 0.09166671018939314 0.11518620892612445 0.08341561557559744 0.11390109001806646 0.07646776661565736 0.10806146388076836
490 758516.0 0.10586907964099225 0.1507099685422848 331267.9066879475 0.04781948657879889 39552050.537374124 0.09165946651540251 0.11519009933760867 0.08358308291922752 0.11392731437837172 0.07674517000308044 0.1080973686309712
500 775735.0 0.10875017355226024 0.15263631779657305 309408.8094556855 0.04797883794977101 39650508.32418813 0.0917106869806406 0.11410755756830973 0.08374205868811833 0.11394383135201958 0.07758834988795735 0.10764236145401279
510 785080.0 0.10893477468628995 0.15268854561580017 310984.57505560294 0.04810567816091104 39792332.58577482 0.09171892089489819 0.1140613000251494 0.08389821506204247 0.11394663104338558 0.07784082216963491 0.1076699774077939
520 799622.0 0.10948534673226369 0.1533870586245759 306719.65946878854 0.04826005496726492 39898974.46445724 0.09082040217956353 0.11381220534389058 0.08404125075622297 0.11394436100446607 0.0783941046076128 0.1080901957010643
530 811954.0 0.11006247389088714 0.1535274040454288 304604.68745260715 0.04840880465868765 40011900.084311046 0.09078771996122084 0.11376418657728335 0.0841684149375465 0.11394119089107958 0.07856463858007194 0.10816439444515463
540 829332.0 0.11015245731535156 0.15601818294485667 311492.0069275493 0.04851054974498004 40190909.07278237 0.09056806985930764 0.11195473453741485 0.08428877952276194 0.1139121116458046 0.0787480921481979 0.10833716075762556
550 843194.0 0.1110105268273093 0.15718681501010034 305606.2261497214 0.04856743283429597 40418703.97327593 0.08978133973803817 0.11190020168599102 0.08439276658617345 0.11387579248045149 0.07983679914929585 0.10916841578573647
560 853102.0 0.11431209527705855 0.15848826919266026 281453.3168406956 0.048632821380129226 40606175.92514173 0.09029845474712596 0.11149778383849465 0.08449849990949683 0.11383639636347923 0.08258978950491029 0.10993532493544292
570 865331.0 0.11493192326632537 0.16531256447713016 278610.818143899 0.04864318592530724 40869173.279707246 0.09018511403820312 0.11241119933342712 0.08459834351587185 0.11380474636651543 0.0828804838836566 0.11295253467342431
580 893466.0 0.11494383701190325 0.1653414439294155 278940.4260601548 0.048656920790822684 41127521.72227629 0.09018203467332894 0.11222341840688234 0.08469449180652677 0.11378040322483389 0.08298436949753736 0.11294936717183768
590 907105.0 0.11522505134865862 0.16556760585865635 278336.7178513352 0.04867297089183251 41381844.86230803 0.09008943808978884 0.11026899262005513 0.08478701094680217 0.11375050105114809 0.08323085748727853 0.11297672846576264
600 925472.0 0.11601893840731231 0.16614695927831083 273634.2657362114 0.048745211768137404 41551827.24328939 0.0915367387138665 0.11046409642552613 0.08489210851344825 0.11369490090505993 0.08343313281382385 0.11311342549204649
610 938100.0 0.11603772098615789 0.16621238053549547 274656.6809675463 7.225416814220951e+74 64587644796.2454 0.09155381163162649 0.10940925761610744 0.08500084949843213 0.11362583805607117 0.08354627399362138 0.11305451229837546
620 949621.0 0.11638439581433264 0.1666346096093086 275147.0322889798 7.110727658439666e+74 67763293291.7924 0.09164126100103483 0.10954376085011627 0.08510720728761861 0.11355923578063354 0.08389680786009078 0.11327380737912435
630 971867.0 0.11772909800950433 0.1684881785507212 267103.05095645605 6.999622538776546e+74 71041365774.69826 0.0912739097543502 0.10975844724525137 0.08520827533404643 0.11349778813392888 0.08452836615781996 0.11348205204091348
640 998203.0 0.11919319722176837 0.16851065638162144 258626.3003108024 6.891936038179983e+74 74423487904.6544 0.09017293317014011 0.10975928417398764 0.08528221074128989 0.11343944936466022 0.08527093464902458 0.11344521039652564
