1 5618.0 0.0804772223255572 0.07889711866637385 357319.19035129616 0.0804772223255572 357319.19035129616 0.14329074424189203 0.13118168206297331 0.14329074424189203 0.13118168206297331 0.0804772223255591 0.07889711866637382
10 22741.0 0.08049423827351142 0.0789109884573981 357362.424888117 0.0804772223255572 714681.6152394132 0.14329074424189084 0.13118168206297287 0.1432907442418915 0.13118168206297295 0.08048553266723919 0.07890386889587243
20 48177.0 0.08057929488553314 0.07892457658718909 357050.45516907907 0.07884257891399098 1074472.4211233596 0.1432691064622573 0.13119082029650805 0.14329490447098261 0.13118331830510432 0.08050446426332107 0.07891019099823945
30 60130.0 0.08109923096760017 0.07981425160384323 351772.9074004386 0.07812970510472408 1427803.961217584 0.1432738898054775 0.1311990055596045 0.14328722234978966 0.13118688112772572 0.08090628686297034 0.07971160780166109
40 80421.0 0.08292829901092029 0.08424834150269817 330635.0531161787 0.07733400190593256 1763752.2928490702 0.1432362277296762 0.13293712843757316 0.14328369706875752 0.1314925055866685 0.0821153945342128 0.08294478682479942
50 93111.0 0.0831436925057695 0.08436455446664555 328821.2566363738 0.07681462118749592 2096324.9063291545 0.14326091719219414 0.13304469349019515 0.14327874250114717 0.1317947469162995 0.08230235924722391 0.08324214516670805
60 111580.0 0.08411416950001813 0.08478344108268371 317890.30590541573 0.07642051483991537 2418179.1935310587 0.14347015144374164 0.13317571437009118 0.14329297066783908 0.13201039560709354 0.08292813461787153 0.08363539125686437
70 128927.0 0.08907251097288003 0.08493337391118999 271000.1643551856 0.07672358296323821 2683765.1730058235 0.1447906877984565 0.13242475546217203 0.14340659882017512 0.13218569434339902 0.08680159586907088 0.08385730793350032
80 136065.0 0.09003654229760834 0.0852031632401296 263600.9260687649 0.07709612809481332 2940439.605823243 0.1434487734715381 0.1323733271555782 0.1434780060931849 0.13221138963511114 0.0879190894650476 0.0841990200867219
90 144670.0 0.09167150248143219 0.08695916330242262 249730.85527718088 0.07744783707528911 3182209.4417862464 0.14223663736042924 0.13276806883083384 0.1433768013072873 0.13225653767317433 0.08916380416778469 0.0852275051585634
100 163338.0 0.09284497936455406 0.08801128715705091 242618.6731074858 0.07814337056199085 3411337.595255043 0.13909544633135387 0.13408839375176673 0.14323350054712639 0.13232834035599203 0.08990870038209987 0.08600259534584798
110 176422.0 0.10410044232528191 0.09053444335974857 182339.01667650993 0.07869361076532948 3568124.376042412 0.13673432869118549 0.13875537681870814 0.14260943726589964 0.13290551867982792 0.09623893704922196 0.08744495571337536
120 194007.0 0.10594113393962613 0.09431284161121589 173281.33266343758 0.07923956564704955 3714907.856328222 0.1365791132142687 0.13860007564944707 0.14211337269844163 0.13338325449902708 0.097387867963811 0.09022130927962416
130 211950.0 0.10887713959394897 0.09520522483990604 160634.39174435267 0.07928889379252245 3872560.1300909854 0.1360639220822507 0.13920800747568993 0.14168575508605696 0.13381562920547602 0.09915819993222139 0.09148191318558592
140 222783.0 0.10893136401573063 0.09529966848403607 160455.28638176044 0.07878278809529166 4068348.5344964447 0.12945218952494167 0.13897483877804717 0.14114782119936878 0.13419369274650558 0.09909635076660801 0.09156681631170198
150 241251.0 0.1115967551374459 0.0973338631488118 150350.52080116275 0.07845866330493476 4242903.772256517 0.12997400068177237 0.13869790819003178 0.1404044737602762 0.13449207667913077 0.10086405438717828 0.09307042557036488
160 256387.0 0.11201925450927984 0.0977226386937711 149259.83799883228 0.07822884531896554 4409474.883493038 0.1301839837682519 0.13909203227875433 0.13976187984459945 0.13476315131957645 0.10104100769226658 0.09342043490486726
170 268372.0 0.1260705356102437 0.09901658647862088 106640.5384255162 0.07811641013956686 4527470.849051875 0.13226153193073037 0.13981304877123577 0.13931319625943403 0.13505685118213726 0.11374200994834711 0.09472005087914376
180 282898.0 0.12824663031291306 0.10132288138750348 101958.93982771384 0.07809628822544179 4631505.070197832 0.13374384328081518 0.14012287918018518 0.13894489822932563 0.13532686822307075 0.115054041759031 0.09662757567515694
190 300560.0 0.12876288495260607 0.1057964254605659 101634.84442631036 0.07800622582104702 4742595.402580731 0.13376656557151934 0.1380217405954285 0.13867478755425233 0.13553607161304151 0.11509575720720217 0.09957193241400086
200 321748.0 0.13112432956069292 0.10692645548663657 96495.38412124182 0.07775235084916034 4867801.518989107 0.13357449489221926 0.13802266621851123 0.1384278077735085 0.13565975212209297 0.11604538228862442 0.10052316878278632
210 326806.0 0.13116699343695687 0.10693769215198377 96438.040467512 0.07752155542017246 4990681.211201558 0.13357448530366012 0.13802257828233797 0.13819779271779478 0.13577173648836469 0.11583938155719682 0.10045146616577381
220 345806.0 0.1313895373405076 0.10710000016371281 96024.13168079696 0.07731082915892264 5111196.85195614 0.13315372106448656 0.13773252080456605 0.13798412684591713 0.13587727961656673 0.11572027200867906 0.10042027104886503
230 359531.0 0.13277971396617225 0.1072616004055628 93895.82657221894 0.07715161815839512 5223926.350472435 0.13315372106448653 0.13773252080456674 0.13777501837053055 0.13595759308790867 0.11622289640965813 0.10043105897730821
240 372969.0 0.1328416865046491 0.10730100814743478 93892.88775891022 0.0769759465012697 5338921.723227192 0.13286302625385826 0.13774226252436805 0.1375748198778549 0.1360315244953991 0.11605408234847231 0.10037786955492099
250 382310.0 0.1329457084676395 0.10743705013536398 94215.31498152194 0.07681378804853854 5452741.081765546 0.13273304382977116 0.1374184020966968 0.13738502758328786 0.13609452026663027 0.11589570784577798 0.10036353111209806
260 395396.0 0.13305494987713357 0.10893293941487148 95165.28610980729 0.07671110776976821 5560154.167133474 0.13265256208026474 0.13599443144977963 0.13720476855306418 0.136104016754753 0.1158109064126322 0.10116897439914008
270 413141.0 0.13386460778528156 0.1093275136725235 95599.9623439787 0.07650625467776151 5681080.432663639 0.13211320562217307 0.13594599257779433 0.13702389823480568 0.13609834115352865 0.11603907210208479 0.1013111441852337
280 425156.0 0.13731325172634773 0.11118992739654476 89174.66481922951 0.07628700968561161 5799321.210234075 0.13271193764828382 0.13383464113061727 0.13688254415877812 0.1360289156431209 0.11795525460954183 0.10226786082832709
290 435529.0 0.13746380132852778 0.11127806930240862 88976.84507586474 0.07606753627640837 5917903.268031248 0.1325858357034644 0.13339588316607784 0.13673658918532586 0.13594439961960403 0.11781406555637833 0.10212932186909607
300 451116.0 0.1374690310064519 0.11128131391915062 89032.68721119915 0.07586222244199245 6034934.9628948765 0.13258583570346322 0.13339588316607726 0.1365986903985531 0.13585973129888873 0.11764510723670782 0.10198912624696516
310 469878.0 0.13753075857954195 0.11135865042923848 88969.15949350489 0.07566974072222754 6150448.336367651 0.13258011248687596 0.133395625353145 0.13646964129833608 0.13578050705727757 0.11751468590510956 0.10188458732686209
320 481113.0 0.1375728294193536 0.11137548426686099 89086.5325742353 0.0754887547630766 6264721.840961406 0.13287569221235096 0.13370325767086838 0.13635123467109447 0.13570908687243832 0.11736392675467758 0.10178420539231706
330 494061.0 0.13762237753510903 0.11140631973070926 89599.59141848859 0.07531938315240025 6378001.455386666 0.1328513873639103 0.13363515837202203 0.1362456197375804 0.13564768609671343 0.11726571480463675 0.10168962010660577
340 512639.0 0.1376704839510685 0.11147490456453756 91088.20605967173 0.07515771317370731 6491609.317105465 0.13231168563048049 0.13467205258966 0.13614445743678696 0.13559166473079215 0.11715252720728755 0.10160297249079003
350 529832.0 0.1389660541022975 0.11773001619423704 89912.39461438813 0.07495321172635808 6611195.337272616 0.13294732079652266 0.13615630155650837 0.13604494208681042 0.13559961272827684 0.11828924961965778 0.10679418127744092
360 544563.0 0.14008316466745208 0.11774485847744799 87794.23165594757 0.07476390964308786 6727233.052238045 0.13294731689880687 0.13615583925482289 0.13595913531649298 0.13561502322652855 0.11864583478524451 0.10671161932711486
370 567834.0 0.14008703770531272 0.11774729967632579 87967.50895738124 0.0745845708273582 6842186.1263989005 0.13269698483982162 0.13699432000957099 0.13587103808973444 0.13563159103778616 0.11853116793085662 0.10662651365440287
380 591424.0 0.14082463632166545 0.12198589550340624 87083.99241847762 0.07439481628761284 6958586.082470679 0.13270190858431608 0.13735214736752396 0.1357877942215543 0.1356720540994859 0.11875849949691535 0.10872501597576678
390 615064.0 0.14084832868225283 0.122032510754882 87102.2694111322 0.07421454947485473 7073818.642116738 0.1327018850836161 0.13735204866426365 0.13570887083439825 0.1357150212172718 0.1186764987948302 0.1086928088698231
400 632432.0 0.1450028502001218 0.13141652371957468 80265.23330872896 0.07409911819732863 7172966.659547647 0.13234755489344702 0.13809795887994844 0.13563146037939144 0.13576759696918408 0.12094131357453491 0.11412991402328596
410 643597.0 0.1450082825336162 0.13141962866272328 80303.69886082651 0.07398827569021361 7271515.476052619 0.13234984763066585 0.1381952737513002 0.13555158266776485 0.13582526311584833 0.12088079621084892 0.11414381182314297
420 655103.0 0.14555079391182524 0.13151647405730973 80781.25077953453 0.07388774162594669 7368823.979571456 0.13221229172383325 0.13714032730409367 0.13547116093197026 0.13586727832891043 0.12119515392542263 0.11417340598279584
430 675179.0 0.14570674959533925 0.13154302054791162 80541.05291303892 0.07379191237821277 7465240.5688274475 0.13222717941568907 0.1370673136021812 0.13539565274807833 0.13589630769322644 0.12117830984494252 0.114168444047019
440 694108.0 0.15061791186131487 0.1362323076377792 72886.44598797544 0.0738263343507129 7532306.144159152 0.13323092642229567 0.1385580759005838 0.13535396162521796 0.13595815888569704 0.12316883946179838 0.11675303320832031
450 708262.0 0.15072446144993726 0.1398460650166544 72771.47552110664 0.07387485406260033 7596943.115612324 0.13317702798045336 0.13882483932713868 0.13530591812203457 0.13602053858670982 0.12313709742398649 0.11815481789377552
460 720608.0 0.15075122303892904 0.13986769184447023 72864.63469812507 0.07392130910589682 7662047.508410589 0.13317712245205443 0.1388424557514948 0.1352597384974267 0.13608140761887602 0.12313621261774292 0.11818616403819063
470 732493.0 0.1549787506781506 0.14160995829320766 67680.62001381711 0.07374275797780365 7764669.116936914 0.13442102056890837 0.13909157938356648 0.13522354328359867 0.1361403791097826 0.12373450927692851 0.11905619589564921
480 745444.0 0.15505026184799886 0.1418489491433764 67604.18221908648 0.07357697471245972 7864975.488739945 0.13464963375930716 0.1390593289715244 0.13520876421513534 0.13620162655669996 0.12377896389657725 0.11925080161040531
490 763383.0 0.15628435695486456 0.1510348309147 66181.24082185705 0.07344055153721529 7958383.848863872 0.13384597216595065 0.13663240804990157 0.1351842075484161 0.13622020770261617 0.12390537447707517 0.12500855823550117
500 772097.0 0.15629011075045374 0.15105018227180791 66393.55936451154 0.07330947829041183 8051079.055821319 0.13385053715810502 0.13743687506109423 0.1351575707400828 0.13624128480806974 0.12390714930463788 0.12503147242884233
510 782894.0 0.15748753726397877 0.153930566970376 65074.26503020998 0.07320617435448727 8137065.933613178 0.1339111245614259 0.1375852946301271 0.13513294131426434 0.1362670054716363 0.1250702572562602 0.12802500425791372
520 795116.0 0.15756456332567012 0.16244792073706232 65216.581339514494 0.07311342746563067 8221075.437977743 0.1328810165183843 0.13834380327361248 0.13510771468212396 0.13632063711689585 0.12520291222290156 0.13153247671554347
530 815889.0 0.15763358139017744 0.16254938112267148 65251.68613992195 0.07292020465113135 8327708.794306882 0.1327116879680349 0.1383601587593062 0.13506418619928193 0.13635889218091782 0.12521039321472374 0.13161370773048495
540 832722.0 0.1657284146452179 0.16420219271755304 57689.317326986435 0.07281107504993806 8409810.016572705 0.13334593960221783 0.13806451675631737 0.1350384981364118 0.1363956998562978 0.13059766712024892 0.13275430862430135
550 843831.0 0.16608207099216046 0.16586539504377862 57500.67038402793 0.07270523745643698 8491175.228908857 0.13334519084021607 0.1381203621894624 0.13500776032972767 0.13642643524598588 0.1305921245034717 0.1330984753209846
560 862820.0 0.16609616997269183 0.1658787556956929 57545.23937936652 0.07260277544040034 8571951.718597647 0.13289185809184523 0.13811827053166412 0.1349700437173631 0.13645659290110743 0.1305546882946985 0.13313238007430506
570 879894.0 0.1661355634243045 0.16589475336388143 57524.87394421803 0.0725038530315502 8652035.758610914 0.13286941222735962 0.13788070659317314 0.1349334516235319 0.13648361384088525 0.13055638806185818 0.13316687303271824
580 890898.0 0.1662856045945535 0.1659875807100378 57702.35878408596 0.07240772797671709 8731746.402853314 0.13224597238105762 0.13786340520388282 0.13489359707562315 0.13650754621152064 0.13054438339980673 0.13319267941285795
590 904836.0 0.16649310167443723 0.166338864054087 57492.05779928262 0.07231489314830936 8810649.021966403 0.13189616120622746 0.13759664493128632 0.13484821071957598 0.13653003448089657 0.13059085148721997 0.13336540392304352
600 926610.0 0.16698107937243084 0.16649776049964926 57253.53055426294 0.07217306896842889 8901721.10048405 0.13168834751092667 0.13741013074489697 0.13479797745044464 0.1365468397051568 0.13073880617214959 0.1334188646044394
610 948597.0 0.16807451132552956 0.1670766136730127 56182.778400914634 0.07206498237506688 8983766.46066022 0.132011401414813 0.13723831452549895 0.1347506537186355 0.13655804379826172 0.1311683835253657 0.13398885333456967
620 960883.0 0.1687223180691139 0.16815032573408936 56727.72591398487 0.07208053009767078 9037012.488763489 0.1301180215145987 0.1355249021221693 0.13468326240295003 0.13654687296284865 0.13155958829216588 0.13449670374567044
630 973350.0 0.17044601594095637 0.1697487873692762 55195.33273217001 0.07210405519660928 9086875.699215418 0.13061458278339347 0.13734303377493412 0.13461807102555248 0.13654676059431484 0.1318543150976737 0.1350787403715993
640 991764.0 0.17050813192400438 0.17203143128037723 55650.39547426871 0.07209673583685773 9144204.258783419 0.12954413476288326 0.13734684073555958 0.13454808525701886 0.13655758981055377 0.13186428093925293 0.13627900668952767
