1 495.0 0.2006399799389353 0.24528731791178807 17408.49792746009 0.2006399799389353 17408.49792746009 0.3789463073091967 0.5033699803116611 0.3794764607046426 0.5035228581897657 0.20063997993893537 0.24528731791178843
10 17320.0 0.20537146417881527 0.25256693340366093 17303.958079536515 0.2001416960779762 34713.71136129915 0.3805263152518682 0.5036145575196881 0.3799562521716155 0.503515336838893 0.20353335736347264 0.2512253675085308
20 42980.0 0.20948496936951158 0.25356567006962094 16494.000497720735 0.19736896973800958 51334.9560384385 0.3796781730487782 0.5049748018691191 0.37964664547992716 0.5038527450311778 0.2047076464824904 0.2521776971242318
30 76469.0 0.22372539863493712 0.2706336570149626 13768.213241609163 0.1985408257816547 64946.462953808375 0.38189902689591376 0.5038925837497579 0.3799984217180493 0.5044995784967964 0.21558462744645474 0.2680001864487957
40 88934.0 0.2272116533231524 0.27148659867596736 13237.126031932785 0.1963239455956469 78681.9249880847 0.37933754383107166 0.5050123970719573 0.3799614775881765 0.5045704546339271 0.21642201408378878 0.2686763650186911
50 112035.0 0.22770503646709175 0.2745846666871668 13253.201860043362 0.19421097080083385 92469.12165016655 0.38280185745969236 0.5058921413844488 0.37973905787035617 0.5048804225630874 0.2159162473753758 0.27068835980741407
60 135970.0 0.24215789259219442 0.27938518920815164 11140.37003659141 0.19406461024194893 103667.20200255797 0.3859042394362312 0.5091387970145054 0.3804081216502561 0.5048626168065958 0.22353931477852332 0.27424872360460867
70 149138.0 0.25180134799857007 0.29309466425537667 10069.332530684052 0.19478030829264326 113400.73131308361 0.38597116748908405 0.5116947141309692 0.3811722576901692 0.5058038485846477 0.23078458062184382 0.28507563862696333
80 164119.0 0.2611403264813212 0.3011659408563834 9430.89822504342 0.19489440348465048 122767.02017293422 0.39248494656526434 0.49211845166755 0.3826736531249337 0.5040769497888484 0.2351183041215371 0.2887186333745811
90 177119.0 0.2611584240338543 0.3012136265594573 9480.160258267584 0.19453127390141897 132461.3814147594 0.39471006172413653 0.49196428941229997 0.3839500874406264 0.5028127218214306 0.23566620955620685 0.2882740981941994
100 200413.0 0.2814512435080669 0.3055932797764013 7955.381075867811 0.19578986245872737 139528.77676560133 0.3979840733823536 0.49184638289846105 0.385212071535009 0.5016690626122131 0.25204185664625584 0.29074230102905657
110 225840.0 0.2863290483586294 0.3155948159136485 7839.280614639259 0.1965124059447684 146835.44507602675 0.4006136233090982 0.49327156831366403 0.38643338210718353 0.5008485142413253 0.2555059523155417 0.2964659877919981
120 238905.0 0.2889648337003124 0.3382709493889288 7799.970227484285 0.19618792537012478 154903.39273431757 0.39765638663026676 0.5146009729238283 0.38751926200079123 0.5007067166452986 0.25674497268487334 0.30347836257509625
130 258902.0 0.29879410088400865 0.3451371230181725 7396.84874332118 0.1963956791295305 162122.69831113063 0.40229137542443266 0.5190980141710057 0.3886025972508981 0.5020240724071277 0.2639290068644919 0.30808455239471244
140 271911.0 0.30006008867589135 0.35151073114076614 7483.500616832989 0.19644871135062028 169561.22371095468 0.4023789183521476 0.513705832475518 0.38957746905310303 0.5028615597328574 0.2648680428716129 0.31791732007977014
150 294132.0 0.31170719602158126 0.36532128287532445 6675.052868425561 0.19706049531670816 175650.99014095566 0.4031987089080853 0.5131192236934409 0.39048347035854347 0.5035470396523789 0.2709903073971081 0.32820152017052284
160 320714.0 0.3130072426506707 0.3678352458675066 6660.373431528037 0.19766373892886 181744.23873121844 0.4025504947890493 0.5118888699389226 0.39128319852772636 0.5041204715263187 0.2720724436716946 0.33073181926798767
170 346207.0 0.3226499960928381 0.3753251197176479 6180.254561482458 0.19844373374270205 187129.46205309033 0.4026036696277342 0.5135109963249179 0.3919444502462073 0.5046513694880533 0.2791635482809104 0.33593319361713303
180 368513.0 0.3382251174125539 0.3924076900669148 5407.914558564919 0.1995939406814232 191208.50146293303 0.40365128498116293 0.5036890197226814 0.3925049834525447 0.505205075440533 0.28959643927490614 0.3418927746615703
190 389316.0 0.36151290090055016 0.3977831120447421 4561.699518498987 0.20015567774276272 194951.48197502486 0.4074873721514203 0.503148878898141 0.39314088878875736 0.5051260127557453 0.2974693860373844 0.3448465910085171
200 402595.0 0.3654614635961596 0.41478525461713206 4472.74678930711 0.2004206892962512 199025.1282776577 0.4050689485801803 0.5063960180588589 0.3938083483292387 0.5051800434622745 0.29890192176991026 0.3520898976784706
210 427140.0 0.38813166862472387 0.43674999345353327 3731.4280090987045 0.20140848852061088 201149.6407699005 0.4080063650480099 0.5054478759103389 0.39433428375187585 0.5052212984419809 0.30679433011826174 0.3649341124734621
220 444510.0 0.3916665712487425 0.451980499833321 3650.867186326209 0.20232156806371174 203317.5719364834 0.40826987809644794 0.5088611583652625 0.3949616454412015 0.5053197800539811 0.3100295019355338 0.3715280422382176
230 466305.0 0.3957738882271941 0.46255657252207416 3577.906780318505 0.20298966296095788 205792.95209400912 0.4087529750950547 0.5081227724315807 0.395530587424269 0.5054777726609705 0.311971086467053 0.37918298595666294
240 489018.0 0.3999464420617227 0.47326375080129546 3606.116592800662 0.20340057916425003 208719.82953360784 0.4067073877447423 0.504857000791314 0.39601772861699225 0.5055016776018857 0.3147686103926734 0.38440463153199256
250 506902.0 0.4029228470342035 0.5045653512845442 3563.037901689841 0.20420806063800764 211007.5418635905 0.4062888932285293 0.5209939505197128 0.3964297073868256 0.5057175414534018 0.31633530203261606 0.3951519010843189
260 536460.0 0.40568264720578795 0.5195472654154385 3524.8420261940037 0.20521462032295915 213000.49548816297 0.406039535320984 0.524545761411811 0.3968025378782914 0.5064497330462804 0.3184888318282866 0.4023074979949649
270 570419.0 0.40638764074136075 0.5366037199083531 3515.1312301658704 0.20608665905250678 215197.31792357878 0.4060875809800144 0.5231888762289195 0.39714478635576456 0.5070697367920017 0.31976458854131856 0.41288899131928253
280 582151.0 0.41666048267437206 0.5543185106608352 3297.890570698334 0.2064425940987831 217898.644322044 0.40185871773490056 0.5132096195333921 0.39736390719987286 0.5074714454863112 0.3290536012866248 0.42380432686909636
290 609908.0 0.4221509926317506 0.5558719619519116 3276.714764223087 0.20671651635028945 220713.63606974416 0.401037526264607 0.5039952471286693 0.3974297627696942 0.5074471447563738 0.3319723562218107 0.4246506279041654
300 632825.0 0.42664217041702884 0.5653441550632564 3196.959027414784 0.20698408972271232 223453.10344419503 0.40480590551441303 0.5095265974875989 0.3976316893754839 0.5074566336700403 0.3355226837013859 0.4326867931130469
310 653623.0 0.42879469147789107 0.5887380426010793 3154.3690972464033 0.20722421589784296 226193.67174419027 0.4055101873344475 0.5151343995512069 0.39787524998376644 0.5076294363661715 0.33661749216833753 0.44032031632784313
320 675822.0 0.4295334931452024 0.5911962425692178 3163.1630957966686 0.2074740340398223 228930.76968568272 0.40394447836943437 0.5144052369296243 0.3980919269406472 0.507844099310711 0.3366802268139045 0.4412512374193116
330 687262.0 0.4484829573732608 0.6036789724373982 2786.158509273886 0.2077151746802266 231263.81991367653 0.4099073857897491 0.5164497778221427 0.3983522685626383 0.508064880725289 0.3478491155921827 0.44889053528635864
340 722034.0 0.45053627014935693 0.6104677507220917 2754.4134919480366 0.20788556304912947 233694.50194716107 0.40650748766743555 0.5076706077878486 0.3986205863630038 0.5081523570462271 0.3496427695213046 0.454698785163701
350 742629.0 0.4620190074321716 0.6145205332792696 2638.30531957786 0.20733011760896602 237509.53152293357 0.40624159512089575 0.5129176536498987 0.39888989846916034 0.5082335749973558 0.3526195821863338 0.45656427092637614
360 769431.0 0.46956250169206554 0.6176327054260193 2525.705846575458 0.20703988147142258 240655.96724566811 0.3949890674697273 0.5076133836059826 0.3989690413064468 0.5082517981945778 0.36080234196615224 0.45792347383609183
370 792885.0 0.4906523802621275 0.6238329492510752 2235.2891849220646 0.20731319532587852 242297.9289587297 0.404081202016854 0.511745901824628 0.3989687909516921 0.5083286411918403 0.36938553009188513 0.46259128966768
380 821877.0 0.4971365676069807 0.62712839685345 2160.0144250790067 0.20778689645174972 243438.93930913578 0.40312093540272625 0.49005662909701486 0.39908453732332777 0.5082391823461994 0.37260508122501723 0.46485361763526445
390 840897.0 0.5061429575459127 0.6436651367367952 2057.622411271638 0.2083077211568348 244362.95335486176 0.40579227192352446 0.49252077070397354 0.3992687215566452 0.5078599349693987 0.37431829165937297 0.47539574605908375
400 850696.0 0.5073809287615275 0.667596477282772 2067.8139139704595 0.20854327245000717 245909.21328687054 0.40398727317026284 0.4994517852294505 0.39940254132164776 0.5076463538607137 0.37515451337411193 0.4887764484041096
410 872262.0 0.5074346077564517 0.6678272436891504 2092.699620758255 0.20876431033451595 247517.80262163666 0.4038953427759067 0.49768731624234347 0.3995120917725098 0.5074351441188196 0.3752398306516471 0.48852636715074227
420 895825.0 0.5090139416113201 0.6752118641467494 2082.199255952719 0.20888514817091403 249332.73492951342 0.4043561418422518 0.5001106179414201 0.39963475556536876 0.507261491116664 0.37617187234598753 0.49080322228651585
430 905801.0 0.5350447462967541 0.6847492954124822 1827.401461661977 0.20928879717185456 250235.19001309376 0.40954234399257294 0.503777542177148 0.39980113924322125 0.5071415622561224 0.3909666814980003 0.4955155037154244
440 926438.0 0.5357066240207894 0.6853405747722752 1834.4108727754387 0.20967396918028203 251195.28050122887 0.40941061163092507 0.503778968344115 0.40002139587758906 0.5070652639298392 0.39161109618146517 0.4959817449441851
450 948089.0 0.5434748100274092 0.6984822058909487 1770.0074365681642 0.20995823691673493 252305.79883360895 0.40466435675180057 0.5016033265437987 0.4001480597855969 0.5069494355386048 0.39597613803407145 0.49757856557208624
460 969379.0 0.5440529763649825 0.7017191081328363 1766.984067735142 0.21023022158479068 253444.48845473904 0.40462839044365717 0.500981962973396 0.40024561307456513 0.5068305482951738 0.39636505871225197 0.4985884881905159
470 992129.0 0.5500795326180529 0.72527469635204 1745.8170907531303 0.21038677455706978 254823.69285940137 0.40281821019007774 0.5088428114840935 0.40031404505635076 0.5068189440264672 0.3990791060868755 0.5063622650537989
