1 5992.0 0.1213351401164619 0.12269532704219267 107959.21765073318 0.1213351401164619 107959.21765073318 0.20187732895938545 0.20455254655416408 0.20187732895938537 0.20455254655416372 0.12133514011646199 0.12269532704219265
10 21232.0 0.12559713890100102 0.12700546962798437 98399.44177233051 0.12318168848082012 206068.27250033536 0.20207731822423558 0.20664189534427735 0.20198562732971037 0.20539523606670612 0.12535036584451204 0.12590248011675068
20 28357.0 0.1259324880888579 0.12955863179849564 97758.5456576773 0.12387582396027312 303706.0163283511 0.20191561364041963 0.20600495790369258 0.20198787423380704 0.20580973654276122 0.12564703297882845 0.12864009839730772
30 43953.0 0.12596762357863686 0.12967989089641926 98255.00188091394 0.12422662737628093 401913.8660857055 0.2039717139006904 0.20573709263841555 0.20209721599466737 0.20585542954530042 0.12569217753758538 0.12899677049819605
40 55432.0 0.1259914498520465 0.1298568538378921 99509.21997376453 0.12443710942588562 501420.6366269932 0.2039786915163778 0.20573722387128807 0.2025556562191974 0.20582610591909453 0.1257139952856962 0.12920043754685762
50 75365.0 0.1260131651316891 0.12988922387173474 100031.1793707778 0.12457743079228874 601459.0454466739 0.20397219612508377 0.20593938271271978 0.20283531903734728 0.20583510921255982 0.1257326171492559 0.12930551113774494
60 85258.0 0.12690710646878187 0.1305422796691909 98326.84603104828 0.12478591617972423 699763.1898645004 0.20397219612508338 0.2059393827127198 0.2030216923304189 0.20585220322897937 0.12650108275694436 0.12992529936845845
70 95027.0 0.12693951003552542 0.13064574007013557 98479.57740589134 0.12494228022030085 798229.8527034931 0.20397221977166866 0.20594197985086155 0.20315556710346666 0.20586459176773772 0.1265340512108709 0.1300243577394684
80 106836.0 0.1282412051596487 0.13087948706338665 97257.33309287652 0.12505194609540046 895450.927059592 0.20404714491606907 0.20450908545740124 0.20326054671841606 0.20573250196648338 0.1273388147924745 0.12989330862790152
90 134287.0 0.13123052666593316 0.1314781425611252 90976.23001574472 0.12543781698001671 985958.1140270997 0.20402043211898258 0.20433949256522183 0.20334582151104524 0.20559075327867252 0.12954166843644588 0.13000228004162567
100 146486.0 0.1347811105723378 0.1325300793143448 84752.04609680266 0.12552178323993782 1070447.314308577 0.20792387807589535 0.2014413955160417 0.2036536221667502 0.20535415991645442 0.13187909485639795 0.13047179274947104
110 164417.0 0.13583907118605773 0.1329419795415244 84985.20415007445 0.12560582523613817 1155178.1016317299 0.20650463598363358 0.20177398591610454 0.20392925070936657 0.20500760535528662 0.13239748336378365 0.13006804904181718
120 175034.0 0.13692654015401287 0.13330244093903498 83149.08507565035 0.12576547014458497 1237796.236145057 0.206506663703197 0.2017855503629212 0.20414220733665117 0.20474103301279556 0.13338743613865636 0.1298919944331207
130 201420.0 0.14144208677433123 0.13401177215105345 75955.81686937269 0.1254203328112007 1316109.3878821966 0.20559213954742867 0.20122906972366547 0.20428515985318524 0.2044811627657253 0.13697747790103978 0.13002095813378328
140 213192.0 0.14393502558121318 0.1357930945268738 73422.3730090121 0.12538014051327254 1389811.032610327 0.20548747112740398 0.20098531151863852 0.20438097215368134 0.20426221246197912 0.1390740167060717 0.13093921929742763
150 223346.0 0.14425465304215704 0.13590747198597328 73185.07489226744 0.12498910157478735 1466216.6608959052 0.20325750057090186 0.20060369438490636 0.2044099512700308 0.20403766122401248 0.13905464779701915 0.13063268458276775
160 235908.0 0.1443456807434621 0.1402266029880147 74084.18515858796 0.12461111884714994 1543374.824783895 0.20254368306955942 0.2029019447407419 0.2043116895488184 0.20391001131548966 0.13898733148122044 0.1341553989891961
170 247479.0 0.14440611222357586 0.14034640904911894 74547.67562813667 0.12427513420036113 1620626.972427509 0.20254368306955572 0.20290194474074066 0.2042082973570487 0.20385106005380849 0.13888398302744753 0.13389613067074504
180 263186.0 0.14700559861619 0.14305103627729898 72557.56168662774 0.12392685135511687 1696382.2898796597 0.20309988439326862 0.20230449894276886 0.20407282616213385 0.20378913980645774 0.140300850190067 0.1347293018717132
190 277244.0 0.1470314018288893 0.14308015159096843 72871.99473726889 0.12361339679439702 1772121.4791783984 0.2022295048487113 0.20265569928852742 0.20398947782185595 0.20372424129832709 0.14014094984701705 0.1343098133523741
200 291291.0 0.1474905815330149 0.14357937949964567 72243.03303764883 0.12269817188371282 1856388.555721422 0.1998785141838248 0.2023809299784823 0.20378451330516878 0.20367009737796804 0.140121393810763 0.1341213501428817
210 307721.0 0.1579711243704306 0.14478687250124544 59048.99591262761 0.12238278826801756 1920693.3718006785 0.20427093836303978 0.20399560508688905 0.20364785658120502 0.20361159744784577 0.1475435543529195 0.13433897985403848
220 321735.0 0.15799959780552963 0.14509432272617168 59039.2857220612 0.12209482931455667 1984581.735360182 0.20427013008395023 0.20399555007879905 0.20367602106801774 0.20362897136787167 0.1474954047492866 0.13417403546745552
230 335520.0 0.1701521198325176 0.1496697225923401 48128.550464978485 0.12207871167048683 2033056.1995761816 0.20866894291666044 0.20725289391461857 0.20370981020408602 0.20374701788835287 0.1548426040097251 0.13674680027320946
240 351930.0 0.1703687009740085 0.14992599703874354 48939.180858027146 0.12191140486297579 2085662.7314120121 0.2060019009348374 0.20699206340387732 0.20381772549911345 0.20388433348406643 0.1549565555630395 0.13666792090617766
250 369483.0 0.171072972065674 0.15831349772964587 49607.18520800967 0.12172539990481854 2139332.9810621017 0.2059359420585888 0.20764547314679838 0.20390292217505646 0.20402665392718117 0.1553617138657269 0.14287939362661595
260 384495.0 0.1759961464560644 0.158479325941158 47272.88155130072 0.12163181614049344 2188745.299911939 0.20782283826768924 0.20858101172875174 0.20404620759411773 0.20419488599943805 0.15747283445086985 0.14280760226684375
270 403439.0 0.18159603325532495 0.16475099826104134 43340.41539657114 0.12171505438437065 2230062.5449406276 0.20992019569348042 0.21032534064348427 0.20424748126991854 0.2044082287618403 0.15968210355705978 0.1465986005807925
280 420569.0 0.1879032706195128 0.17145311815304093 39559.26492194881 0.1220406597083815 2261432.299533481 0.21130800575838116 0.21055424940063958 0.2044782978120978 0.20462474353596244 0.16458004391282724 0.15141386563216705
290 435598.0 0.18913286708441845 0.17179335801257065 38834.61865807216 0.12205408311578494 2299897.1572808856 0.20591205795184206 0.2093741816821084 0.2045833823282839 0.20480016809053245 0.16499230433983073 0.1515071702625232
300 449244.0 0.18922330287185432 0.171996737167596 38787.04816277666 0.12206664049690429 2338338.008792816 0.20593063283522853 0.20937991599797395 0.2046276411653339 0.20495220172744077 0.16509935587145763 0.1515805956573068
310 473239.0 0.1932547722087958 0.17233261349056758 36415.682600420645 0.12181493483773313 2382637.768376319 0.20619606905566493 0.21014526552217344 0.20467807322089426 0.20511918128327025 0.16609159995364203 0.1517096406916062
320 478737.0 0.19349406386046458 0.17263966022614682 36319.457106711045 0.12155271687361849 2427308.760779933 0.2060581719493126 0.21008645514696248 0.20472209925492063 0.20527463212210964 0.1662935587217979 0.15190939216842908
330 489494.0 0.19391837495511155 0.1749762808237211 36391.15967313342 0.12134367648810178 2470337.2350073117 0.20832803462994676 0.2109114469687749 0.2048104671271512 0.20543745137588987 0.1666062451438165 0.15351732004086585
340 506333.0 0.19401512383966352 0.17501996824324692 36744.914664178665 0.12107550789807046 2515748.5740878265 0.20780166275798795 0.211069221585389 0.2049045475096221 0.2056067216223005 0.166718815956583 0.15359839962714036
350 519453.0 0.19991725387259535 0.17773407352728313 33834.3770201821 0.12089002712069913 2555951.769443352 0.2082736109242041 0.2121216878420887 0.2049964598958884 0.20578188573340253 0.1721104436346778 0.15581045626669413
360 540918.0 0.20045273610528055 0.17830684204871544 34084.99712679431 0.12071750042593674 2595954.879229856 0.20666602445221666 0.21116185790609393 0.2050513520478315 0.2059364839030704 0.17248312674405816 0.15605992587431608
370 553872.0 0.20349952439582508 0.18014159441681812 32795.33257170032 0.1205328344992621 2635364.474892428 0.20754239399853439 0.21124096516458477 0.20510986671416215 0.20607738199355466 0.17384894459362724 0.15713626792533703
380 571038.0 0.20868599154045558 0.1805930178447735 30551.213083294148 0.12027141085832994 2676068.479897126 0.20908114185056192 0.201700224341954 0.20521146803125637 0.20609438569534405 0.17540564152668717 0.15726802733223788
390 585134.0 0.20994814019481062 0.18637174144157365 30111.47706237703 0.12007007099334403 2714053.4428403527 0.20908254280817964 0.2017028606968516 0.20531052067668007 0.20598207123937584 0.17597722897589152 0.15949451324204855
400 607642.0 0.21072053928931023 0.18673595677138138 29794.379428303528 0.1196660354731443 2760730.7534775557 0.20787029789255532 0.20219212549259793 0.20538614922275159 0.20587531566535344 0.1762986934760118 0.15948191651320912
410 616381.0 0.2119870936581012 0.19611741639207214 29667.087322624157 0.11944948912020038 2799211.554498449 0.20810521277937297 0.20632789617160438 0.20544737236342256 0.20583003424763996 0.17741938504063873 0.16309201444781624
420 631547.0 0.21217407947765252 0.19662099372595648 29612.662065841694 0.11924159732289207 2837360.883069843 0.203399583359247 0.20592081944278576 0.2054992165433326 0.20584124555798963 0.17745076720482508 0.16324323404137983
430 651621.0 0.21433134869627307 0.20370740005502147 28754.767845295715 0.11903446600099721 2874878.1944603673 0.20002286684521586 0.20747577596348057 0.20539112591006467 0.20587433250357484 0.17855074805975585 0.16931640233184544
440 660512.0 0.21742336461837855 0.20730260824467187 27640.148869608514 0.11877043481532888 2914266.0625740117 0.1994191781507484 0.20672198163909702 0.20525910894497595 0.2058992173630078 0.17999022081422433 0.17140846446607574
450 677738.0 0.21963158333660895 0.21243539678880172 27048.363774385492 0.11851555438955921 2952916.8427881706 0.19974039786845943 0.20629778786345807 0.20512772506368143 0.20591319471673328 0.18078828783351572 0.17449306730008599
460 694786.0 0.2210570290123673 0.21951700635178348 26617.581883004168 0.1182331825264014 2992756.504993522 0.1975511889727687 0.19572745637706546 0.20499965608305382 0.2057713764315024 0.18173508325204654 0.17825113279040897
470 715012.0 0.22114177954310946 0.21987849405141213 26607.91525578372 0.1179627393902586 3032151.275439484 0.19755136759704656 0.19572716462238443 0.20484151718553167 0.20555812538516022 0.1816573361026044 0.17817863556798644
480 731815.0 0.2221578056723996 0.22351336438444735 26796.432748806605 0.11767247816212464 3072854.455014061 0.19808637417785768 0.19845371658930425 0.20469736475856196 0.205391953628979 0.18142888491044404 0.17875063105830416
490 745506.0 0.22692358267003393 0.22397215780603358 25233.16031445936 0.11738339988543324 3112612.728036853 0.19944701872546478 0.19881257493876936 0.20458637863897655 0.2052527172943596 0.18201545465568975 0.17886209791073207
500 762541.0 0.2299389508275361 0.22464229025347693 24328.17513346873 0.11709915643150892 3151678.0367170293 0.19962857562109287 0.197330421683945 0.20449895760532782 0.20510700940346566 0.18302714720764846 0.1789375392592077
510 778208.0 0.23263832489317543 0.22648520163783437 23547.379805289256 0.11683877158797393 3189046.2135591386 0.2014822417637186 0.19718292486255443 0.20442926249167012 0.20495280664069682 0.1850680823977049 0.17973456439229335
520 785578.0 0.23318531483231056 0.22722998039296396 23392.972645350532 0.11658464289608965 3226107.239986968 0.20082682013272957 0.1969592079024628 0.20436723788973643 0.2048001833940191 0.18527704075507356 0.18013581936351145
530 808632.0 0.23331086461475897 0.22801104565656488 23422.994489607554 0.11631522254897317 3264232.5163705517 0.20412799678581933 0.197395353702611 0.20433171826430757 0.20465801756284602 0.18526011012515337 0.18025203587216274
540 825902.0 0.2336689511615055 0.22921245883939662 23737.028502649366 0.11601716404566677 3304441.4773436342 0.2049724651025105 0.19826337877490083 0.2043263474591613 0.20452204635717547 0.18532319723513954 0.18056546196066775
550 837458.0 0.2378498175747099 0.23389659969403603 22625.18424508911 0.11568349072224561 3346381.6097531784 0.20378224591634017 0.1981830748424464 0.20432318324148047 0.2044047454590185 0.1863984717586698 0.18330611279204204
560 855777.0 0.23912788016600817 0.24491533405560476 22273.122443889406 0.11523891611426788 3395687.3587818453 0.20361501342196583 0.19846493529063636 0.2043128139751144 0.20429289930208083 0.18665453868391482 0.188222394820697
570 872577.0 0.24329799030164992 0.24949031499504315 21255.89666063488 0.11479190342842117 3445205.6729734163 0.20473774913967183 0.20002584363231218 0.2043082835529958 0.20420122494197882 0.1891049041825809 0.1911483143610937
580 885144.0 0.2446185603645781 0.2498268002642526 20981.858303996738 0.11427281960153622 3500362.6480223387 0.20265005013651544 0.19996873504908463 0.20429781933252195 0.20412739992975287 0.1896930870379731 0.19123087548947335
590 908063.0 0.2448393932628839 0.251914034621361 20997.280676748152 0.11382550457593163 3550977.662211668 0.20265579052958294 0.20005798910034553 0.2042700689617011 0.20405796613823113 0.18991006890433473 0.19206926354236714
600 921840.0 0.25340732923338244 0.25831518962396793 19011.532678222702 0.11322951444919169 3612943.8931096965 0.20225926218255016 0.19942808461618836 0.2042304966910208 0.20397347662485846 0.19701358227578228 0.19694483660815218
610 937106.0 0.253616904892082 0.2583997439466974 18981.71120796989 0.11266433201357572 3673464.3715418293 0.2038861260107886 0.19683616598804246 0.20420364654501566 0.2038898071878216 0.19710970300023403 0.1969136573428497
620 952557.0 0.2607855232795584 0.2620507931882361 17669.62887063144 0.11217252295093105 3728404.985239648 0.20521423563804944 0.1968853919016087 0.20422370346855778 0.20378328465567563 0.2005696155042793 0.1985047068693731
630 972424.0 0.2651577797476649 0.26973086020948345 16841.80435797889 0.11172208215274647 3780294.8003261015 0.2023726497731782 0.19483559305712844 0.20420162145089021 0.203651832002063 0.2031817468191701 0.20247004881584849
640 988780.0 0.26535506833862027 0.2697737540974062 16969.82993898697 0.11119037054638757 3839984.13608682 0.20235070626421578 0.18999863486293614 0.20417289837698188 0.20348378015165008 0.20312824265198376 0.2023417859268592
