1 332.0 0.08263349244546388 0.04505652186193157 291181.6459801359 0.08263349244546388 291181.6459801359 0.0958217966146451 0.05304442503642939 0.09582179661464502 0.05304442503642939 0.08263349244546399 0.045056521861931494
10 11184.0 0.08265733298290914 0.045103212383004715 292451.6804083025 0.08223916314449543 583654.6188922684 0.09581174456362591 0.053055855941699724 0.09581449032046555 0.053052771715790106 0.08258012556116132 0.04508500060770617
20 30377.0 0.082686772385391 0.04511151085344405 292847.0238614795 0.08210772004417262 876505.085413989 0.09581254983288538 0.05305609868665263 0.09581337454798473 0.053054298191212046 0.08258085655015485 0.04509032206808386
30 53721.0 0.08282755268639021 0.04514297515820407 291567.17952968087 0.08204199849401121 1168083.1507300555 0.09582470227776184 0.053058552812338455 0.095813899799823 0.05305504981163415 0.08264553948061297 0.045106330170800485
40 68249.0 0.0828561473049824 0.04516144491596739 291368.7142051814 0.08200256556391436 1459459.5498820278 0.09582470227775974 0.053058552812338705 0.09581653455053955 0.05305590420205001 0.08265728239673903 0.04511564992849788
50 80778.0 0.08300528130603364 0.04523534517641399 290059.1837207148 0.08198848350311097 1749524.1718647887 0.09582324339798916 0.05305866285106652 0.09581795344209194 0.05305643164380668 0.08276561335125303 0.04515175216122238
60 92608.0 0.0836706657459698 0.04592889351853012 283516.4880324929 0.08203836995784679 2032965.9391583926 0.0960065595306358 0.05332645815209421 0.0958308413829156 0.05307435776626303 0.08312126493957357 0.04553049168275812
70 104273.0 0.08370871746219562 0.04594709281729546 283307.8394743882 0.08207578479889865 2316215.8670001533 0.09601001582634566 0.05332679488394721 0.09585563909802694 0.053109869605561126 0.08316421335217253 0.0455757790400546
80 126482.0 0.08388500779715471 0.04597402679293687 281691.88477298507 0.08212043218979262 2597823.936557944 0.09601001582634677 0.05332679488394748 0.09587469795337504 0.05313665050412732 0.08333175931511279 0.04562256524099391
90 137585.0 0.08391839699562123 0.04600674602032476 281513.5416963046 0.08215615010250779 2879268.468147597 0.09601001582634336 0.053326794883946205 0.09588956804930587 0.053157545490920714 0.0833631340595463 0.0456599951642568
100 154884.0 0.08439070191005986 0.04689801513123917 281414.1144832494 0.08221406537871875 3160591.9024113836 0.09601588581718028 0.053341652760239305 0.09590159202283917 0.05317472672845033 0.08379917002641647 0.04653714012243338
110 167300.0 0.08703320168074531 0.04784589871853383 258385.46305972547 0.08244479662449272 3417125.6087385933 0.09690332413138021 0.053842372883675854 0.09596785315673767 0.05322134063595858 0.08547297100364562 0.047144312020048776
120 180829.0 0.08703615409010723 0.04785128279157336 258673.74112010802 0.08264003075553224 3674271.4422724126 0.09690332413138039 0.05384237288367633 0.09604516480753461 0.05327266561510878 0.08555584200211168 0.04718104144467162
130 194151.0 0.08711749047842883 0.047867502174157875 258162.39807978677 0.08280737429642325 3931092.894953351 0.09690332413138596 0.05384237288367779 0.09611067315286673 0.053316154719579706 0.0856640430734441 0.047218030599048305
140 210808.0 0.0898433673927455 0.05139367271568796 235362.19263597397 0.08313156599896242 4161343.1285100235 0.09854357193430326 0.0565069913720236 0.09627158620259334 0.05352355718792069 0.08701600248100483 0.04891904324749118
150 227408.0 0.08984348953098063 0.05139474674370225 236573.15137492088 0.0834152337386842 4393693.341363596 0.09854357193430291 0.05650699137202368 0.09642204883383243 0.05372113561070895 0.0871604007578779 0.049063401672053114
160 251984.0 0.08985820950241678 0.051403288346669476 236839.10691080545 0.0836655288031446 4626886.296794133 0.09854150991115083 0.056499763232716126 0.09655380764738247 0.05389412523477005 0.08730071908532863 0.04919567655284342
170 269402.0 0.08989808389896262 0.05140958923799522 236806.44913169031 0.0838610897990715 4860700.988431797 0.09854150308705599 0.056499763228350944 0.09667004734631351 0.0540465017257504 0.08742619348322647 0.04930822315781751
180 282040.0 0.08998252146045804 0.05186904692194019 238021.01154422597 0.08403606542700609 5096207.736301939 0.0985410986453315 0.056496623262952024 0.0967734270497133 0.05418191960016047 0.08755832581243125 0.04957244859514729
190 305470.0 0.09014661451086742 0.05196980479914471 236984.64209324738 0.08419354349214722 5330831.192024494 0.09854109864533356 0.056496623262949776 0.0968659753007929 0.054303108273604905 0.08771475484943098 0.0496924881137407
200 321279.0 0.09024513068812913 0.051995556012955815 236308.3676024136 0.08433938093413297 5564914.986479687 0.0985302459905785 0.05643833939922943 0.09694877483759812 0.05440933867786487 0.08785199624298061 0.0497843437846224
210 336922.0 0.09035082846407674 0.052034765500504454 239078.91281129373 0.08447402275334472 5802252.780798891 0.09853241647152268 0.056439733482345565 0.09702379808355273 0.054505546098696435 0.08799847092625437 0.04988827501945119
220 351858.0 0.0915405819414191 0.05291055765173871 230330.56080805897 0.08448860593362816 6032215.950328827 0.0972032674541128 0.05548401966170438 0.09703793311849847 0.05455414541747798 0.08891262471537538 0.05042287895266245
230 383625.0 0.09154772827772878 0.05293059157840012 230344.3689028473 0.08450197384888798 6262223.918409299 0.09720326805657574 0.05548493287763399 0.0970450904646929 0.05459442343365909 0.08892491389939969 0.050467954968439144
240 393515.0 0.09185936693005585 0.05295587876897234 228451.3928826751 0.08455434867408566 6489394.597655691 0.09726275425106196 0.05547347956003709 0.09705214786423794 0.05463128264738775 0.08922067860893425 0.05051511403783286
250 406326.0 0.09188508746892668 0.05311440898287808 228520.372065979 0.08459725921785032 6716856.247879164 0.09726224056447798 0.05547708183063772 0.0970605235906274 0.054664922157522444 0.08924262967789484 0.050621902433854116
260 426144.0 0.0919416239986006 0.053148389348740964 228168.68362674493 0.08463699120281758 6944033.526849396 0.09726224056447488 0.05547708183063835 0.09706825221031515 0.05469603938637747 0.0892787722485995 0.05065750103693721
270 440493.0 0.09194973355133594 0.05320867122166259 228287.87202143777 0.08467388518885861 7171406.677892825 0.09722257234925319 0.055472950725333134 0.09707423943474254 0.05472473818933011 0.08929051101740841 0.05070813972457466
280 451920.0 0.09199537701284698 0.053228276869940416 228226.57605235235 0.08470825878930738 7398780.416842817 0.09645643565995035 0.0548166719715631 0.09707678256054846 0.05474902181761187 0.08932120334373468 0.050739431584301296
290 461707.0 0.09204372585295395 0.053764056657897276 227921.4349856606 0.08471306461618092 7626570.4842868745 0.09647462078469063 0.054829951897891534 0.09705553132405349 0.05475139479203205 0.08928702655830208 0.051005975740220075
300 482741.0 0.09234852967838701 0.05407351290112802 225734.32673695817 0.08471756038970778 7852171.54518756 0.09647519109135025 0.05483249687467581 0.09703624642942722 0.05475406461627954 0.08942480716449562 0.05111613530956106
310 497435.0 0.09240389186019733 0.05410601324532435 225488.01145112177 0.0847218442906616 8077531.475523534 0.09647518472802769 0.05483196540325503 0.09701820592163295 0.05475657459146934 0.08943451080772617 0.05114551699003467
320 509223.0 0.09248898790706807 0.05416855951895355 225036.28958611825 0.08472586856125461 8302445.423430761 0.09647518472802759 0.05483196540325486 0.09700128937354557 0.05475892321488949 0.08945538736129724 0.05117112613994279
330 523792.0 0.09273584634434892 0.054232053225473614 223470.79121221812 0.08472965611004803 8525794.198302096 0.09646934360550022 0.05482769141697864 0.09698527144510787 0.054761039541112215 0.0895840227843691 0.05121703000006609
340 541182.0 0.09274772211432944 0.05428397039852511 223463.31487063298 0.0847332830430903 8749140.682983655 0.09646978184572667 0.05483389288262515 0.09697014522126186 0.05476304630405639 0.08957728966573955 0.05124784618440953
350 552288.0 0.09314190773048395 0.05477893278830215 223950.5367629926 0.08475421887690698 8972472.902903995 0.09659160956884487 0.05503079619453586 0.09695866655467957 0.05476955254987127 0.08981439148870717 0.051463468942598505
360 562204.0 0.09315295285324617 0.05478252583049299 224004.55667359615 0.08477402304403087 9195894.495540377 0.09659160956884418 0.0550307961945367 0.0969484987711385 0.054776789215928476 0.08981056048381075 0.05147174760466013
370 587037.0 0.0932116015894506 0.05481159631679702 223761.38910772954 0.08479278488656929 9419098.128124624 0.0965995379084425 0.05503428713814196 0.09693896459684057 0.054783673403423085 0.08982539473933206 0.0514881204961622
380 603568.0 0.09324045531118152 0.0548424036957859 223760.10811301926 0.0848105845833365 9642329.522303708 0.09660071128578443 0.05503510154025714 0.09693008635626546 0.05479026946985893 0.08983212385938186 0.05150696670256532
390 617346.0 0.09326660685535618 0.054854739213999144 223924.963116852 0.08481371033155809 9866156.21663578 0.09655555239548623 0.05503512511787511 0.09692096930062474 0.05479653125299962 0.08983791489059666 0.05151815193330353
400 637259.0 0.09356104203605295 0.05493843015653749 222030.91866079962 0.08481896219969891 10088009.842195194 0.0965566443292523 0.05503248345579292 0.0969118729977599 0.0548024416985763 0.09000809107510806 0.05156532589061982
410 650613.0 0.09615741996765546 0.0552014025521564 204803.83172733392 0.08486738711465902 10290282.75917749 0.09739858318662288 0.054622337087962665 0.0969155210426727 0.05480205128340644 0.09149514392298412 0.051721581168167406
420 680353.0 0.09641769356428181 0.05523127946890258 203320.4764755684 0.08491355970799308 10491091.876754208 0.09739858318662342 0.05462233708796231 0.09692699520286159 0.054797782537671445 0.09162741484282784 0.051728125988038214
430 705250.0 0.0965243732007777 0.05525344162660147 211156.7445633413 0.08495750132140614 10700397.347656693 0.09739659787298141 0.05409719699230636 0.09693789546867196 0.05478275504128763 0.0916905690142991 0.051726721149789545
440 721207.0 0.09691266761737531 0.05527730755541859 208679.23151934842 0.08500684462653965 10906871.328686312 0.09746382800589684 0.054101420629252696 0.09694920240909215 0.054767256275238534 0.09199445262027053 0.05171952812258663
450 736370.0 0.09691360484386198 0.05527763962527736 208754.0995167772 0.0850540425705804 11113526.272759764 0.09746382617268705 0.05410139236886821 0.09696061313555762 0.05475249210880011 0.0920063749724714 0.0517057935054956
460 750365.0 0.0969189308180245 0.055279366591151666 209218.73132221992 0.08509923209147048 11320774.141899936 0.09746382617268712 0.05410139236886855 0.09697152881966017 0.054738368470189855 0.09202023232081279 0.05169393797738273
470 769420.0 0.09714632823822242 0.05552874424997575 207959.7892317958 0.08514106979075241 11526812.08240877 0.09747406722733507 0.0541582517797399 0.09698202276419922 0.05472508588654177 0.09212394690897562 0.05177419992289805
480 783176.0 0.09843842816514799 0.0557444444699823 200002.26733993093 0.08520481497040457 11723314.694666699 0.0975643038939091 0.05417218689007594 0.09699281856103746 0.05471339007689775 0.09318118716809941 0.05193552109864012
490 794965.0 0.0984810598091004 0.05598356038888474 205722.8435868235 0.08523289676917395 11927592.426773777 0.09725378187212451 0.05397119228773249 0.09700129824746628 0.05470109010584865 0.09321069190926458 0.05203460090650622
500 805162.0 0.09863883267275841 0.055999707492534044 204773.97514908965 0.08526158408100513 12130854.134336917 0.09727194891846631 0.05397168181350867 0.0970066504223967 0.05468652975778581 0.0933139469953519 0.05202768829638511
510 823311.0 0.09932623477509112 0.05625918787188799 200557.98949438013 0.08528201800277445 12330148.073529348 0.09708821540217036 0.05394062029817306 0.09701112264627904 0.05467241443635559 0.09367710967735904 0.052134171372905797
520 833959.0 0.09935970587496573 0.05629847122743457 200458.85111908728 0.08530168083315623 12529388.118833315 0.09708811935360004 0.053940283613083784 0.09701260161626876 0.05465836589869307 0.09369212548100087 0.05213874552798298
530 848973.0 0.09942286788634057 0.05631187653045902 200164.96372550188 0.08532061541056092 12728370.033932718 0.09708811935359953 0.05394028361308353 0.09701402379587952 0.05464484269180778 0.09371523969642727 0.05213125141044935
540 857318.0 0.09945552723479681 0.05634476091315303 200049.6943623232 0.08533886145787817 12927276.66500316 0.09708811935360044 0.053940283613083936 0.09701539339953424 0.054631819418633584 0.09373293731188086 0.05213331292483709
550 867938.0 0.09948935795636026 0.05638013128095972 199964.1918874418 0.08535629557815028 13126145.968833622 0.09706520707264293 0.053941239081665336 0.09701633904202439 0.05461928446611407 0.0937631738326597 0.05215216972642668
560 892963.0 0.09949916640381914 0.05642016916535517 200109.39453328395 0.08537311797490409 13325204.587562 0.09706598017690682 0.053948290627881236 0.09701721620918415 0.05460724837439179 0.09376711745541037 0.05215633433049307
570 911175.0 0.09972051888834926 0.058715197990879986 199103.13149540153 0.08539383114167881 13522998.002348904 0.09707537636418588 0.054047261902841065 0.09701823456936975 0.05459744092113803 0.09396970888630399 0.05427622657217337
580 926147.0 0.10032868781834954 0.05884184628186194 196298.13645017435 0.08541384216720692 13717916.925606234 0.09728081792399328 0.05407864817807008 0.09702032411133442 0.054588049243324936 0.09431087616680488 0.05432629682877572
590 944921.0 0.1006004719840273 0.05903749635471506 202885.52478004902 0.08539308958482753 13922186.946596827 0.0965510540734151 0.05402061983522151 0.09702257456224757 0.05457939264521342 0.09448704005987694 0.054445284124046284
600 957256.0 0.10065818225842577 0.05912667045571311 202763.54321234435 0.08537301741498514 14126295.917100087 0.09655105877142967 0.05402062285272186 0.0970147289712488 0.054570095265708635 0.09449942952507423 0.05444793936704916
610 970989.0 0.10591983336816621 0.05932642146711749 174575.74649535152 0.08535581097812289 14303035.65923915 0.09640045294255101 0.05195171926071056 0.09700516833519447 0.054534013509790584 0.09693519247374179 0.0545169804529434
620 980818.0 0.10607715497589992 0.05938889074166644 173932.87120603747 0.08533749634331421 14479307.28115864 0.09635437028205006 0.05195168164866133 0.0969949111169176 0.054492430247672766 0.09699282733837601 0.05449619733794862
