1 4005.0 0.11198566653058695 0.12283655448531146 113175.20468477775 0.11198566653058695 113175.20468477775 0.19470424292912336 0.19468566244444713 0.1946963974872626 0.1946666107688066 0.11198566653058636 0.12283655448531133
10 21064.0 0.1130514880311388 0.12352923703888025 110090.03693044449 0.11214960119905887 223253.21915100282 0.1945698388958842 0.19478333941596918 0.19468800617809892 0.19470981197284895 0.11283266816381869 0.12329284338453961
20 41507.0 0.11649799983645209 0.12398220302695044 105048.71762719464 0.10972409990934984 330077.35883605585 0.19349267371790926 0.19286368271459142 0.1945555188228072 0.1945870453742241 0.1141280584301478 0.12360338704287907
30 52023.0 0.11724279496279319 0.12573433774642434 104482.81832518918 0.10833449173034419 435798.4357243987 0.192964486327892 0.19057338514494468 0.19414500407994864 0.1937312545577441 0.1135911861341702 0.12407311107340217
40 65099.0 0.11753470247960913 0.12576247129114687 104093.94320724488 0.10749938131447087 540707.5857398636 0.19299984894825728 0.1905513706487658 0.1938574971978093 0.19294991452904042 0.11334146444506459 0.12319898218696698
50 84688.0 0.11759209244551838 0.1258894012754283 106655.82622416249 0.10690463043596082 647771.6314534091 0.19536243150111837 0.19399520628948078 0.1938314980085555 0.1926177903919873 0.11310661760260174 0.12270256686317893
60 101165.0 0.12018004080303686 0.13517552937992341 100268.56290443479 0.1067467728324009 748269.578419304 0.19581708719736896 0.19638047408852582 0.19413052319514337 0.19310702728495147 0.114428461250069 0.12806236345810829
70 111827.0 0.12044134603897488 0.1352191552242628 100570.73301692604 0.10655340099865934 849132.54149177 0.1964272317971413 0.19708185961599578 0.19438611255693922 0.1935878727975233 0.11452589407969772 0.12828133353021084
80 129982.0 0.12047180793679468 0.13736701449188746 102857.17423413634 0.10628898670992755 952315.1831116771 0.1963946854596339 0.19522041578284793 0.19463490098508854 0.19383595901144518 0.11445586628934738 0.1298840657026354
90 137416.0 0.12055020665975152 0.13745254072888272 103060.74660262642 0.10605546154246306 1055666.7206644113 0.19623275586795275 0.19521877281158104 0.19481581071760884 0.19398796723703635 0.11440941472887414 0.13004008790128388
100 155558.0 0.12058372657289486 0.13746259776908545 103130.93804340289 0.10586439549635575 1159033.9938217227 0.19612124436715536 0.19521252531021516 0.19494803147775783 0.19410939417306644 0.11435901146335015 0.13012860463469023
110 182646.0 0.12179575889789461 0.13831811079291204 100846.86132348204 0.10558478424653601 1260541.0299464816 0.1958692152698419 0.1955502513598588 0.1950279935390232 0.19422409574612315 0.11480622115232743 0.13060520267889128
120 194887.0 0.12327857492709673 0.13833667844499126 98488.17675945193 0.10534475681492592 1359791.7621288667 0.19831510776342426 0.1964318373369691 0.19522989430559068 0.1943870596062112 0.11521450946035132 0.13062986717799568
130 208202.0 0.12819569398792902 0.14020801858827503 88017.59580035481 0.10550105167688932 1446966.6729097748 0.1983203067775828 0.1964226718144798 0.1954657230590536 0.1945425895526015 0.11884267807893494 0.13171029384112115
140 221477.0 0.13655880475293855 0.14390752651477562 73894.60450780997 0.106075369313066 1515625.1119390784 0.20169027362773595 0.1966928951128578 0.19583768820084224 0.19470915985477616 0.12436944334891678 0.1340716042257013
150 244513.0 0.13751181313791686 0.1446762212726663 72824.69885058499 0.10662005454382434 1583425.798734401 0.20196959394772535 0.19685635777818233 0.19624190708543643 0.19485026687565843 0.12510710607685435 0.13417123594665986
160 260827.0 0.1375351579026275 0.1447474182630316 72824.66989048032 0.10708588144466381 1651990.3292062716 0.20196975090073754 0.196884440360724 0.19659766790553748 0.19497556647835138 0.12532829909889184 0.1342396327281937
170 277692.0 0.13764309732625032 0.14508845132573672 72935.37209270986 0.10747087400868913 1721411.0338035813 0.20117579676757863 0.1960179662425482 0.1968890099363716 0.19507785136220843 0.1255312780073352 0.13448324464096376
180 296469.0 0.13771415980543608 0.14513679092575443 73946.17603056393 0.10781534103965915 1792436.0097871833 0.20446292999408364 0.1943012247238751 0.19721310682226148 0.19508227298647604 0.12569347526137403 0.13447828438315557
190 308516.0 0.14512131942355347 0.15101959618018046 63275.66161139566 0.10814539939417074 1851043.4663236625 0.21046408697036526 0.19725808234472883 0.19781057774363703 0.19513472720936942 0.12975559350528235 0.13777569671074796
200 326883.0 0.14513451649321726 0.1510384087196898 63655.56764386661 0.10844386048811801 1910589.8719879645 0.209870504959889 0.1972376364778924 0.19841645592649454 0.19523955109223787 0.12996088016540394 0.13792016262725376
210 340345.0 0.14529781367566255 0.1511538883742392 63911.64576033175 0.10861131641200665 1972110.1105969048 0.20975784223430227 0.1969677165996651 0.19895503705393874 0.19533039983532288 0.13019818699251307 0.13808052322951248
220 348006.0 0.14541004474206956 0.1511854902333037 63814.28153790075 0.10876421095120933 2033744.1417391547 0.2097582573414746 0.19696791131913127 0.19944386303786035 0.19540449185324227 0.13040276688906016 0.1381866929695543
230 362311.0 0.1457903243383561 0.1515909304260691 63363.742930882014 0.10890671995263634 2095047.8163134486 0.21046953027554674 0.19621605913520426 0.1998755806396494 0.19542948437575455 0.13063670501533708 0.13841515157817547
240 378822.0 0.14653013309975044 0.15197479109532222 62505.4711457143 0.1090378282339492 2155591.457533027 0.21040956762628793 0.19589504405486288 0.20031466050512362 0.1954594551926652 0.13131296986880747 0.1387303604637897
250 392742.0 0.1465757904980803 0.15290136842844182 62903.97981819404 0.1091505759341577 2216837.8744030367 0.21230644035804735 0.19572708899015406 0.20073128617536082 0.19547524135827912 0.13146386627024462 0.13920462736141817
260 400110.0 0.1498202308556519 0.15455292025825174 59075.2082399254 0.10936528040565555 2272425.924038161 0.21247436249541388 0.195775388506351 0.20118044389756684 0.19548637644310754 0.13393148047369352 0.14008464078727972
270 417436.0 0.14998377691730952 0.1545904705657512 59776.17914694185 0.10918250163841181 2335845.2994738435 0.20880062846261144 0.19805509245440586 0.20146674085171123 0.1955048821946536 0.13394989044307096 0.14008167057714577
280 432892.0 0.15125487681826277 0.16763302625456633 58366.713146337424 0.10908071980920174 2396277.188308505 0.20936432128464705 0.19834041046319043 0.20172980706243196 0.1955966546405523 0.1350846787758913 0.151348515932538
290 454842.0 0.15624997928251683 0.17628902381996517 53592.58621668416 0.10890176602387204 2454348.074774831 0.20895532872102035 0.20023264261525564 0.20197822746131808 0.19573641341058032 0.13814499033005143 0.15713332612261555
300 470198.0 0.15672704058007073 0.1834800734240197 53788.56426767103 0.10864612625430964 2514814.808092628 0.21032425674600433 0.20161438026302617 0.20221967779480768 0.1958779961608364 0.13808821983997857 0.16016129155310163
310 489683.0 0.1748778876885369 0.186346367210287 38639.737105649285 0.10813766164776603 2574291.846245583 0.2140057289590508 0.20158916117542156 0.20259158177702352 0.19607543481677492 0.1439525507592591 0.1614040315229871
320 502812.0 0.1750154170095615 0.1864804473761206 38574.103072449085 0.10765889693446032 2632887.972058389 0.2139950546719561 0.20159888077907462 0.20294686086456368 0.1962474525718178 0.1441753705268232 0.16155400429934527
330 523216.0 0.18232094895099485 0.18860681228248077 34179.04747507079 0.10732030443441838 2682292.133903754 0.21938537843287237 0.19940640385216704 0.2033426140334977 0.19638306767952918 0.14594532412166286 0.16316586334333139
340 539444.0 0.19005578456874112 0.18919168547368542 30656.316708470422 0.10700308448170161 2728336.579342315 0.21949803232119525 0.19585816442535195 0.2038156153407162 0.19638554258383636 0.15218880356546038 0.16340192230612638
350 558232.0 0.1900966723961794 0.18965519188594976 30899.951206578477 0.10670349660343512 2773875.1628908427 0.21948181351309434 0.19598522372661076 0.2042622954488572 0.19637087930649952 0.1524795241881821 0.1635078117315113
360 581106.0 0.1941623821757821 0.19127201061930024 29091.145739298547 0.1064049954002431 2818253.125390561 0.220034335549515 0.19619491466422181 0.20469731163980912 0.19636603316476597 0.15518081545819623 0.16468168773840183
370 601087.0 0.2016424641891292 0.20247208905060898 26388.60990449955 0.10624627912469813 2853062.97223264 0.21558105066631433 0.1984279740475297 0.20501171540675348 0.1964064390282024 0.16106160338272382 0.17202669110452126
380 619922.0 0.20493171938889596 0.2061040025251847 25258.852981547778 0.10609458326169484 2886592.012700627 0.2185935259978724 0.1984033711253404 0.20535976880904688 0.1964637266494655 0.16050189706391021 0.17191195709734952
390 644742.0 0.21101114473102164 0.21333490964541343 23749.457655202947 0.10575914364859977 2929905.112378829 0.21903851826078927 0.2018898017874138 0.20567110310752026 0.1965711870268128 0.1628643464770722 0.17634998307689115
400 653797.0 0.21645935042391543 0.21679562404410535 22105.200199063107 0.1056889677545041 2956092.871729487 0.21931392209019562 0.20196352777267224 0.20601043857870616 0.19670503441969447 0.16548654674175498 0.177201746763637
410 674370.0 0.2168651232959023 0.21720067375766092 21995.30784660852 0.10565515203275522 2980052.6219388926 0.2176304324258078 0.19898805519898408 0.20630329793476185 0.19677947304530136 0.1657985102678864 0.17744504544423179
420 689197.0 0.21690355415165777 0.21736214373599366 22034.697863967936 0.10562361490603224 3003919.9571188977 0.21760190613893143 0.19896380353450108 0.2065717411849484 0.19683141498486537 0.16600997988188296 0.1775361093237717
430 709711.0 0.2281958904827997 0.2252294680468651 19001.23635843225 0.10575181184143066 3015213.983593475 0.21767538083307117 0.19840209694574867 0.20682815853875408 0.19687655985308047 0.17540190801086425 0.1841543347244755
440 723444.0 0.24083362671074288 0.22748545061319456 16478.126517113717 0.10607875728921125 3011734.5616659303 0.2233986183277957 0.19640291189117698 0.20717834376734723 0.19686256112250156 0.18119962215988844 0.18347030178314233
450 741222.0 0.24235539020432545 0.2276868528915748 16177.802042902482 0.1064038763528725 3008202.1305977474 0.22387514224732122 0.1965033107836851 0.2075467103602099 0.1968541471928015 0.18250436857305194 0.1834822594880503
460 750536.0 0.24248111671547798 0.22802394712401555 16201.465293001023 0.10671543173905135 3005747.3691921164 0.2238757129659061 0.19648907073062893 0.20790079189946012 0.19684635741849002 0.18286645141773536 0.1835366709532287
470 762523.0 0.2427429211816802 0.2286593091127442 16152.174317292784 0.10701400565080606 3004197.8110742406 0.2240224236512111 0.1968369187212769 0.20824183112403818 0.19684320289845877 0.18334502032590203 0.1838852991842593
480 785670.0 0.24279506868678524 0.2287504628296063 16146.484808969304 0.10730055816895903 3003534.133178434 0.22402284882532428 0.19684049371653883 0.20856991690622903 0.19684315927987192 0.18366314888124657 0.18393237432989404
490 796617.0 0.24313393387982482 0.22902774137251572 16091.31184586569 0.10757733923678531 3003536.2085542744 0.2239241289513484 0.19240212195427311 0.2088817023526767 0.19675428124740402 0.18415081325205976 0.18389888430972287
500 808864.0 0.2465662703531075 0.23016301310248302 15476.601818416952 0.10775222570306031 3008596.1383949188 0.22754984842107057 0.1929748127078431 0.20923996294594818 0.19667660285297103 0.18504689751943315 0.18413719902824868
510 825098.0 0.2468655279630131 0.23017990965048385 15468.163860167755 0.10795483061889562 3012152.3626311654 0.2278055842800215 0.19296604437123982 0.20960016398924372 0.196604153668528 0.18564198189096226 0.18408313847708685
520 837937.0 0.2678718366687819 0.2337103913997337 12462.652769127817 0.10835190819248777 3000410.5594120454 0.2310669704190075 0.19320202808767173 0.209989823077503 0.19653642653673334 0.19376974142224995 0.18520588420100068
530 853760.0 0.27303840634656185 0.23415410266123754 11823.189333348286 0.10876053928218997 2987332.9268584326 0.23056692647932778 0.19209597714687937 0.21037733914910045 0.1964528022544385 0.1976002904303411 0.18555635177675736
540 872988.0 0.27415102871270647 0.23901420331630913 11687.936243390843 0.10904075537844336 2981790.41270025 0.23041256623945647 0.19381660604939843 0.21075044516400454 0.19639847872895555 0.19865975836022132 0.18798595294620346
550 881791.0 0.28162145076435036 0.23912428015129983 10780.4661554437 0.10938645566843704 2971249.331000874 0.22693138824003065 0.19333851331410068 0.2110366986256557 0.1963429389468386 0.20333429689529214 0.1881014674662593
560 891679.0 0.28215317925944594 0.2491607795049511 10745.071756626328 0.10953009998900265 2972960.33333254 0.22268933293232324 0.198789810194166 0.21129015440161233 0.19633362008038366 0.20376372513648947 0.19245505840260904
570 917891.0 0.2831334295395643 0.24997210199435027 10651.09520232154 0.10966371806361415 2975223.1921362965 0.22317298443026903 0.19899520379825525 0.21149826014374626 0.1963802362683463 0.20440934033001035 0.19301410904493965
580 934060.0 0.2856306185406501 0.2504281662207428 10446.609338549639 0.10980728694629084 2976671.5710783433 0.22355121921873 0.1990438136555158 0.21170497916886963 0.19642563527989523 0.2057310973684212 0.19326627577172734
590 953357.0 0.2905895859340514 0.25120811120192066 9946.712643454564 0.1099313524072698 2978757.853348863 0.2230442500524412 0.19833387932266092 0.21190492657073254 0.19646195259961005 0.20646681961424124 0.19371434984197958
600 963358.0 0.29224979363978365 0.256625181739649 9785.650143948395 0.10997854095327898 2985519.706896139 0.22054389263426002 0.1993352092347505 0.21205692004547821 0.19650597074265203 0.2061300700404993 0.19649793896534365
610 980977.0 0.29231457927223603 0.2572173955560032 9876.125107248728 0.11001322878747681 2993178.274412737 0.22036668167365236 0.19930006034906725 0.21219421438355943 0.19655204426654707 0.20631939904790314 0.19655878072918057
620 991748.0 0.30463907859699213 0.25727721647215873 8712.412212861847 0.1101781182886118 2991242.9620213415 0.22363526087423352 0.19780847293433357 0.212336877279895 0.1965924775782671 0.21230981798369547 0.19658650244821985
