1 837.0 0.04103838149885073 0.05706881325989371 2435034.6854321966 0.04103838149885073 2435034.6854321966 0.0836597439015705 0.10275889129630522 0.08365909586651503 0.10275889048717576 0.041038381498850474 0.05706881325989368
10 10175.0 0.04423169008191003 0.061049425782301936 2018760.8482369077 0.042538724479563875 4426360.991744028 0.08555430678971865 0.1047998807524415 0.08481274880447126 0.10405769016633673 0.04364648303996597 0.06011896183500472
20 35544.0 0.044728127268994965 0.06174626938010487 2017269.329383203 0.04305269080050208 6434975.608712259 0.08681284866128357 0.1049338415409884 0.08568497051029086 0.10443451563002788 0.04426427680695051 0.060861038126577525
30 47970.0 0.04637933850845026 0.0619325224386145 1927559.5500907116 0.04339032396072524 8351693.546224952 0.08673970288612559 0.10450773248972292 0.0860268350654201 0.10448358558859105 0.04532158009805628 0.061100683149153366
40 58557.0 0.04640488776966961 0.06206522259308828 2039059.629691585 0.04349678863215164 10390075.346636998 0.08668123417461455 0.10441175137898735 0.08617364067020292 0.10447720330717968 0.04542996051805785 0.06120010281232372
50 81875.0 0.04642955168827861 0.06323375590610106 2041366.1142001247 0.04348077984538076 12431664.87525444 0.0865834106183765 0.1046246242559576 0.08625589664892282 0.1045010044990298 0.04545520710736582 0.061988109008089314
60 106513.0 0.04647372348962346 0.06325452843549974 2056515.7092990188 0.043453818420599206 14488445.38629858 0.08720616675507697 0.10462494636985971 0.08632266147380929 0.10452128591967703 0.045492419952111535 0.062018210441714176
70 124398.0 0.04682617045941332 0.06328555405061806 2040914.6909365305 0.0434584063016143 16529301.254471162 0.08725498168794207 0.10467011631823984 0.08644930915206439 0.104537499251254 0.04574290012356143 0.06204684747033733
80 131100.0 0.0468321626613355 0.06344944609983888 2063695.7692419393 0.043476314132706355 18593053.131924234 0.08725541839066336 0.10459136329288884 0.0865488155360679 0.1045475858093213 0.04575976883100991 0.0621142997442032
90 143083.0 0.047394410889559785 0.0635679095215585 2001388.7397595136 0.04241202953887577 20954020.227591824 0.08707025853285956 0.10459210961546642 0.0866136043556206 0.10455294777409775 0.045937960214008616 0.062158300401023166
100 162101.0 0.04744978042376233 0.06370154948814259 2022061.6128176383 0.04121616845140509 23550427.630664915 0.08644895468758092 0.10343096768804971 0.08663404835604131 0.10450717338981694 0.04586062656661872 0.06216245330823117
110 173491.0 0.05342414547386721 0.06443503293573638 1430183.8379645369 0.040546789028711505 25517675.696320914 0.08892573945913827 0.10334723415215376 0.08670573225577811 0.10440913883343796 0.04947635686304421 0.06270611971895497
120 183783.0 0.05555661904863868 0.0666541668797191 1322496.213437406 0.040011996030555025 27335233.30876694 0.09097688020116018 0.10360610430758116 0.08700925602115803 0.10432569302072203 0.04993973203852601 0.0638132545408519
130 210728.0 0.05724178599947134 0.0673528819956698 1217304.8706799182 0.039649658036629176 28923009.72216114 0.09113001145064999 0.10342821611756149 0.0873208742286756 0.10426812747389286 0.05118019493156935 0.06422827357102011
140 229314.0 0.057704855917917575 0.06741247009252609 1208601.6543433683 0.03934588060013144 30454377.081949085 0.09112446060734575 0.1039444221737444 0.08758994413883106 0.10421223293249025 0.05165153136047096 0.06430030782835629
150 240877.0 0.0586095791485441 0.08301339287514473 1233744.7941605453 0.03912614689820178 31916925.30471615 0.09117571722325919 0.10520107988877188 0.0878246062467041 0.10423528423919176 0.05255500184022927 0.07813913622021677
160 254958.0 0.05862700194986648 0.08311672838149659 1259401.8975470269 0.03893065198447582 33378913.6403145 0.09102851135031219 0.10516243578662002 0.08802457793619967 0.10429527691820975 0.05265514455972211 0.07825460964536136
170 269869.0 0.05874948461506577 0.0832451029519839 1273737.6565162987 0.038765543468399694 34823134.97753545 0.09102968836185767 0.10516415919453903 0.08820028143175287 0.10434606807262253 0.052868978136144884 0.07839823407338962
180 280859.0 0.05943695067372315 0.08329898966669308 1275696.1248730356 0.03858633380026839 36291510.27572796 0.09084062831832536 0.10518276689564264 0.08835853966897031 0.1043920027597595 0.05331165107017524 0.07846887008058197
190 297990.0 0.05948725483849301 0.08340631095892441 1287839.8884833653 0.03843096396824476 37746006.414708264 0.0908398101755266 0.10518396255851796 0.08848847472407942 0.10443345149243585 0.05341660698579477 0.07859695231880191
200 318084.0 0.05963788881049194 0.08353315593940934 1300913.1391406865 0.038369044996853806 39107757.72326606 0.08976469357204371 0.10517141919571651 0.0885523682311516 0.10447023622439562 0.05357724126614628 0.07877000938301867
210 334120.0 0.0596420373472697 0.08375548629585669 1303246.13636681 0.03832258851749342 40456193.269303955 0.0853999477624225 0.10515234676857627 0.08848688852846301 0.10450292336657584 0.05362871063283468 0.07892233375723018
220 355739.0 0.06361209714527216 0.08791558277136488 1099017.495361584 0.03845298944546757 41410260.46132645 0.08809985657034199 0.10702678502125904 0.0883715485506919 0.10456448301564299 0.05553809404492018 0.0810499657284888
230 372018.0 0.06421946979535656 0.0882469985642032 1081150.8327754168 0.038582229067208935 42346749.53969636 0.08926270006339011 0.10730476534216865 0.08837476359234653 0.1046796147596551 0.056004391066667394 0.0813516706571026
240 396200.0 0.06701998721545001 0.08863025625619379 964779.4690641746 0.038751765438707966 43095710.9979851 0.09082318447134147 0.10756821651886328 0.08844625183754029 0.10479403764151482 0.05805991822001713 0.0819453044199785
250 410286.0 0.06838889270631411 0.09063848926394152 914885.185876014 0.03892492773923722 43779111.407849915 0.09120468499422017 0.10800742805362308 0.08855159641580762 0.10491329026590758 0.05926717467617852 0.08373862139405172
260 421176.0 0.06839092905603433 0.09082194730181818 926954.5985971539 0.03908524473496461 44499477.96082358 0.08983717416626968 0.1079395447279585 0.08861657155050975 0.10503053740635242 0.0593743183655592 0.08391748441723586
270 438300.0 0.07278202044482819 0.09084621332749024 769902.8142479318 0.039141817613860444 45170729.306004204 0.08801257717409489 0.10758852633986611 0.08864621350209721 0.10513808580842997 0.0621037037138329 0.08400991561343028
280 447652.0 0.07391209436781702 0.09149771714955891 746225.7885554285 0.03917267592637716 45860953.86414918 0.08736168321137089 0.10757003634866276 0.08861952546524313 0.10522523050466616 0.06273508966549753 0.0846328637792999
290 460392.0 0.07401169319577511 0.0916587303181847 748111.4048077624 0.039191428322918234 46574959.22395539 0.08736067328469564 0.10756598071911692 0.08857631059248856 0.10530574200696455 0.06280839008105572 0.08475202023774141
300 479093.0 0.07667460332603138 0.09230477832049942 680904.410345536 0.03913422864260584 47374257.6972213 0.08982076266380071 0.10547924543597376 0.08861574978836348 0.10531208422858979 0.06406694822418602 0.08517334226002286
310 494020.0 0.07691689940345536 0.10146288746472663 681431.4197175293 0.039067825078904356 48195013.47349358 0.08971861287972685 0.10789667555458803 0.08865251500906995 0.10533299080710921 0.06423321169911676 0.09186063317005326
320 521120.0 0.07707193291782806 0.10159249299092915 679413.1510284228 0.03901149086915255 48993179.7772342 0.08970000394075126 0.10790443797121368 0.08868532281670002 0.10541302472193607 0.06440184501227597 0.0920312599177636
330 534691.0 0.0772027231065862 0.10273079989354736 682651.2926701938 0.03895856778417488 49787601.81872416 0.09002261770031565 0.10736107131961661 0.08871617843644863 0.10547971670514021 0.06449278618411933 0.09319617341440325
340 549667.0 0.08087002661351274 0.10421283160975056 597031.646288079 0.03898152539630919 50333479.54566014 0.08479222782983652 0.10763976537568704 0.08865752058102941 0.1055365625685246 0.06726937838006203 0.09398311535103947
350 574384.0 0.08133060958838251 0.10577543566926628 589817.0571534663 0.03898850766282165 50907474.162377976 0.08424325342332423 0.10721319849575792 0.08854033623884552 0.10559269807608994 0.06749998618505547 0.09410850270733996
360 596642.0 0.08258019895725933 0.10577881721764648 566710.6499601994 0.03901093816722234 51422521.61622056 0.08409178191405062 0.10719289010945506 0.08841792769037851 0.10563703082731152 0.06831216289276136 0.09416723152687663
370 625006.0 0.08390031736740813 0.10682424409697085 543599.9822060381 0.039030588368618606 51919598.230931826 0.08420554769969538 0.10727445493667907 0.08830255881619775 0.10567953068112018 0.06902321881343353 0.09510691822749347
380 656267.0 0.08636723633351515 0.10940022641055748 505155.873586129 0.03891095805639022 52746711.59915104 0.08137607297396603 0.10501964316568208 0.08814871808192559 0.10567342043975936 0.06947251003043639 0.09816161388081703
390 669033.0 0.08637334617621302 0.10959159121461394 505709.1610335003 0.0388046492469134 53540646.2429681 0.0812978034763373 0.10482783611241028 0.08797532089564188 0.10565654554876454 0.06936000975048993 0.09830952806984444
400 690177.0 0.0877023861294609 0.1107706118742125 488995.06496653607 0.03868246722746881 54374362.06322618 0.08121937679115881 0.10473696373958626 0.08780729531626678 0.10563542726002917 0.07036206583877887 0.09838597902445803
410 702968.0 0.0887788346772111 0.1108739782232107 475632.6697905216 0.038573014327606236 55165552.033145346 0.08157829468920266 0.10480665725173789 0.08765033060006028 0.10561487363046838 0.07071305455325813 0.09847144047735588
420 722833.0 0.08916279972683937 0.11367883008268839 476821.38533474755 0.038480251795970095 55910626.35526298 0.08137826080816193 0.10507827159156406 0.08750134754076672 0.1056001331132156 0.07069688595024344 0.09938671670625623
430 742038.0 0.09134349970965376 0.11394534988928343 448820.2959206132 0.03845330120893095 56437443.24307954 0.08149784577402822 0.10377518649889574 0.08736599260626618 0.10557598996542614 0.07205747077365315 0.09948242517945771
440 775886.0 0.09191311407511375 0.1160294495148409 443753.24266358756 0.038407616223017374 57016252.123216115 0.08134512461564654 0.10431409538630776 0.08723142724513129 0.10554753258950636 0.0724909630067557 0.10064142958653713
450 789919.0 0.09211126349900646 0.1160481727617336 441988.9419347516 0.03835421415232886 57618168.53795048 0.08257425114941361 0.10431533966133777 0.0871209012705743 0.10552020070640125 0.07264087292111765 0.10058334889832454
460 812856.0 0.09213699843994323 0.11694153180416457 445941.6582747497 0.03830321781693169 58216978.63130524 0.08257420668273067 0.10314292898364923 0.08702227502000198 0.1054813485293271 0.07256447243554369 0.10069565475766595
470 834482.0 0.09725501070654158 0.11866218571279932 382096.1936505231 0.038347034405284024 58465105.11177215 0.08461516395507127 0.10343903071436532 0.08694465728406499 0.10543340713550466 0.07516317086223644 0.10182398159566165
480 842470.0 0.09952259896253529 0.12058121731404753 357857.5384784232 0.03838673849191456 58698136.96167115 0.08484882150709855 0.10319494600389642 0.08689885695962563 0.10538741249037846 0.07663822774340699 0.10282456488290842
490 868646.0 0.11515837102180533 0.12093445474831274 231496.60152708026 0.038550419392885636 58363435.3927823 0.08986568908873442 0.10319048301224132 0.086949063962476 0.10534273711308857 0.08280214941179173 0.10292460768189277
500 882790.0 0.11563122259978251 0.12116144275960768 229207.9105321655 0.038629125136022846 58314954.52537841 0.08760952648915636 0.10293283949920554 0.08698418874249945 0.10529544625782833 0.08305360990989932 0.10300738153460745
510 903562.0 0.11669682475488569 0.12313845048360372 224277.65343329593 0.03871535926456365 58236844.746713884 0.08738715970129056 0.1028915097729169 0.08699260275625939 0.10524878496961622 0.08349195785711314 0.10440142164677216
520 919574.0 0.11713835402583037 0.12331009353713084 224180.26737030392 0.03881490406597831 58117386.21797064 0.08730574919501077 0.10280125401791 0.08699913072754921 0.10520308628878139 0.08365536693447015 0.1044378177304425
530 935755.0 0.11739972519939379 0.12348779018335249 225552.49084482045 0.03892004979215798 57985738.341462016 0.08721958696555296 0.10274440938800275 0.0870044333578307 0.10515757142204986 0.08375683521165751 0.1044881107574744
540 954077.0 0.11754259930219887 0.12353960501493927 229731.61123947875 0.03902098960877763 57878067.55079125 0.0872060030315444 0.10260049131842877 0.08700833287785366 0.10511232106217082 0.08376027556573443 0.104452294732322
550 982848.0 0.12060743554810636 0.124559881780806 212888.08879684343 0.039169095462661487 57600745.02577937 0.0873539212176423 0.10275802735063244 0.08701408372675251 0.1050684350835921 0.08579363166543082 0.10480787991841073
560 995169.0 0.1212947949964867 0.12457688378959536 210867.66888072816 0.039282159088899704 57436155.9543698 0.08745160390046898 0.102801946403888 0.08702081147296223 0.10502733297205766 0.08633838014404362 0.10476947323755835
