1 2856.0 0.10342343740028383 0.13304474518106946 145855.74643705395 0.10342343740028383 145855.74643705395 0.1816899343354954 0.22428104987953457 0.18169386315848707 0.22423931496720295 0.10342343740028402 0.13304474518106926
10 21383.0 0.1038611692129938 0.13408380824699276 147057.7820908991 0.10079650806904356 293402.7058842542 0.18078814564167392 0.22134295413792723 0.18109432201054873 0.22234328799163386 0.10215882422129734 0.1322403884566467
20 36770.0 0.10416222007625668 0.13464230726016155 146484.6831037113 0.09992086495863013 440095.6508100857 0.18084603725567241 0.22132079869461196 0.1809512849459895 0.22186592570370944 0.10148699362152266 0.13163734801202118
30 54165.0 0.10433554857957592 0.14084597044067101 145923.4954393521 0.09950438694855764 586137.6771072091 0.18051859035636217 0.22135941317618146 0.18082837907855134 0.221700718892432 0.10131866621026461 0.1370550180968644
40 70250.0 0.10489733643319417 0.1412467816131225 145365.61621813267 0.09868968671097296 732194.3440775475 0.1805973957237091 0.22141611108040063 0.18074688154699425 0.22161940294251326 0.10138588888613502 0.13717777094505063
50 88849.0 0.10531560719407797 0.14517059102520632 145054.67960462306 0.09813746807690255 877765.2218553134 0.18057191025313382 0.22147898785232217 0.1807163396213436 0.22159919823990243 0.10167457774468437 0.14097489176914416
60 106922.0 0.10703777808538212 0.14568330010333383 139686.59058517893 0.09777535364393983 1018123.5924205704 0.1820893409437463 0.2214624883063658 0.18087852231259252 0.2215757954363805 0.10235459763803141 0.14111317692936406
70 119290.0 0.11049950153747026 0.15281178520286956 128158.73079450865 0.09666109349564299 1153212.8550732844 0.18313830461826033 0.2221303212341463 0.18109336817990174 0.22170744671072237 0.10461949406494667 0.14692664845965167
80 142639.0 0.11082522257529165 0.15897381574492228 127846.63161050338 0.09582636248803661 1286475.6652655571 0.1839175172233167 0.22405869104468187 0.1813755821881624 0.22182332457488915 0.10471547276713189 0.15124788628708868
90 160849.0 0.1135240050488885 0.16057308364845554 122194.0980864205 0.0951383726923439 1414366.916273033 0.1843296823812325 0.22410124688684774 0.18165209119428083 0.22206776294196615 0.1067983510665754 0.15275280608107122
100 172040.0 0.12106280220535365 0.17334454600172683 103823.13901142967 0.09440393098209965 1528938.162469526 0.18390586086471494 0.22801545971296985 0.18186108168656318 0.2225093567045076 0.11056906352467401 0.15984771287775396
110 190424.0 0.1223220678532052 0.17373168010834966 103047.3290573992 0.0938457496561579 1640400.8269058885 0.17915293332649707 0.22653195465752446 0.1817878122105108 0.22292508902415056 0.1114339334347291 0.16039012328654811
120 202884.0 0.12251462962245573 0.1737825354000649 106002.39540881463 0.09301613979675968 1759982.8586431313 0.17868818040582063 0.2259874540229889 0.18154405686306943 0.2231980472217267 0.11132842404657173 0.1605963167738563
130 213873.0 0.12253614608404419 0.17392300147578382 108485.32937322909 0.09230504563156121 1879858.9911553296 0.18784213466300279 0.22598889560845856 0.18160281271232862 0.22339069836740696 0.11111232787314301 0.16073819602720282
140 228961.0 0.12470669172514126 0.17827046944286778 103964.9706072953 0.09176914074786052 1993354.6742120127 0.18530732670712546 0.22665530519717528 0.1818924517505349 0.22354814138706164 0.11261353373967158 0.165048729675309
150 252079.0 0.12496883430117511 0.1784618490000348 106369.98241875124 0.09150005958187526 2103843.6835932913 0.1847087077331064 0.226346422539028 0.18210966722959906 0.22375990640915247 0.11264912243908952 0.1652041141518461
160 270278.0 0.12764514049223066 0.1794827580233533 99891.58121892688 0.0913396131560264 2206620.0615078122 0.18326827530249004 0.22860438457115323 0.18217859908912984 0.2239208982992218 0.11384944448868359 0.1656466968758001
170 290180.0 0.12998569530815743 0.18304034962582752 98225.29542383806 0.09121230875986507 2307241.700127281 0.1840111475009314 0.23101855676949828 0.18224939385339572 0.22425628841624948 0.11504032373722635 0.16709028571069973
180 302426.0 0.13031711503245938 0.1834289397730283 97720.6381105409 0.0910417482861129 2408356.2488675234 0.18456123212634964 0.2276015833421891 0.18237965102454734 0.22446181821338315 0.11493740684010945 0.16696579633404707
190 317634.0 0.1357155669632433 0.18514204284666758 86742.1608345726 0.09088824385973596 2499191.7941210605 0.18639958736903747 0.22959552789953075 0.1825475607742102 0.22467006900606412 0.11676461501199563 0.16723310449119352
200 342092.0 0.13756213157173813 0.18527443991119 83539.06833831586 0.09055965314339087 2593018.033172144 0.186466421648929 0.22961136816767114 0.18274225742178282 0.22491589301967307 0.11799743393605092 0.16711249282473226
210 360649.0 0.15266913779097918 0.1942201452728853 61335.99498748956 0.09095866626391282 2639051.5108736255 0.18540886319549216 0.23282174793211324 0.182882324293771 0.2252071805252863 0.12843818923175876 0.16973417294434656
220 376206.0 0.15291579632529173 0.19461243418471594 62238.66358996704 0.09132298259134589 2687801.2487255153 0.18526173960318487 0.2346461130795651 0.18298773649592878 0.22559240140295947 0.12879835501805287 0.17004443391077667
230 393133.0 0.1536076311321327 0.19490237128712415 61532.16021307551 0.09158822990630355 2739262.349941005 0.18631433910631062 0.23519077324549356 0.18312549638430484 0.22600181687251708 0.129229193876257 0.17020252488063226
240 405562.0 0.15485044017200644 0.1960475773909797 61246.17866741182 0.0918182169507691 2791771.4859297634 0.1846173596366081 0.2352718927652316 0.18322358841991404 0.22638404452939037 0.12992278626549594 0.1705839915016402
250 419174.0 0.15597270493218265 0.1965572793549121 60960.40118061567 0.09186442959038008 2850867.3056475883 0.18408076503813728 0.2344033687821304 0.18326190261134276 0.22669956728890323 0.13085891926603288 0.17038989159668927
260 434996.0 0.15627354509934938 0.19732566741677637 62369.265375676005 0.09113447740768599 2950413.969635636 0.18436314234041037 0.2350360973653566 0.1832933723323394 0.2270050661628266 0.13129289765584426 0.1707039021047559
270 450061.0 0.15667528985961415 0.1994752278565805 62070.732618193455 0.09032513539454722 3056918.492738172 0.1818360858396199 0.2373544317144551 0.1832815976428858 0.22731487574609843 0.13139680599033834 0.17249558834247147
280 462877.0 0.1576884441811538 0.21577431095142305 61079.32236870941 0.08969566150555609 3152993.2790629705 0.18180697822461014 0.23681892531023963 0.18322948366643182 0.22766247547209564 0.1320898676735121 0.18323154722571264
290 484686.0 0.15815132391168812 0.21610356084251614 61127.216633430915 0.08908876776704742 3249034.0995548703 0.18223942428576378 0.23707811668743894 0.18319394501852554 0.22798547208133377 0.13195378830964766 0.18361184740973388
300 497450.0 0.15817103873840296 0.21640094293887088 61380.657673810696 0.08848469061877781 3346459.729870333 0.18198328408486128 0.236567805601837 0.18315627640112936 0.22827568212967186 0.13191011605286507 0.18394702340866992
310 516149.0 0.1608492194220036 0.21790719108762271 59299.660267347084 0.08797940305838592 3437014.8513907776 0.18130706573796687 0.23742855754763692 0.18312448499215095 0.2285530166361564 0.13308903328555646 0.1847384145730053
320 525892.0 0.16179419946038182 0.21849113314144009 60012.31243764319 0.08732080243397203 3541032.672686985 0.1792881987196607 0.2342913731765169 0.18303585182979043 0.2287526284260427 0.13320856011309604 0.18508611318045248
330 543193.0 0.16216783417010852 0.22567269208519933 60190.029012473264 0.08674194537012052 3640459.971733405 0.17685015962568693 0.23242000578508956 0.18287849035972917 0.22888586157546445 0.13332065737449666 0.18807924763576708
340 555183.0 0.16340732574850236 0.22623785947132796 59417.79396268958 0.0862376188547327 3734841.689929558 0.17915586384463503 0.234171862121752 0.1827705036090382 0.22904000870168803 0.1335543273237572 0.18831951830307214
350 581279.0 0.17565967922323403 0.22764211334760806 48903.075914969406 0.08577209071925901 3821557.736501302 0.18132577183621876 0.23367896320273546 0.18269679392469693 0.22917792546840668 0.13640005420215343 0.18851638553568442
360 597588.0 0.1859035162680647 0.2294116593351587 41530.84797966018 0.08524242875779198 3912135.8652809835 0.18195450543792357 0.2358137737481198 0.18267039177985311 0.22935322422633483 0.14080726496428608 0.19014453810845283
370 616774.0 0.19474935641003394 0.2305627220451317 36141.590726829985 0.08509529100185372 3961972.834759971 0.18233216575824024 0.23587874367492956 0.18265644818182517 0.22952893686421819 0.14602758804037055 0.19100224979440947
380 632047.0 0.19532756127690307 0.23283733933929202 35998.15666005203 0.0848576373756695 4020813.5690640174 0.18334653657503222 0.23479699715067603 0.1826615470927671 0.22966713471342676 0.14642800148889057 0.19194976781003392
390 652907.0 0.19578846828279414 0.23300987192041503 35779.715558988806 0.08463186643079448 4078595.807384879 0.18336783690592537 0.23482088267009268 0.18267944712527892 0.2297987594924189 0.1469440864626607 0.19215922386811599
400 670535.0 0.20213650988343532 0.23354874412835103 32826.73624646214 0.08480681117730035 4095183.0517346477 0.18522909823187814 0.2346544880789137 0.1827234973611164 0.2299181596995715 0.15190113306064087 0.19238869565323882
410 677325.0 0.20593519851642678 0.23401625704056828 31240.751981755453 0.08465416363423633 4142038.242087345 0.18410155895135694 0.23420349503385393 0.18277920867190234 0.2300309067263033 0.15469473349705326 0.19286965350338692
420 691863.0 0.20676475533442987 0.24770715702493276 30909.651162720118 0.08452692185446384 4186057.4089557026 0.18425772250368244 0.23711464425106799 0.18281296099184377 0.23016277805559943 0.15537376369307326 0.20066044767863964
430 704065.0 0.20702437942691418 0.2492443883399966 31250.447403751332 0.08437272052014083 4233342.94353989 0.18149934125185946 0.2359811754571483 0.18278364147095072 0.2302954322562352 0.15546067573013042 0.2011893994269143
440 718715.0 0.2071696350201076 0.2578020372502296 31248.844620679363 0.08423472325824337 4279011.190632263 0.17969948062621474 0.23822268365529622 0.1827196575225657 0.2304235122767588 0.1554517818978005 0.20746554000582876
450 742916.0 0.22014183482457036 0.26696689139044577 26166.27934635093 0.08413191997090781 4316691.109175685 0.1811981714713604 0.22666340256532805 0.18266051103892197 0.2305187410135436 0.1603662721679743 0.21141794670564415
460 759846.0 0.22072689348768723 0.284923827336211 26108.09694990377 0.08400424334957107 4357272.262432393 0.17899079076360377 0.22545578756926113 0.18261320687803861 0.2303779937038719 0.1604840171595141 0.21805315303098857
470 768517.0 0.22114689260266487 0.28643852569873657 25997.717231104496 0.08388076379678111 4397375.911805446 0.1790666862807426 0.22598197545388782 0.18253752424369782 0.2302818117636552 0.1606031791628897 0.21837655813380416
480 778862.0 0.22836485827293768 0.2898073637610172 23640.047756361026 0.08376866116268532 4434299.5451686075 0.18122405942798536 0.22635660371726224 0.18249227902753948 0.23019711291024705 0.1646876648496018 0.22024044755314864
490 793199.0 0.22839756680858708 0.28984592449132135 23851.761344560942 0.08370423932653194 4465729.291089468 0.1814352442717895 0.22632899340637425 0.1824691035741113 0.23011896287519104 0.16472320184816452 0.22017819882372217
500 818915.0 0.22864676790866537 0.2930495283790148 24483.33954154734 0.08364022578113224 4497699.243023054 0.18061005052612433 0.2252910994696503 0.182443925231284 0.230034167410621 0.16474373802657727 0.22114107118155144
510 832074.0 0.22918275980517952 0.29376730475118984 24598.458442201423 0.08362493843043638 4524066.885441671 0.1794636126541985 0.22402721223500607 0.18238984925158716 0.2299231376715724 0.16460006448335515 0.22115012201301001
520 851770.0 0.22942708267800577 0.2942794647145426 24557.682762925575 0.08361022796089884 4550329.298956645 0.17946203272025463 0.22402721171267 0.18233367741695808 0.22980997211416282 0.1646009775308042 0.22097613100161714
530 873232.0 0.23001530309697102 0.29462300504220484 24660.886459051515 0.08359602383411985 4576634.58330414 0.18036297312649602 0.22402547466883252 0.1822947639670509 0.22970105422177126 0.16450459042355864 0.22099327803181534
540 886080.0 0.23031996568295937 0.3092012815138994 24587.422642951096 0.0835541700758742 4606115.326922479 0.17994292060139866 0.22695303172288436 0.18225978667935752 0.22962542882495696 0.1643486715144268 0.22529807266783813
550 894231.0 0.24034588144819893 0.31057990606180225 21694.2472357865 0.08362780915152092 4619037.2011649115 0.18200650394134377 0.22686018966421126 0.18223989143729183 0.22957733367492286 0.1707701639898261 0.22627547735423906
560 913625.0 0.24058336827212584 0.31117832190897077 21738.251094787727 0.08369886439995197 4632346.484726013 0.1813385174213927 0.22661810129091237 0.18223308277522454 0.2295282982440604 0.17080564206187226 0.2262704875690327
570 935476.0 0.24354396739843914 0.31378912574678486 21044.354890252056 0.08376746946740266 4645178.637292827 0.18193566999885355 0.22652251854722036 0.182220554067247 0.22947684541270055 0.17176316297496036 0.2263307707297761
580 945594.0 0.24703510754072344 0.31637366118416677 20177.36878501516 0.08390305090590763 4649233.409237801 0.1829893402007374 0.22479191646089958 0.18221911855977413 0.2294115089116925 0.17379271266736257 0.2271022363007288
590 962320.0 0.24902890808745023 0.31806783479215656 19719.086026226247 0.0840753614477817 4648648.762233045 0.1830160700029081 0.2241652726765178 0.1822324119734279 0.2293190471490597 0.17410922972907303 0.22743303783583943
600 979892.0 0.24911901169900713 0.321099133945401 19871.779924408467 0.0842081146375669 4652893.407276786 0.18245349115619175 0.22430906237632595 0.1822402868238478 0.22923363008138462 0.17416934564396533 0.22903571468997824
610 998549.0 0.2624925808356153 0.3212788063828065 17023.25954344542 0.08449911034467046 4635421.572078662 0.18517781693222685 0.22452883451430616 0.18228147441410242 0.22915451302541986 0.18228919403895083 0.22915399738684258
