1 206.0 0.05503745051000974 0.07149861217740364 1183638.2440461935 0.05503745051000974 1183638.2440461935 0.17423872438603233 0.18089609065149204 0.17470812905766017 0.17603582715121113 0.055037450510009724 0.07149861217740242
10 7866.0 0.06236520790647607 0.07985220901201569 823184.2895798421 0.05853283273095808 1963649.332611114 0.1748738651835375 0.18199168262931106 0.1748581691549109 0.18103147894657984 0.06215760891333618 0.07930606865435622
20 24188.0 0.06406638141057848 0.08783530912212402 769114.3454673061 0.06023256233559828 2708889.607237326 0.1760464551786097 0.1856736000753687 0.1750497586115189 0.1820135773239045 0.06380619853486846 0.08593386480265272
30 32727.0 0.06407631860708828 0.08790778981995516 774674.3879466231 0.061052019886455366 3473348.08636647 0.1760276394436339 0.18558452629937874 0.17536763204128072 0.1831769819433146 0.06386440456586091 0.0863891781584674
40 39152.0 0.06407705735656316 0.08871088065999035 796196.918697674 0.06125101020669686 4267256.56682385 0.17572527369252516 0.18915063837649362 0.17532607545256185 0.18372336413799947 0.06382012243008542 0.08718421991945949
50 52350.0 0.06433276005166011 0.08881204025219011 805241.2544078138 0.06143044312384249 5071020.282147375 0.1757184476363801 0.18908176428992124 0.17540275906334007 0.18478829965311827 0.0638671142455468 0.08731127643991787
60 58439.0 0.06479197927172659 0.09203157755296576 795632.3482923411 0.06159982936492641 5864977.291882962 0.17603590556240772 0.18571357699302227 0.17546854073515436 0.18520653344648785 0.06408489217643883 0.08977990470067555
70 73398.0 0.06482712132952888 0.09215970888189318 813219.3553203304 0.06164388160624432 6677900.618584084 0.1768140531951131 0.18449290544732871 0.17562725458735154 0.1852814242489898 0.06410865180039983 0.08960731390968374
80 81634.0 0.07968822412812768 0.09470119782330212 445408.9336174466 0.06312114387207186 6965458.806102843 0.18479937936113391 0.18241534742333626 0.17616508688851937 0.1849697989989711 0.07263278950519822 0.09138137851454176
90 90183.0 0.08069518520192108 0.0977775808596801 449815.58684281865 0.06440078726324198 7295452.367696952 0.18676651538680666 0.18419640128208725 0.17722008830809446 0.1847778450012236 0.07392668165654626 0.09331838094596326
100 111108.0 0.08080425853142302 0.09889343459118653 450855.20486755174 0.06544012756929814 7655055.646370194 0.18659093327887855 0.18357031685492006 0.17815329593713192 0.18467726066019213 0.07451740559489166 0.09408951870646211
110 121594.0 0.09230719887578936 0.10488298585761958 305117.642625774 0.06653198089102474 7786747.143127276 0.17844391764148948 0.18575841717980535 0.17825198425046615 0.1847653287697184 0.08204510611585177 0.09778789190149802
120 132940.0 0.09269994389532679 0.10984850915229796 304871.9169617398 0.06745586865842759 7952782.700021073 0.18171995517825512 0.18543077419817552 0.1783132608427246 0.18479983685813253 0.08255906485336485 0.10068080965493378
130 147537.0 0.09739121121504918 0.1142457949453639 263932.12330089055 0.06827891124051151 8077529.2679159595 0.18134607983165396 0.18714685422287927 0.17855972491834052 0.18489726616850025 0.08620525791825344 0.10264144273395509
140 160333.0 0.10162049814516871 0.12000499171932091 233677.92737793937 0.06911875103602447 8161469.938567552 0.1855809985360985 0.18470989184648762 0.17886530242943224 0.1850514989569333 0.08746473292225047 0.10534771746845774
150 171662.0 0.10197565393049385 0.12574284259929078 231843.88632726023 0.06990406259532625 8259792.029853905 0.18558391667176624 0.18574031245989686 0.17930821663732194 0.18504637730191142 0.08808472454713968 0.10856135704310882
160 199351.0 0.1024401030034663 0.12594735866211854 230160.36977748814 0.06997478479469228 8476342.782370016 0.18219334027081144 0.18453008424232717 0.17953971767674837 0.18501980056580616 0.08872323392540382 0.10876296927656037
170 215307.0 0.10342961953143393 0.13072899378970665 223752.6047321638 0.07002185267301414 8690814.98234687 0.18165847152498263 0.18465546780579448 0.1796730050716254 0.18499629484188612 0.08939065917879356 0.11195935994039373
180 228267.0 0.10598862183999148 0.13196686775456382 208399.87286972688 0.07012171304245311 8878670.729113048 0.17886745271869942 0.18223818274896392 0.17964006815766947 0.1848482882385166 0.09069517581338019 0.11263620267676262
190 246153.0 0.1073516956848157 0.13261867370531544 202310.71648878604 0.07048965129152199 9009306.398796441 0.1805210632181159 0.1870752311549265 0.17960829139519172 0.1847567583074161 0.09260517076818797 0.11308221930593812
200 267549.0 0.10936659252358054 0.1452685968763933 192029.9002214564 0.07043515192894126 9213428.385342473 0.1791455232258992 0.18908795172411502 0.17960755718169552 0.1849390262355959 0.09419011503878474 0.11857079079739304
210 295501.0 0.10972489424265426 0.1458413235965118 190531.09102127125 0.07038193285803554 9415883.82420289 0.17910318299523467 0.18903927938948692 0.17956274309471207 0.1851391350767625 0.09443715372000111 0.11902728159285442
220 314359.0 0.11087467032254297 0.14685707007077242 184982.45125656304 0.07033335580815035 9612029.91222023 0.179103588655078 0.1890374822721842 0.1795419373673289 0.1853155706693049 0.09491923644223324 0.11991519872438952
230 327866.0 0.11087645547140607 0.14686531600436542 193463.71991797053 0.0702459969351688 9825166.224798912 0.1797699707640107 0.18847214535765144 0.17953684170924847 0.1854643060913237 0.09499742291611786 0.12007582116359594
240 340311.0 0.13037553046794328 0.15088118789040272 121800.49592336007 0.07034288463005532 9919042.540160526 0.1850160417794933 0.1891756910770765 0.17977228987736799 0.18558875317292747 0.10386286712555418 0.12051505321051094
250 352744.0 0.13106506496483053 0.15317307962579768 120418.04102133689 0.07042307874534477 10016306.766300933 0.17817741141783075 0.19153896113040045 0.1799268012461204 0.18575312177670567 0.10420501318894301 0.12165787496560432
260 375863.0 0.13220204340645095 0.15624285023238832 117617.83157443485 0.07042575020229691 10133137.133122552 0.17842523069785884 0.19213658698845645 0.17986726444305898 0.18598959351175312 0.10477417400799204 0.12220844486444196
270 392178.0 0.13237215103372071 0.15757965218461076 117591.7224499861 0.0704608260267215 10240460.354093397 0.17996937465768476 0.19203579480929328 0.17982259535789513 0.18621924122731576 0.10525295962514296 0.12351383464089943
280 400256.0 0.13693545796705425 0.16438473869838258 108168.71524824596 0.070716472031561 10274591.765794076 0.18041875265308452 0.19235080811993704 0.17983555086978767 0.18643333253954505 0.10842082909216938 0.12889862038481792
290 414887.0 0.14036340816924453 0.16804861266531568 102500.79227565062 0.07107021748033616 10275976.82395658 0.18431184876460438 0.19229186886298205 0.1798845209807145 0.1865597994537547 0.11028033951847896 0.13011428030966846
300 424621.0 0.14074265231380811 0.16943850386237835 102425.42680517201 0.07140785536828397 10283805.360936355 0.18448477284648468 0.19434446112971887 0.18003504604299891 0.18679113275613976 0.1106277420456167 0.1305884335047249
310 446716.0 0.14577477724454752 0.17559375109412176 92763.14302747414 0.07172288533457677 10285354.030781992 0.1838577746944868 0.19212906643171165 0.18017259263179694 0.1869836306914806 0.11378656955508568 0.13265744501144167
320 457902.0 0.14631988675999838 0.18085912221476355 92433.7855439606 0.07203497361974102 10289107.433407554 0.17848736354602196 0.19166376055156067 0.1801628907067332 0.18712606569558513 0.1144604142623439 0.1371843227562742
330 480849.0 0.1520991118847293 0.18630427490845988 82826.17618213725 0.07239939903776957 10266325.009073371 0.1812546721473739 0.19311609032217827 0.18015884609272986 0.1872888665709243 0.1164264365501534 0.1406505704660935
340 501013.0 0.15901027126932987 0.18889082092482212 72929.54541097445 0.0728953599908271 10194959.145904593 0.18556534425377766 0.19455302580779266 0.18026660560091715 0.18748133304582598 0.11779799272395072 0.14206162523447166
350 511872.0 0.16590949727070814 0.19461322035039053 65320.35592155605 0.07322257710907437 10160385.899936453 0.17770953628755198 0.19099377485498995 0.18038708800301007 0.1876001851773982 0.12212624108917293 0.14479807041204976
360 520426.0 0.166314017628155 0.1948464935297454 65802.10343934545 0.07350729669398344 10140545.799598899 0.17511446294221172 0.19044233435046215 0.1802838284161368 0.18768701808860613 0.12241456146786539 0.14483878440261602
370 535386.0 0.16705288784768893 0.1951714250698292 65300.49766429282 0.07377646475184442 10125832.88594764 0.1755538906355922 0.19042687334591338 0.1801554400277686 0.18776071034093403 0.12303619167013594 0.14509251788843985
380 557654.0 0.16800916864326343 0.2067653280580874 64754.07817399352 0.07384374127332317 10170010.485849136 0.17635768290350456 0.19003628296940495 0.18001340944980815 0.18777885504543068 0.12397285897611485 0.15411419511543958
390 570398.0 0.1734477357894115 0.21369205351925358 60515.34493898102 0.07395306085237133 10196757.92951029 0.17747391021556247 0.18851019133436295 0.17993207311377785 0.1877620873726513 0.12752003430728334 0.15621213711684398
400 587525.0 0.17527904480231998 0.21388979533960936 59069.94830182494 0.07410899256719714 10208060.738124132 0.17762886616641435 0.18849553176607203 0.17987210077797516 0.18778050863193338 0.1284699743068231 0.15627254993551934
410 609450.0 0.17586894658083266 0.2140456304213204 58660.464255610816 0.07426274905063551 10219941.67261381 0.17738668689002723 0.1878102911806555 0.1798128289008665 0.18777874063881447 0.1288500686184681 0.15621228030521345
420 633789.0 0.17688464466208376 0.21765180152494656 57866.56366533512 0.0744035624840473 10235049.46935633 0.17949603209230378 0.18797564420414595 0.17977455686882837 0.18777427293067175 0.12946385959957873 0.1576971041409201
430 648609.0 0.20236464785607405 0.21940881428060416 39433.408404084104 0.07454961741661624 10225548.251985483 0.19370795032351 0.18773819101678985 0.1798531797316373 0.18777389486110668 0.13793696348987475 0.1585638288132962
440 659153.0 0.2032664531367523 0.2237087805796938 39537.019242002585 0.0746874190709373 10219280.848330228 0.19507784944922288 0.1890054947252137 0.1801881758532456 0.18779249227890268 0.13889193932400165 0.1602405142699004
450 667015.0 0.20724143280827836 0.22507498614398183 37382.96516113843 0.07512585675057772 10117339.993188674 0.19397570571209385 0.18874652016898735 0.18048681271671413 0.1878198223168458 0.1414149746300687 0.16085432341495046
460 681487.0 0.21189216230568786 0.22664667022345872 35066.85007523176 0.07555345426092992 10017413.911356026 0.19272693161785118 0.19257237852636663 0.18076954758358507 0.18786391353232093 0.14234973209630922 0.16209056992258963
470 695591.0 0.21228625100556883 0.22756477034764905 34898.80597132421 0.07596739010209556 9924363.83711853 0.19396759931424185 0.1919965974641947 0.18104022900320893 0.18796075809585916 0.1430276086887139 0.1623093867519151
480 707874.0 0.21322430782554547 0.22796034300695672 34661.57699434145 0.07634323718867622 9844596.272150496 0.1938369206643275 0.1910386854685665 0.18130490037504635 0.18802514537768258 0.14368566617085665 0.16261511038445395
490 719476.0 0.21552766115063077 0.23176332455441512 33641.80294699754 0.07667508394211546 9777764.954767743 0.1934289059584957 0.1901395506294303 0.18155598006825135 0.18807736478035703 0.14463640211101822 0.1643248282133882
500 730696.0 0.21556961614946374 0.2319600718529064 33671.8523447765 0.07699391674367571 9716519.67514604 0.1934382106454992 0.19013085591053935 0.18179309548894473 0.18811844510481637 0.14499608443746398 0.1644498187456869
510 745770.0 0.2157037344786676 0.23213791568942801 34226.75373246439 0.07728922622041876 9664423.368723858 0.19326471977542847 0.19000154907637173 0.1820182958702948 0.18815580796301978 0.14529957629410375 0.1645440934886563
520 765753.0 0.2173466747891953 0.23318260901556498 33930.08010761664 0.07735175154251638 9679512.004640521 0.1848681233582249 0.1904770789679808 0.18220013072842303 0.18819365988542436 0.14635620293659546 0.16515351590734534
530 780792.0 0.21745858942629842 0.23493217132492056 33939.20261840111 0.0774521698869137 9683518.443467535 0.18511163810255415 0.18730330959310237 0.18225358299861155 0.18821294887809265 0.14660136132566096 0.16643623251862322
540 792094.0 0.2184013045010318 0.2351440996245106 33616.7938110432 0.0775490115018373 9688345.381132122 0.18525548809975192 0.18722945974087032 0.18230719976125112 0.18819468787171154 0.14703211194089857 0.1665715734675961
550 807479.0 0.218653385557688 0.23527576123080288 33665.42952251829 0.07763540702292315 9696424.423588295 0.18865633190878403 0.18691484792073862 0.18236540932400394 0.18817594877451616 0.14721411411931315 0.16659608315147537
560 817857.0 0.2238040427481074 0.2367439236267225 31420.119075074574 0.07772816775832823 9700068.676720234 0.19072030014427147 0.19277303785749478 0.18248219141664024 0.18816898978858657 0.14738838186302355 0.16692259787604155
570 840193.0 0.22880110684901708 0.24645539725870683 29652.193673585476 0.0778010402802267 9707632.590666581 0.1899872809992444 0.19309440212624673 0.18262028874549638 0.1882499542497952 0.1498506310420291 0.17101160884804553
580 854495.0 0.263010879913107 0.24691642980267628 19552.04466835948 0.0780438537189781 9649923.205012394 0.20321868193231102 0.19318569852478337 0.18295180896704719 0.18833415919720928 0.16708698769970004 0.17139193384876408
590 863366.0 0.26361081089800786 0.24776105165086332 19462.208946630082 0.0782262438856879 9611581.40285903 0.20348858749297677 0.19333343688470925 0.18329690715278377 0.1884177210152424 0.1676589823307534 0.17163132032941839
600 877403.0 0.2640357752868035 0.24850514966908718 19420.0353223262 0.0783823099057024 9581828.825708857 0.20142362715449458 0.18894293721989983 0.18362959831069325 0.18849359680989256 0.16805528835757497 0.17225758897894142
610 885222.0 0.2697699549174681 0.2591812875661647 18256.08523359156 0.07856707453669 9542034.457057757 0.20418620152061984 0.18916435531261008 0.18396820580994996 0.18850554764086497 0.17106483565280076 0.17897016948808867
620 905324.0 0.27063675143856925 0.26243022733500676 18169.071997265666 0.07875476087118033 9501802.958782423 0.20451310580286616 0.18967399604888546 0.1842964138550722 0.18852003024319589 0.17164416936140828 0.17999915950485043
630 914953.0 0.2780358423768718 0.2749197376987284 16778.273716078536 0.07893658200771783 9461837.830876477 0.2055229860786238 0.19203628561457525 0.1846267676375452 0.18855797392108767 0.17335590150506014 0.18754690002916533
640 924821.0 0.2886157094724986 0.2750454742513653 15107.217561454881 0.0790899241467625 9428670.605434375 0.209065384853978 0.18952951533187112 0.1849650058545624 0.18860453180179895 0.18052532606606295 0.1876453557200628
650 939375.0 0.28987999871112957 0.2753443224007146 14948.783229904067 0.07925479435586168 9392142.919253618 0.20917364694717272 0.18958075955525772 0.18533654262188842 0.18861937023854214 0.18150093466943343 0.18779811035168786
660 953190.0 0.29625277086341456 0.2759859388757939 14065.780803683727 0.07947779144988375 9337149.507624215 0.2093862683306782 0.1896252237521352 0.1856977524374157 0.18863414564455872 0.18318853119003667 0.1881231286336059
670 970790.0 0.2981568312105438 0.2762706950492913 13804.683192920294 0.07971963067288397 9276933.300602939 0.21027065766895436 0.18867144696300994 0.18606031613029791 0.188640435611615 0.18457692971652606 0.18838478224330577
680 984347.0 0.3014682556125533 0.2765710066641732 13378.776545340044 0.08000454486377044 9204334.85401684 0.21098078404570422 0.1877317318457243 0.18642083848968627 0.1886303722449708 0.1863653915851862 0.1885568121868113
690 995278.0 0.3018178748173312 0.2766969210011821 13383.487762125618 0.080281318649203 9135351.334474301 0.21098046797512102 0.18773040538751054 0.18677626109684528 0.18861735575394956 0.1867410266702613 0.18861222778268846
