1 680.0 0.10701015510449398 0.0915292065584885 154450.9567128095 0.10701015510449398 154450.9567128095 0.19220532961662085 0.1770244575562055 0.192205329616621 0.17702445755620533 0.10701015510449347 0.09152920655848806
10 13204.0 0.10827935858948544 0.09169280351895502 149514.9461565984 0.10764307792628366 303910.361230609 0.19065115599669993 0.17631849316927595 0.19203253389481 0.1762207553751813 0.10823154417065184 0.09167404110004668
20 31358.0 0.11511464839840839 0.09402197429763191 124845.31610415156 0.10978126187981263 426509.8580436166 0.19107242215218523 0.17613166773277492 0.19143491730805565 0.17624065643966397 0.11412013972007262 0.09364196152355145
30 44521.0 0.1221145145730994 0.09607589729373885 105474.06975571394 0.11249182783288228 526461.413342759 0.19229658509788242 0.17709830276146465 0.19142243199256015 0.1762354355667834 0.12067353717867185 0.09545774233241003
40 76571.0 0.12377286285876568 0.09834034816044378 103233.90856551146 0.11443618438941176 625828.6629384242 0.19192942137214591 0.17665718371082953 0.1916087744285605 0.17641361397641528 0.12204955071522672 0.09690899833831769
50 98681.0 0.12377733590407101 0.0983497794810747 103625.93552926283 0.11573242209376476 727066.0460449886 0.19193418990673158 0.17655334056199007 0.19167732776275068 0.1764612574711549 0.12224928463196708 0.09698813629408942
60 117116.0 0.12381238781847333 0.0984470800974606 106925.28193163517 0.11665826403309885 832833.0170754495 0.19208781035436912 0.17668035766735005 0.19173958325489676 0.1764930110408471 0.12239784605698724 0.0970726479675735
70 132728.0 0.13830398916746717 0.1113746203800303 77941.2950410303 0.11870349550813729 900227.2048892505 0.192163039800187 0.17813058819141758 0.1919087092935066 0.176604391293253 0.13175520070868577 0.10500151542347481
80 148715.0 0.1384846817959328 0.11148093486619233 79604.90436058563 0.12006321977470424 973273.7333710251 0.1925797086406027 0.18208354533808854 0.19198483601536065 0.1773046882577843 0.13230323975997396 0.10530044379226633
90 159848.0 0.13858166219478704 0.11780587841617454 80135.83313864532 0.12054108884574714 1050786.4603482715 0.18809323544353138 0.18538339278943972 0.19179718292036893 0.17806782852086284 0.13263565051276816 0.10890260592807116
100 179655.0 0.14024233897079294 0.12391832731124676 78085.79566091805 0.11997869351694553 1133197.5213884714 0.18731268073886548 0.18737533191024502 0.1914070928661087 0.17891349262704093 0.13298556321270769 0.11428295279733591
110 195868.0 0.1404611583939542 0.12396517868928494 77993.5318469933 0.11951003074294418 1214871.337036774 0.18724239181939165 0.18737528807068032 0.19103189457361175 0.17967581654088224 0.1327765942720761 0.11469694434024309
120 216513.0 0.14646873122056334 0.1250968482990854 69565.62590671689 0.1194121313766352 1285385.693530427 0.1876704923021351 0.18480302311664196 0.1907323763617673 0.18018013512304493 0.13684636304197773 0.11555546438972872
130 231276.0 0.14689059645739477 0.12614496403554126 69067.26112822372 0.11935613342518962 1355001.9571317963 0.18785530434451414 0.18500760900695157 0.190502520765218 0.18053771241912056 0.13691370182972434 0.11630927001969785
140 247676.0 0.1480720069336467 0.12705978574260754 68333.18288022792 0.11935190256430947 1423377.176772096 0.18822023193515056 0.1846368839268261 0.19032417755086928 0.1808490100636543 0.13710159169447989 0.11710776573765025
150 268750.0 0.1539007301507071 0.1345750786716163 60967.457419364364 0.1192549166574953 1485604.6449033574 0.18555536969361708 0.18133830508443372 0.19008811960227803 0.18096709721379667 0.1421515245659752 0.12277854996199378
160 280693.0 0.15395630587324644 0.13465443430620833 61209.196596356356 0.1191725836102926 1547877.8665505245 0.18532865947271912 0.18153411709016282 0.18980094978879855 0.18099501849782954 0.14213159316429083 0.12301083472508523
170 289074.0 0.15503647063379997 0.1359760137701608 60369.38867009062 0.11887392833616656 1612490.8800682754 0.1845904608595063 0.1810428092021497 0.18950943396538622 0.18100677698760076 0.14267574007914705 0.12389041006590867
180 315398.0 0.15573291004656717 0.1371552341858044 60501.567170653005 0.11856119486992829 1677523.8271927286 0.18472402250123154 0.18178463668658637 0.18924430902073006 0.18104567422924137 0.1427680779138427 0.12425364459927797
190 331787.0 0.15576778655114154 0.13726941200181855 61322.14178469969 0.11827882360254223 1742874.2413083012 0.18546562289017782 0.18194401580890585 0.18902990798490119 0.18108794860337404 0.14265587577280917 0.12438299023524789
200 346315.0 0.15828059745334216 0.14097575492214295 58783.003425767696 0.11790572014938142 1807719.6172636745 0.17936484673784833 0.18091195179452962 0.18861128449434264 0.18108946206524182 0.14464033009810606 0.12729349766658551
210 354878.0 0.15866683110184432 0.14161650524718183 59096.8614742013 0.11719793574656029 1879852.1075271235 0.17711505548424392 0.1782486831974228 0.1880947309582219 0.18098119039234367 0.14454111074785986 0.1277839813510604
220 378752.0 0.15935852384773305 0.14578514603301115 58419.974677778686 0.11655769577529924 1950548.4579857397 0.17353001617566477 0.17630020925630022 0.1875452206338206 0.18083139526891978 0.14459441832699724 0.13110096147969633
230 396529.0 0.16334218035168577 0.15770976816838647 55393.29557993469 0.11599508399297193 2017775.5026842933 0.17357076159747542 0.18015298186936174 0.18694814099367396 0.18081045481014463 0.14629207406063321 0.13781958968567126
240 411174.0 0.16809013086228677 0.16105010085704727 52294.05542535999 0.11561058834546296 2078624.1490039264 0.17627023307559628 0.18189145857301203 0.18642982949430323 0.1807932394168326 0.14791962673024128 0.13889555685964972
250 422839.0 0.16947369871525284 0.1637064966775975 51189.13832475674 0.11528772659966155 2137228.56524641 0.17664730938060308 0.18362897560245664 0.18603083177584323 0.1808645934384963 0.1483267208463958 0.14050599186326232
260 441145.0 0.17032063803049816 0.17215418732756432 50528.49102530525 0.1149874246515995 2194859.0166296293 0.17771867183270615 0.188131369633015 0.18570711564736722 0.18114045060833336 0.14894757024868902 0.14564545292901157
270 459681.0 0.17417485891578238 0.17318755540281686 48344.338463294705 0.11410420049456833 2269815.9593640664 0.17404670645021714 0.18787886582976054 0.18528848527879735 0.1813927920458636 0.14999392890136856 0.14678891117123627
280 471570.0 0.17435466325942983 0.17321574342676363 48892.49773234377 0.11328188834836689 2344016.6493822862 0.174135686366524 0.18801377184008358 0.1848887414103981 0.18162409591572323 0.14972466924386993 0.14700286200435067
290 490225.0 0.17526107335073338 0.17424442898779802 48460.07324423102 0.11216584622163439 2431620.889693147 0.17035040074782085 0.18549732259520574 0.18445418134671343 0.18180043444843527 0.15004977934579666 0.14810855367467937
300 509951.0 0.17805808691708055 0.18462308959700544 46212.923297645415 0.11122844932923538 2512463.6849965374 0.17170537531236466 0.189195295456813 0.18401262679564456 0.1819969683974308 0.15062171940974664 0.15101302025264696
310 532035.0 0.17931666091161957 0.19691066719251868 45494.31014471802 0.11028680518567777 2594998.328697232 0.1634592804664355 0.1955935996632202 0.18339030030857617 0.18234592719141957 0.15082901014668232 0.15385063634920149
320 549996.0 0.1829921652206371 0.20015815163492262 43547.180577847554 0.1094409167235177 2673780.0878252457 0.1641793064238149 0.19624997737193312 0.18278262542207122 0.18277194721397189 0.1527206531169803 0.1562613587079805
330 568414.0 0.18303684018815566 0.20080853097892437 43531.078622901 0.10864478667647459 2751554.896612984 0.16381617281359204 0.1954756796136379 0.1822194624327385 0.18317599036731777 0.15227054471066143 0.1571192307403662
340 582791.0 0.18311906015003532 0.2010499590049008 43880.51665659293 0.10786307683458 2830177.116288025 0.16399400159988534 0.19616194312191076 0.18168446108949543 0.1835547745328138 0.1518603583181973 0.15750321762772904
350 596826.0 0.18317469656276353 0.20263524024059484 44005.125362856066 0.10712968608511002 2907650.989005801 0.16393939319274195 0.19669103982310854 0.18117902698119984 0.18392914853445916 0.15146443382742514 0.1583850617230782
360 615580.0 0.18745210389389655 0.22020237959467615 41182.416503439475 0.1065768362221155 2974995.2057589074 0.1633872752169733 0.1953443143767249 0.18070455827848128 0.18427534162026546 0.15381877846629832 0.1691507603565291
370 629855.0 0.18745670223024788 0.22023150538951622 41814.34109232724 0.10605308372033122 3041836.231122954 0.16333399799969028 0.1950583901903132 0.18023677991962392 0.18456830188511641 0.1534373399403209 0.16942391262817041
380 646880.0 0.193026327485649 0.22049156909057033 38633.64544510602 0.10555619032120254 3106105.9466467956 0.16478035008292882 0.19476347753135392 0.1798045259486275 0.18484131013990665 0.1566019589539765 0.16985639896124902
390 664140.0 0.19671481790108405 0.22059902042011806 36511.54247759625 0.10509782211982288 3167529.2858431917 0.16481179471087823 0.19409875515905603 0.1794226369094729 0.18509337813642826 0.15766153508904512 0.1700776506325563
400 684627.0 0.20693041172134816 0.22126391909128823 31583.46206734931 0.10480144392477418 3216340.8940922692 0.163568413407367 0.19375509581496828 0.17903842717228532 0.18531011334451686 0.1622747303543335 0.17051419640964963
410 699716.0 0.21183736474590842 0.23168728357455223 30003.219480960717 0.1043767302771043 3272844.174919046 0.16893182136259843 0.20047405035792637 0.17869069682150904 0.18555927338536674 0.1640019108837537 0.17359689612381207
420 722232.0 0.21350811911182557 0.23296144106424704 29445.245098158663 0.10382452060843939 3338750.4622353157 0.16726316605017783 0.20304588800244605 0.1784348727863405 0.1859555843937206 0.16367148300547507 0.17463545289974003
430 740938.0 0.2140408665265576 0.2372307101163856 29696.810612777695 0.10331854882549475 3402295.988353359 0.16875306027673415 0.20044192546494852 0.17819848796706483 0.18632509545573364 0.16363782687500852 0.1751899279184036
440 758411.0 0.21478454985696455 0.2373482831987091 29514.371786512133 0.1028289768141152 3465351.709452411 0.16821022035685793 0.1996788643981989 0.17797934252576686 0.18663878582797375 0.16342769896437973 0.1754867993359551
450 773500.0 0.21644675101969665 0.24061716298642402 29029.41503404713 0.10232537238874607 3530092.0933650546 0.16812754658391507 0.19968421778591894 0.17776254977962433 0.18692793469535227 0.1650451949841511 0.17618827613598273
460 786585.0 0.2166447591012036 0.2408810856714018 28956.946603155506 0.10183078571064547 3594964.1161864335 0.1681850814527211 0.19966424603872507 0.17755479558598217 0.18720421042948177 0.16476804888868857 0.17651182980101374
470 807142.0 0.21666010213255796 0.24093032310422602 29020.58456573385 0.10135578993986709 3659135.153809014 0.16818512590510515 0.199671955317659 0.17735586417025243 0.18746891838889096 0.16451875769387395 0.17675719118989333
480 822438.0 0.21683527659213744 0.24459219690452041 28972.429815142852 0.10090018175156942 3722492.3640464353 0.16544095123174493 0.19727271736653226 0.17714813059890067 0.18770776872667166 0.16421659886111817 0.17905260018772376
490 837070.0 0.21826675548632957 0.24466745235791293 28610.157868358718 0.10043374826965841 3787405.6398915057 0.16556802586326852 0.19696364549223727 0.17691207930945332 0.18789914837576108 0.16410965494515528 0.17918617580468832
500 858436.0 0.21948275200045622 0.24471689687032183 28231.101474911804 0.09998560629684196 3851377.9523910414 0.16556919934282618 0.19696442169630424 0.17668565343922915 0.18808007801122772 0.16359076307788403 0.17928229646812097
510 871765.0 0.22096377154876953 0.24785727377582917 27748.752413840524 0.0995141372441466 3918076.8325545066 0.1657199449814803 0.19922555514090562 0.1764699032417879 0.1882595565151166 0.16382768807230239 0.18029283299804394
520 891525.0 0.22336857295448376 0.2521478325329751 27226.558105554108 0.09899846266093261 3989711.2662038794 0.16679785239233025 0.19942224420703453 0.17627244633411032 0.18847221593785848 0.16451661294645645 0.18240030709263416
530 915479.0 0.22669168092413572 0.2530933097593397 26144.628588934636 0.09861103786787945 4049559.1334883557 0.1657207375688547 0.1973986862525627 0.1760750859613755 0.1886437023475338 0.16697830844444086 0.18330422523967904
540 924549.0 0.24177381607504878 0.26250676582994886 21592.981202630952 0.09840822681697561 4089632.965398542 0.1703524677958951 0.19937952126709818 0.17595205534131406 0.1888200424320261 0.17203711449592882 0.18575217094364624
550 943609.0 0.24182568283957273 0.2627064693287331 21607.21530168998 0.09821266281471328 4129202.630227703 0.17016691213183982 0.19934243062889187 0.17584706692210603 0.1890112443646091 0.1719110629600299 0.18601630214639606
560 960029.0 0.24379283612026842 0.2667014809149358 21154.275470925568 0.09804538730821502 4165882.7054898203 0.1697838244229371 0.1980899883166985 0.1757402913390431 0.18918930843369747 0.17237604716637325 0.18880788953108715
570 982522.0 0.24660090488696212 0.2673772083570932 20887.398664666078 0.09788257310091633 4202056.395406619 0.17062151342189452 0.19708600471774343 0.17564431696328991 0.18933292998982915 0.17439405971907954 0.18925817699559588
