1 2102.0 0.08726603579684866 0.0942387060472266 233565.77675738462 0.08726603579684866 233565.77675738462 0.12201853033970124 0.11685647456340038 0.12201853033970124 0.11685647456340038 0.08726603579684897 0.09423870604722807
10 13110.0 0.08730257421739615 0.09433600446210963 233480.813901605 0.08726603579684866 467046.59065898956 0.12201853531151675 0.11685685669067367 0.122018533051601 0.11685668299646118 0.08728395368314978 0.09428647494229044
20 21484.0 0.08732620266598481 0.09436122110865358 234877.44402871747 0.08726603579684866 701924.0346877071 0.12201853531151453 0.11685685669067411 0.12201853412775118 0.11685676570799097 0.08729565524436847 0.09429899105435617
30 42892.0 0.09182662351541925 0.09475649214109139 202589.58274975928 0.0883039854561747 902249.7007635859 0.1227583935901659 0.11670524016633312 0.12218770028800027 0.11683820252038475 0.09051932389144686 0.0945589315836888
40 60061.0 0.09262590563957572 0.09502091339438293 197433.19195987406 0.0886122920944274 1098661.4351984083 0.12214256629822717 0.1156624955895379 0.12227069635260014 0.11670419370181372 0.09143899525985928 0.09472535464666412
50 69918.0 0.09266220304427675 0.09508645916723589 203933.9622585946 0.08859141897564095 1302651.7074121444 0.12199435964261017 0.11540875786814181 0.12223397576938323 0.1164800390883 0.09150387874688896 0.09458006399958022
60 80065.0 0.0952625750441253 0.09513793120691398 188425.16147485125 0.08844315556579115 1492002.0782605887 0.12125661053137372 0.11536872380842658 0.12212217083411593 0.11630074427062008 0.09226977325983783 0.09445471471094531
70 92936.0 0.09641481730549081 0.09585464175333859 182487.90626642763 0.08808765092879081 1677563.4975949775 0.12080640688302406 0.11545030066249586 0.12198949731243107 0.11616950674810464 0.09291690170261391 0.0947166459958579
80 100160.0 0.09876387730235235 0.10017629357990328 170225.74468253276 0.08768714301545992 1852846.411515817 0.12152330124510251 0.11344954213118731 0.12189946047544455 0.11594554997114402 0.09443990206228367 0.09773154724656752
90 114191.0 0.09877629208738022 0.10026085743329455 170523.39723477935 0.0873667366847952 2027457.0319890126 0.12197551365092991 0.11321719100915478 0.12189787923306243 0.11565083692305855 0.09436376241795469 0.09771175943016017
100 127589.0 0.09880047684031375 0.10031491520953907 170506.4466279371 0.08710458605061498 2201355.873332327 0.12197551365093366 0.11321719100915598 0.12190556580908928 0.1154098818820782 0.09430234346341175 0.09768853691715856
110 148029.0 0.09882617607715098 0.10037124407367683 170506.6116620636 0.08688612718879812 2374722.153632711 0.12197551365093968 0.11321719100916124 0.12191186741646302 0.11521234216379722 0.09425838664256303 0.09768128733868918
120 169081.0 0.09883330420107587 0.10038009673896324 170681.07506969917 0.08670127738264541 2547833.4416607036 0.12197548285405331 0.11321716479505288 0.12191712641776242 0.11504745277203858 0.09421701939181429 0.09765952869889956
130 187819.0 0.10061495556355425 0.10084450735722263 165730.05047687338 0.0866166797332516 2714791.800778497 0.12249179567423285 0.11329312951681664 0.12193340506526963 0.1149094757826909 0.09506776107597517 0.09786574104838168
140 202073.0 0.10073555387989007 0.10088709805356123 165179.87088312188 0.08654336177044364 2881059.3749173665 0.12248243974277556 0.11329224549915146 0.12197294088199445 0.11479483502612076 0.09512900794219163 0.09785256737053097
150 212875.0 0.10075226597633719 0.1009412212867763 165148.71474744717 0.08646540537189065 3047386.5968543873 0.12248243974277546 0.11329224549915214 0.12200668252840378 0.11469532578592412 0.0951437357816403 0.09785003941092073
160 231161.0 0.10082864527826656 0.10094549051662337 166753.28121874397 0.0863815273555276 3215361.225987776 0.12246722099370304 0.11306926145439958 0.12203573524844759 0.11460123745406273 0.09518440259693065 0.09782191671623318
170 248989.0 0.10132714182452637 0.10163801738044731 164398.88247155637 0.08632899180498985 3380576.2957780138 0.12249389408503834 0.11311135275929014 0.12206169677674196 0.1145128485367584 0.09563484165938436 0.09834715737327386
180 260104.0 0.10139612629499173 0.10180117112005488 164422.81561849243 0.08628121785138702 3545743.117564026 0.12220029212665408 0.11290771417005434 0.12207358410306383 0.11442600485159234 0.0956333999989431 0.09836941592711823
190 273773.0 0.10188056172349107 0.10346025900375361 163353.18618070162 0.08624123613769151 3709744.9065101044 0.12229128428039475 0.11331758831357332 0.12208164722713237 0.11435295100664564 0.09596774438268524 0.09956128468591319
200 286070.0 0.10202258040914886 0.10349457125600398 162848.28823362052 0.08620506220625271 3873193.5743816453 0.12145501967231194 0.11254041837729532 0.12209022849661261 0.11429952496574168 0.09604120578321462 0.0995756030709471
210 302376.0 0.1022816751651475 0.10380478920376547 167732.10230792177 0.08611835895479106 4042203.010960607 0.12139063864024967 0.11278133259537426 0.12205710002828003 0.11422754688573648 0.09612044241239644 0.09956972862683151
220 319859.0 0.10241069700101547 0.10399126283445098 167254.16320239354 0.08603919511649999 4210656.385930129 0.12141799401927146 0.1128240469409853 0.12202780986435627 0.11416346026816039 0.0961486746322876 0.09960976528466371
230 333786.0 0.10265641125260544 0.10400550449406996 166146.21910801288 0.08596662826473317 4377968.831510503 0.12141831684709425 0.11282202657351409 0.12200141370506981 0.1141054595148847 0.09624807573518852 0.09959545701619504
240 351620.0 0.11251425296066438 0.10660761508441836 126620.25112866331 0.08623334162193708 4494488.299621357 0.12250472060764528 0.1130699002658738 0.1219997399196319 0.11405680525084082 0.1043120645918289 0.10131298376682066
250 365651.0 0.1127643170697334 0.11012697860778102 125809.9728757122 0.08647953856704836 4610892.039512664 0.12250763602332049 0.11380036602346977 0.12202003039660136 0.11404077230862927 0.10448316698409116 0.10329054005144674
260 385662.0 0.11279499851493557 0.11013866960044036 128037.92664796337 0.08670749870141067 4730797.289536389 0.12247049954800865 0.11364735192700115 0.12203728975106139 0.11402569873078858 0.10452952515814612 0.10328423530716331
270 398842.0 0.12159393157423225 0.11191011739430204 102049.16137628358 0.08704713457315716 4813558.303331625 0.12537213394324878 0.11447842915875212 0.1220787336469407 0.11402578967766114 0.1097287735045918 0.10386505266909402
280 412095.0 0.12162882302797541 0.11193382738589795 102131.14218985874 0.08736334728133492 4898009.979592442 0.12544546436908305 0.11454084727189372 0.12219828516307787 0.11404389700045224 0.10986203690678875 0.10388246490754487
290 427531.0 0.12166028858781232 0.11200423913361292 103159.20772695489 0.08765847914230082 4985213.992602503 0.12544546436908072 0.11454084727189937 0.12230987207737345 0.11406097432936788 0.1099889123552152 0.10389825701782875
300 436173.0 0.12361208958735492 0.1128305384114598 100196.05824816696 0.08794430301721644 5069313.4641029835 0.12588789892501207 0.11463097298596424 0.12242135982023775 0.11406773192544536 0.11105073639272488 0.1041900547266822
310 454217.0 0.1236927275664244 0.11288496408901726 100120.19831800059 0.08821226289994982 5154496.298893673 0.1258299970577978 0.1143083470892973 0.12253245171395677 0.11408376780332732 0.11119238527360226 0.10419276915678224
320 471129.0 0.12393355535992828 0.11577520039651049 99579.41829071636 0.08846475245824123 5240002.207562201 0.12609120146637343 0.11451598767077423 0.12264000663668854 0.11409450124971816 0.11154754119068364 0.10613956143279168
330 492790.0 0.1239693846029621 0.11589350937633223 99545.15905773966 0.08870028373787786 5326522.071781345 0.12607284614226308 0.11453878840700195 0.12274400260174975 0.1141074874225851 0.11166888651620886 0.10622639639621241
340 527761.0 0.12404175665793046 0.11623657584580695 99430.75349455683 0.08893177893505916 5413344.589674543 0.12607381888873145 0.11390505779456749 0.12284163401595712 0.11411456115042086 0.11181299347729914 0.10649744937541954
350 551817.0 0.1242027683435499 0.11625849651505923 101282.15495910581 0.08913377450747416 5504037.716326694 0.1257954013494276 0.11306187799559853 0.12292900713104575 0.11409413859414767 0.11196628950063867 0.10649759627572564
360 570947.0 0.12512187227901123 0.11647412088810799 100171.53484354271 0.08930226813711012 5595008.265798392 0.12604252537652247 0.11263591652611303 0.12301525417385671 0.11405374463104431 0.11227562966130351 0.10648265757685546
370 585036.0 0.12598650597917932 0.11971060157725968 98190.47614002344 0.08941680413541536 5686411.410457926 0.1253844813740217 0.11221379599290757 0.12308976256946512 0.11401041185673519 0.11271959142038969 0.10894798382021388
380 593085.0 0.12600145453885475 0.11972502015216308 98233.58954517505 0.08952546649278188 5778242.868190593 0.1253844805795805 0.11221372836621261 0.12314999139905394 0.11396325569722923 0.11279148418614521 0.10891327455631196
390 611024.0 0.12604342548887165 0.11986297275655888 98153.30285737128 0.08962869573228006 5870330.564230136 0.1253852837852662 0.11221377121952036 0.1232071435684059 0.11391851097190017 0.11287793421795818 0.10894639244353599
400 622563.0 0.12632497257681558 0.12340190337938634 100201.78474234993 0.0896804055141917 5967505.035570989 0.12441326491277588 0.11384646715137814 0.12324796203239131 0.11389807238646012 0.11309849523745447 0.11047594386151449
410 631895.0 0.12639815916428146 0.1241444857314147 100084.14528043385 0.0897296794334342 6064702.85806019 0.1244268509147718 0.11396733441328868 0.12327651103897415 0.11389858081332403 0.11316641873380819 0.11078260423065717
420 645116.0 0.12641089428080754 0.12418378097359956 100064.14199722811 0.08977666154247936 6162019.35561226 0.12442722704198095 0.11396732068657085 0.12330384079891055 0.11390021340768644 0.11321554147094134 0.11081105395551576
430 657112.0 0.13002973074802096 0.1246940366531569 91919.26080965498 0.08989210140545104 6246371.457631278 0.1244392722256636 0.11397422771315358 0.12333001957466685 0.1139018470900836 0.11690575131179819 0.11105565624739921
440 672720.0 0.13024579705184117 0.12513338042137526 91544.78411943688 0.0900024106078462 6330656.756433107 0.12443928959244273 0.1139744173212398 0.12335517273538513 0.11390348880400376 0.1170414788168056 0.1112555154680241
450 690490.0 0.13031675410635046 0.12520656385563358 91438.06172714927 0.09010747639691033 6415191.177196369 0.12443709050818672 0.11397441732121683 0.12337920105113255 0.11390506149839894 0.11712697602454716 0.11131993063180447
460 703006.0 0.1303278299767105 0.1252535647778006 91895.05333173565 0.09020807130133345 6500579.221922463 0.12431248248047622 0.11393717865545457 0.12340106678928447 0.1139062427239033 0.11716074843153908 0.1113441316716942
470 717680.0 0.13280121174995338 0.12644384861910749 87191.22492164213 0.09030033763565319 6581092.117954438 0.12499481395482114 0.11371622360899268 0.1234247631295023 0.1139040050960972 0.11825378911472793 0.11192535751481314
480 744879.0 0.13284918365641307 0.12652017770547513 87175.31922903431 0.09038925796874434 6661856.739206879 0.12503086114604844 0.11371744724084042 0.12345813464967395 0.11390012655440787 0.11831930893088624 0.11197865386314373
490 754667.0 0.13290278322813076 0.12656245299956814 87176.89417145557 0.09047462148851185 6742902.550351812 0.12503086114605333 0.11371744724084211 0.1234901657392132 0.11389640599812342 0.1183693079156633 0.11198505036376666
500 767374.0 0.1347279482998599 0.12774640898893133 84094.96051473079 0.09038078408740916 6835506.420760005 0.12258046534497088 0.11348140249646682 0.12346935002766836 0.11388650483948529 0.11947414559462693 0.11253707559828519
510 781269.0 0.13497113137710337 0.12802552628439867 83674.40403002614 0.09029434772032292 6927083.382596594 0.12257909280318213 0.11348088188982454 0.12345194276768705 0.11387857324020609 0.11961472544372287 0.11268189595263796
520 803412.0 0.13500125916605238 0.12811577631467475 83632.70518818311 0.09021117310293807 7018355.292392629 0.1225806340059624 0.11348155126327188 0.12343521257381097 0.11387094887557603 0.11960239214905075 0.1126701722544727
530 814579.0 0.1368589609884743 0.12824747735188133 80477.03395852719 0.09008508723138127 7111596.337169927 0.1220173301901457 0.11342563165441664 0.12340853924634228 0.11386256402320516 0.12033244627192961 0.11288138442178848
540 830978.0 0.13690376174021499 0.12838820879102672 80421.78475154174 0.08996358630060837 7204398.8530445285 0.12201546306866823 0.11342443127723996 0.1233827972225573 0.11385447011659701 0.12032573083384114 0.11284192188936587
550 850413.0 0.1370670993747517 0.12840477473122583 80220.56696456531 0.08984642468879163 7296663.186202039 0.12201635585013286 0.1134245140603478 0.12335798496125785 0.11384666571945115 0.1204378875727142 0.1128174803196859
560 871455.0 0.13707464725786045 0.12844932148226726 80310.0075109171 0.08973337401072284 7388638.130583338 0.12202797645670906 0.1134219128524131 0.1233341467678814 0.11383913747131173 0.12041649416633819 0.11282480342329415
570 883576.0 0.14236327845958283 0.12925394208710034 72036.3495160449 0.08966998380951936 7467924.171987914 0.12374249990759488 0.11344996929955775 0.12334114901610888 0.1138338332561204 0.12289860783693014 0.1130711176009522
580 900970.0 0.14240295482581516 0.12930243032315267 72002.0009738907 0.08960874242869565 7546953.703993069 0.12374197481200794 0.11344953695861656 0.12334804878199772 0.11382721946753814 0.12292246253213236 0.11308343237552249
590 920671.0 0.14269929139921136 0.12935813562303394 71666.8487199977 0.08953435716641377 7627331.2274005655 0.12384321677727879 0.11369204792644194 0.12335579578955662 0.11382145417753729 0.12301283675332568 0.11309060732026506
600 939636.0 0.14283859876155763 0.1298282226197585 71615.59776298035 0.08943821992954454 7710472.598179125 0.12379322501627037 0.1137280983197022 0.1233635687535331 0.11381954051613039 0.12304176039246874 0.11353229947307011
610 949094.0 0.14328616751134987 0.12992364516159646 71032.55398630405 0.08934518389386464 7792810.721445245 0.12377556857329193 0.11372694490123444 0.12337041736595547 0.1138180324020665 0.12326684100992301 0.11356167742124261
620 957962.0 0.14338134278301845 0.12994709069086802 70936.83390228523 0.08925510138312696 7874756.769511731 0.12369400944346719 0.11367773625699609 0.1233764161993759 0.11381624865072147 0.12335251561612609 0.11356844345718733
630 978037.0 0.14360765909904324 0.13041119246164332 70656.04366328045 0.08916783395084982 7956169.686401727 0.12369478786307232 0.11367826589038427 0.12338145307370195 0.11381405604368974 0.12336403888724558 0.11377696393517943
640 993839.0 0.1438915913185459 0.13052530485340827 70286.49062048117 0.08908325167033507 8036985.9697754355 0.123694814195816 0.11367855338767552 0.12338634141518702 0.11381193897810286 0.12338705576448543 0.11379933362592565
