1 1046.0 0.051338652784326165 0.040148477851806336 1129339.786592547 0.051338652784326165 1129339.786592547 0.08589932038910257 0.09739709950768283 0.08589927684378458 0.09739709220660384 0.051338652784325534 0.040148477851806356
10 14757.0 0.0526593012039661 0.049156512581344014 1051537.2940460595 0.051989853691818265 2178980.001574989 0.08602840437355867 0.09837524501789853 0.08591215279444603 0.09785852035051827 0.05258100023181058 0.0480506577205564
20 42321.0 0.05313196689614569 0.051480472564726786 1047825.6919476162 0.05236133414669422 3225996.4510348355 0.08562440122768745 0.10051410765410106 0.0862086103921364 0.09846970025765443 0.052915025267307556 0.04988769826078902
30 60680.0 0.05679507666766278 0.05180916713989553 886145.4344130418 0.05224452670139621 4116096.236398997 0.08416842173114952 0.1005060847344879 0.08567495627393394 0.09912847212739552 0.0555218120379866 0.05045679224234332
40 90367.0 0.057133216449833796 0.05185724072858993 898570.0557203925 0.05109817716862132 5076597.9668837385 0.0839971159196985 0.10050398627391942 0.08528656022825677 0.09946398711252355 0.05564767834568448 0.050709431120218154
50 107927.0 0.05809979386245751 0.05247102938793119 865140.6131841482 0.05044524125659652 5983789.740885466 0.08460281742078855 0.10091986809473025 0.08508740498769947 0.09970552845076092 0.056327005539491444 0.05127004187305527
60 116954.0 0.05841920282365864 0.06696659163476014 876389.0993816232 0.050024753614836194 6886119.764764714 0.085269587147296 0.12026772406768517 0.08502054289220635 0.10213699998115519 0.056338743391547 0.057988561627660716
70 142549.0 0.06091882433822032 0.06734609648911456 777174.1589367808 0.050305906575028064 7643383.301095912 0.08456535830095847 0.11385241748469534 0.08497926348440452 0.10477820700549524 0.058030927867389476 0.05912500012448117
80 171023.0 0.06165571046895073 0.06990513603014754 750678.781391328 0.05056929094177651 8373126.573599219 0.08483969482873568 0.11356589505880041 0.08494257618873002 0.10589754009546816 0.058518619593662134 0.062274621202677495
90 190150.0 0.06459323312894848 0.07009389111526924 663255.7004149972 0.05080353806461937 9007249.468922276 0.08625481431765919 0.1137388352007804 0.08505022686438111 0.10675035776337115 0.05930027353221917 0.06270573322799708
100 203576.0 0.0648047659539333 0.07018217504058744 663371.6233372786 0.05099753655326924 9646934.416930072 0.08636202180309714 0.11344997055458997 0.08516515457019659 0.10741597194447694 0.059351818233027265 0.06304786853059952
110 220801.0 0.06485525390914415 0.07220545588023007 664648.8514461057 0.05115738388254859 10292430.152477572 0.08619139720149338 0.11331738601137914 0.08526075465546279 0.10796707626971083 0.05935142397786045 0.06423980542793432
120 235063.0 0.06655958368714786 0.0724987456375259 638459.9563594863 0.05136248768574735 10904441.482277848 0.08629192930760865 0.11193880243711962 0.08533886780710058 0.10839614128786672 0.06039710970828214 0.06477148198332981
130 253794.0 0.07342164099267379 0.07335860366504224 489563.0974752211 0.05166229383086023 11324903.103880841 0.09091279569613354 0.11185360016550566 0.08562158127178854 0.10866484519350275 0.06266619178274624 0.06536131255203273
140 267343.0 0.0745712988224238 0.07366154460175382 484377.76871386997 0.051871456062833256 11759808.02224909 0.09079291394324175 0.1100415708300447 0.085976448294247 0.10880684490749452 0.06349420097949121 0.06572293678115626
150 286608.0 0.07521680043554925 0.07367467996547598 477568.28121681843 0.0518160743817136 12252437.77609827 0.09125033256093891 0.10288722449814834 0.08630047446028213 0.10873856241785129 0.06396950119820274 0.0657047916397385
160 303669.0 0.07965419437208623 0.07529691488734896 406155.327668105 0.05176667731577783 12675292.555725269 0.08983823130373934 0.10975317123020444 0.08653334826593012 0.10867378551610879 0.06635511124771383 0.0665175514116927
170 321141.0 0.07976722397985953 0.07769859936373318 406278.4057248042 0.05171495033003327 13099175.301315537 0.08950943680106854 0.10785454996351242 0.08670919727980834 0.1086309706691406 0.06655509515344753 0.06814879986224699
180 336860.0 0.0797987801719145 0.08948932823645354 407452.0082206811 0.05166905968127447 13522246.45605466 0.08832608046001457 0.1100689606783554 0.0868573226092719 0.10860005794584492 0.06666812673838861 0.07220812430930752
190 343939.0 0.08055853203555667 0.09060449525815102 414268.08996269235 0.05150826689475786 13993774.543211909 0.08954584560207157 0.11014923930601714 0.08696815362624448 0.10867764933445496 0.06701272540681372 0.07300133537617352
200 361925.0 0.08072466411162106 0.09142375402075817 415953.74447783286 0.051360310429346745 14462859.491827678 0.08956920042537922 0.10440198178423056 0.08709730848015426 0.10846432128784524 0.06705812897105295 0.07357081923940297
210 372763.0 0.08096279032106947 0.09177092719108718 424793.65061799524 0.05122409039456147 14935773.531101173 0.0894982154500137 0.10423562604723291 0.08721381004027996 0.10827044579641662 0.06718844134144422 0.07372296346522683
220 390707.0 0.08108490443509454 0.091872301103758 440130.9975680447 0.05115112546683795 15399608.98453782 0.08964891036768809 0.10417961160198637 0.08732273240437884 0.10808694953970788 0.06726938745012236 0.07383102202551199
230 405957.0 0.08377571264193959 0.09670224683826331 401639.832677287 0.05124677099642799 15769331.993942121 0.08998627196462965 0.10465265817700027 0.087434989385055 0.10791864535222279 0.06962541250244278 0.07740465322601942
240 416798.0 0.0840481578176186 0.09713744926042293 402132.20073370205 0.05134348195951612 16139733.688255386 0.08944574581491233 0.10280031264670152 0.08753439135630188 0.10776902739999769 0.06990744931259237 0.07745475003037879
250 435028.0 0.08438709204355917 0.10338627573521501 408268.658057614 0.05142232108609617 16522794.261146711 0.08933995922840737 0.1044569586649865 0.08761030612417127 0.10761863942041643 0.07014105640925736 0.08106781678871917
260 447223.0 0.08500108303411355 0.10662589305025755 405267.3894088546 0.05140863856789735 16932872.35960948 0.08892781205956324 0.10469252206727661 0.08766659458629844 0.10750473397009998 0.07030358898677581 0.08327559143527381
270 464790.0 0.08512959111973073 0.10699344407693903 411113.7760882439 0.05136153776320855 17360714.072988033 0.08821369825636408 0.10421100585369425 0.08769133635726346 0.1073907890206345 0.0704381882268063 0.08358366909217768
280 482322.0 0.08523968047395807 0.10757073060642762 420806.2303995218 0.05131848334936118 17796185.327292234 0.08820248423132082 0.09945557986895176 0.08770971874051471 0.10719299309299932 0.07049160982834557 0.08378894482887986
290 489085.0 0.0854385213519671 0.10766581810976046 427654.6097279332 0.05132627341951787 18221426.918365236 0.08856752615772522 0.09946395738910337 0.08773296569141775 0.1069274949804587 0.07055370908474459 0.0835033564150696
300 513859.0 0.08546409026127372 0.10778224011353366 429639.3398337516 0.05133411505025747 18648668.11962103 0.08856705989598615 0.09946049598663756 0.08776068624087716 0.10667947944600684 0.07060130906907179 0.08331569745157896
310 533040.0 0.08631289458886489 0.10864469953520267 419328.9398228811 0.051358678488552675 19060235.088384323 0.09006227043712008 0.09754185490767517 0.08783227301072562 0.10637024049178882 0.07074081955865875 0.0835742621881389
320 549684.0 0.09044934931267683 0.1129418954872486 368688.0703794253 0.051543344061452945 19367006.907403957 0.09288892296377323 0.0966458743039019 0.08796607311661775 0.10607858305716565 0.07229745236031086 0.08715440128432118
330 571604.0 0.09153722061321584 0.11930727786857996 357442.6173435671 0.05163442813197383 19688471.096036952 0.09291825747990755 0.10140183935853432 0.08811529259744955 0.10592361155011036 0.0734521065976259 0.09043730597549748
340 586953.0 0.09175930507812474 0.11935302442073549 355888.75573231885 0.05172090688200144 20010172.504263658 0.09291631636967194 0.09905607289460465 0.08825604478570734 0.10575811595461318 0.07357784502940426 0.09032151007003134
350 604985.0 0.09229534083191361 0.11964328711582867 355857.5514228996 0.051765436993296866 20347666.437402014 0.09319140563394701 0.09897083079445267 0.08839077295771536 0.10556449862121747 0.07385939264346746 0.09015635089413797
360 622792.0 0.09365905994689902 0.11970771017061027 344316.1457872001 0.05180261943575052 20675684.924338285 0.09244172369311668 0.09908547363848687 0.08851612661757874 0.10538475213865538 0.0746240985304225 0.09002706009431931
370 641965.0 0.09923350211568703 0.11984337689282137 295374.2562219759 0.051794018888190435 20975920.773435246 0.09132576013261469 0.09886025658144225 0.08859582441610751 0.1052124697369525 0.07703049214454842 0.08993244842358639
380 658120.0 0.10979633604860155 0.12035446426398996 221588.07844891018 0.051916810456318775 21114719.94649797 0.08885598700455483 0.10074914404755314 0.08864361008834266 0.1050461320625157 0.08283024753945872 0.08975126527450593
390 679967.0 0.10988901427941088 0.12104710942282716 227288.26863968585 0.05192983781206388 21332909.079269685 0.08848538577333677 0.10074322644969469 0.08864091430123944 0.10493608798902494 0.0829375841498461 0.09016523025290714
400 696796.0 0.11091829050656908 0.12143733585419586 223257.36736934356 0.051926105206875975 21558831.77480349 0.08886473251437466 0.10276586786359934 0.08864658223010134 0.10488258086626812 0.08304500524113172 0.09023741923241292
410 707434.0 0.11202394992375161 0.12212445243370325 217527.67528353047 0.051889072384377614 21803850.195482284 0.08847849058031196 0.10205917253191461 0.08864534837779525 0.10482601159651916 0.08330732813129074 0.09050101773913738
420 723220.0 0.11490143722371546 0.12231198602015883 203235.36741646027 0.0518953454272185 22002317.398040984 0.08845558956467167 0.1020537424264884 0.08863972478594816 0.10476017293317189 0.08543115533999981 0.09048683591670457
430 736810.0 0.116567460384473 0.1283463756742834 197619.458366554 0.05194386117879109 22163321.716583077 0.08841382236108258 0.10526244173872631 0.08863647314146962 0.1047279424551823 0.08582038394957812 0.09259216501037994
440 748183.0 0.11670898452449213 0.13181151577149894 198041.17307144703 0.05198903997211786 22327414.66162016 0.08842068190386848 0.10170044087917086 0.08863145522091528 0.10468993976317752 0.08590249441591442 0.09422477181045867
450 763178.0 0.11687267997445798 0.13196907153068427 197607.9940021502 0.052032896388218224 22492141.644229572 0.08870620107330617 0.10167294529765533 0.0886283030738421 0.10462353529160513 0.08600000950339884 0.09423853188761097
460 789055.0 0.11850361908017236 0.1325051260685889 191697.0410592017 0.0520818454871582 22646636.238354467 0.08838420434149327 0.1016785894630138 0.0886251638972308 0.10455960563845784 0.08722293609726788 0.09464908704436835
470 806719.0 0.11855250345305147 0.14106659482888792 193158.4507387168 0.052123208456364485 22808524.08603391 0.08836506854464041 0.10270740565143471 0.08861985174398622 0.1045050701358717 0.08723899932317333 0.09477182452585017
480 826129.0 0.11867432021187618 0.14118394204081444 193016.71493736724 0.05215837140170737 22974940.229571946 0.08836700335900893 0.10272940363583244 0.088614490372618 0.10446786968630932 0.08725084573558858 0.09484775470672556
490 840770.0 0.11919008456767771 0.1435745876566431 191349.25199299632 0.05219365006251514 23139530.66764051 0.08846939283491193 0.10605462016964502 0.08861069635549373 0.10447057127305294 0.08737832916519747 0.09506860309792113
500 857166.0 0.11937445995546589 0.14357800848493696 190825.00253258154 0.052210731583802454 23317244.270987112 0.08847829330001913 0.10605480587748467 0.08860789797111614 0.10450219122098445 0.08746012520490634 0.09509286681858277
510 877291.0 0.119410051081527 0.1552218230257345 196550.87013247912 0.05222313509469017 23504468.10260819 0.0855209559599528 0.10402694560949342 0.08859964516248645 0.10451273032936974 0.08744950000501618 0.09742373704031584
520 888084.0 0.12018756936752889 0.1554079969061037 193779.62472586977 0.05216185249148693 23747497.36862127 0.09260094353307194 0.10400411716161852 0.08856472139636723 0.10450333311639949 0.08782475229090217 0.09745097797176572
530 910539.0 0.12040852566732164 0.16517168928238127 193090.80783538718 0.052105598379827166 23986023.843696125 0.09257967424425456 0.1055465472787315 0.08864022080597485 0.10450509799227904 0.08809902502076128 0.10321556030735146
540 951075.0 0.12056051547011544 0.1652323222537551 194488.71666017178 0.05206145139614389 24215855.705790788 0.09230422294416868 0.10530887230712382 0.08871043366212528 0.10452155802265098 0.08818969161456512 0.10328454824792273
550 960951.0 0.12135339116614859 0.16588973035575855 192956.59400257736 0.05198717794165973 24470362.310777344 0.08775478733496764 0.10505564441765197 0.08871151836836112 0.10453570683430183 0.08853092261987851 0.10383880586830413
560 975261.0 0.12216625191911108 0.16624956577035793 191075.71615892684 0.051916773960550534 24720448.869814932 0.08935588371354183 0.10543910781955752 0.08871650803226194 0.10454540172909686 0.08861774111972782 0.10398961612647756
570 984482.0 0.12238949594988568 0.16658535202415944 190895.84938401892 0.05184962744076668 24967928.066823557 0.0893593405994178 0.10543898491062835 0.08872776097679128 0.10456105709499246 0.08871609648706094 0.10450448840601832
580 994594.0 0.12243923198771949 0.16663331405615905 191398.201711988 0.05178638505631038 25212722.015442926 0.08933195996954744 0.1054388183231941 0.088738468037368 0.10457616544120021 0.08871444024991154 0.10457012704115329
