1 700.0 0.14776102550791045 0.12050374847783633 51963.27512476826 0.14776102550791045 51963.27512476826 0.2803738839232949 0.2794469886328548 0.2803738839232949 0.27944698863285483 0.14776102550790404 0.12050374847783267
10 22972.0 0.14777650083237026 0.12050465144188713 52453.75295960751 0.14776102550791045 104417.02808437576 0.2791382525730037 0.2794057263796434 0.2802364170173866 0.27942503168557803 0.14776873552096578 0.12050419813328708
20 36224.0 0.14915428672185121 0.12937634943455584 51247.85857825053 0.1481979675288353 155655.9826748037 0.2789137474382541 0.2795565316458633 0.2796525511607934 0.27944109411949836 0.14910412764137332 0.12870503112523443
30 53210.0 0.15535661691169694 0.12992999813052708 45703.461093323654 0.1497191541066433 200971.78896830627 0.2805038783004096 0.27933796960894963 0.27973575137123285 0.27936687925527665 0.15426487622556215 0.12908294315358299
40 82037.0 0.1559257145058146 0.13391502568309588 45237.99121814078 0.15072898336456933 245933.39013594182 0.27858231354276414 0.2835846449951492 0.27992191103740965 0.2796501259736486 0.15491066672346115 0.1325591859989535
50 87988.0 0.15616807156741316 0.1417632710991611 47567.81986535429 0.14951620264097273 293964.7765978316 0.2777771871302717 0.2843726212513637 0.27943759959664455 0.2799117373444974 0.15453269042789589 0.13764012838483417
60 101451.0 0.1561758654609432 0.1418561973354015 47671.07435813953 0.14865001855527554 341967.48601296294 0.2770518069210883 0.27964639068372826 0.2791125561862659 0.28024129212588433 0.15367605889001243 0.13757286697834312
70 122185.0 0.1587018946188504 0.14198227864092192 46251.9334496328 0.14821693509109884 388440.0986767613 0.27489164738571115 0.2774658631470352 0.2787602187958745 0.280095191532252 0.1551519187357013 0.1375934702020671
80 139898.0 0.16555389935931417 0.15638308486523111 41158.58806973694 0.14834702158997637 429451.9638624702 0.2707270483200827 0.28794756463363863 0.2779037258282542 0.28083324235290763 0.15709546623674958 0.14384602844925382
90 157602.0 0.1665946012084712 0.15688170624989176 41223.14820454567 0.14838995492027612 470626.0741365877 0.2707558221768735 0.28710278158264013 0.2771246429033709 0.2815385848594365 0.15774415104973094 0.14475998286161496
100 171097.0 0.18033126379338726 0.1570889479586262 33602.40722585637 0.14886182708346324 503078.2573776535 0.2755091395487924 0.29027966169861236 0.2767822565747041 0.2822697020474131 0.16643191044419184 0.14539249276685245
110 199514.0 0.18282766241246567 0.16166244463940466 32870.517627200694 0.14925505388611918 534936.6937027915 0.2756120859080734 0.2944745992954023 0.2766769912032753 0.2833063680007521 0.1688579861992423 0.14830641030224256
120 214552.0 0.1931456856481114 0.16337635680801862 28078.150717186298 0.14961911153365506 561667.3360611594 0.28618790054491294 0.29613908474999795 0.27713482790577787 0.2843244195370051 0.17155706167917922 0.1490556937399487
130 233330.0 0.1992894602910084 0.1720537199851567 25665.885272601914 0.1502804580789633 584640.7241933142 0.2882798565195408 0.29860803888368276 0.2778730173976157 0.28531864595552553 0.1758187919125757 0.1566269019843773
140 249791.0 0.20414074455328277 0.17532250540945565 24039.937226716265 0.15127510590246557 604530.6241129902 0.29345519975836953 0.2992199969442335 0.278653165302402 0.2862667586852812 0.1803394318369913 0.15913850828256312
150 267225.0 0.22464128834148103 0.1754901812682861 18140.257461675617 0.15324407470564372 612375.942681088 0.293470084697477 0.29891474371327403 0.27963358188477294 0.2871103826285921 0.1914563971311516 0.15946931009311627
160 285619.0 0.22522847804627083 0.17845493497252313 18136.07388316286 0.1548481036203182 622334.418022244 0.2931713612614327 0.29392655956816915 0.28051877692227756 0.28775794050429404 0.1928974510103268 0.1624017086636751
170 304458.0 0.2252419703889984 0.17851646926928078 18192.454767932155 0.15627390710002886 633546.9806156603 0.29344939184346264 0.29516549428790745 0.2812684495941122 0.28816214985492095 0.1939013138263985 0.16242343343350346
180 324547.0 0.22527613082793707 0.17856124739486673 18272.1366754293 0.15754962600292788 645810.5303143859 0.2935056275132798 0.2952167946915548 0.2819417405231911 0.28854935838936036 0.1948064371780633 0.1624386172466118
190 336066.0 0.22594772572552382 0.17866417492663259 18435.820797407738 0.1586239062793368 659327.6664509154 0.29273821491306334 0.2979809417616792 0.2826335652779471 0.28896940062088705 0.19612351795346314 0.16249619413006516
200 351563.0 0.22948294145457557 0.17946172398968915 17600.932351907766 0.15915106478037266 674164.4265185028 0.2895310897312992 0.29728309411781856 0.2830570242648488 0.2894001735354681 0.19831431558340362 0.16295936917834497
210 370451.0 0.23575149395658934 0.18126551500472365 16275.325555798969 0.1597336120649494 687159.8434627765 0.2898116804379398 0.29665646264819434 0.28337430821906767 0.289754640713847 0.20323536671082468 0.16412501793082152
220 395952.0 0.2384793707793569 0.18521361405801254 15750.995998868428 0.1603751774454821 699271.1933746107 0.29027211384480117 0.29614160420102087 0.2836802041166602 0.29005523334235683 0.20606427155913565 0.1664001351795953
230 409104.0 0.23886379947461414 0.19235560052801282 15916.367805446025 0.1609675475265921 711924.6933131765 0.2837253262167881 0.292661976914898 0.2838138600475126 0.2902441028647855 0.2065999411667294 0.16922193264427213
240 428178.0 0.24286221304740654 0.21291723257244868 15169.642334068203 0.16188125084429322 722188.8536565405 0.28606700984654854 0.29399722887778434 0.2838993836926279 0.2904126827769261 0.20861375421676218 0.18357025504832156
250 441662.0 0.24392894857456843 0.2133665270566597 15091.164999193024 0.16274390013854725 732727.5006767414 0.28625814217631107 0.29409381329760537 0.2839917965331546 0.2905683776397989 0.20971373192137946 0.1839133859945573
260 461149.0 0.24598566831027255 0.22869526398278756 14747.008848608824 0.1635964943312203 742962.1492112741 0.28279873533550715 0.29387295727357576 0.283972605876927 0.2906922496901899 0.21163540765153474 0.19624155616577194
270 471988.0 0.24599049760844285 0.22870582708537757 14791.616930255035 0.16438818893870244 753660.9686031233 0.28260121816007855 0.2938032870905124 0.2839285607751202 0.2908093618881634 0.2120023498461228 0.19636258840111556
280 498844.0 0.24720624050073436 0.22995905433172606 15112.963192671476 0.16514018530755478 765109.4954713946 0.281968330559875 0.28682424676520196 0.2838617547327986 0.2907216605277608 0.21362192125749602 0.19721148210131947
290 512145.0 0.24823522462156422 0.23027676729323637 14981.21220827394 0.1658645583151252 776587.3090742782 0.28059478753253886 0.28253565979772416 0.28377904719465163 0.29052174808956077 0.2143709065951307 0.1973109261240086
300 529308.0 0.2503155465047515 0.2374380405055605 14633.3722245677 0.16659184010267147 787662.9938161753 0.2793791123337941 0.2831357802297022 0.28365799307370226 0.2902644801225378 0.21573884453988834 0.1990775410672028
310 550931.0 0.25319929367586097 0.25617927091719733 14142.814695262456 0.16733510223591092 798074.0635756423 0.28018314226895136 0.2880365247632094 0.28353480562248146 0.2901419753316599 0.21851527191310544 0.2121516030767846
320 572234.0 0.259882886894127 0.261017609068501 13066.686977538306 0.1680484854010511 807139.7643452028 0.2785299299295728 0.28493469751010436 0.2834484256265429 0.29009966620970684 0.2217891110455288 0.21387343642824827
330 587409.0 0.26412641546082455 0.2784564846572297 12538.619370163466 0.16842884082149764 817269.4077237248 0.2789833516335325 0.293402861141382 0.2833098405977919 0.2900664636497074 0.2244942372267378 0.22261040428020562
340 606094.0 0.26565697488476014 0.28066365070875765 12376.784633407584 0.1688105021188076 827224.3174986347 0.2795064031403404 0.28827150269308577 0.2831915777380986 0.2900981242061236 0.22541319089450226 0.22463352949508958
350 631299.0 0.28109380258400135 0.3114902215557452 10641.547932580252 0.16913162584968985 835459.8888693366 0.2823616412783836 0.30278181978355145 0.28319155973777005 0.2902683276061754 0.23146569808784587 0.23860416493472705
360 647622.0 0.2819320589291558 0.3116273883105514 10709.138126380769 0.16942086334996792 844024.394693359 0.2823361492755531 0.30273212889772827 0.2831681466169643 0.2906141358512137 0.2319914005817271 0.23906079963119822
370 671292.0 0.2848536361419145 0.31305274412330736 10425.819782407556 0.1695471932301619 853465.2796833192 0.28336491785946305 0.2991472466621421 0.2831693291926138 0.2908446189993392 0.23336357150189255 0.2396114106528272
380 682779.0 0.294324017274374 0.3141882880784983 9455.72939387826 0.16935558481972046 864626.5243582302 0.28147662016904645 0.2952686740032794 0.28313491017495646 0.2909813036091939 0.23694437783961786 0.23992374694648086
390 706930.0 0.29636609816930265 0.3197541168306505 9323.357724813264 0.1692154429544787 875205.8847883606 0.2751111898412724 0.2961438146193164 0.2830800178935755 0.2911069661994045 0.23798228019804654 0.2425541740342134
400 728340.0 0.2968524869566826 0.3250372667673963 9320.691235452436 0.16902610513981906 886246.3149221076 0.2746349750312023 0.2924007924694865 0.28287751984261217 0.29120452109028966 0.23813307052879426 0.24588209879500242
410 747760.0 0.2973947472125254 0.3261531867436709 9334.009161054164 0.16870859744697167 898546.5652753119 0.2742104973972097 0.29249248952939516 0.28266602089802845 0.29121252550842697 0.23835845086835253 0.2460304092189759
420 763863.0 0.2976028901590467 0.3265354207809469 9534.835139828614 0.16839821756877973 910963.6191534224 0.274146652336201 0.29188431043895485 0.28246523579856536 0.2912303952191093 0.23839250954791627 0.2461065606464923
430 773830.0 0.29946452095330384 0.34261613660295814 9444.415862477654 0.16799555920120998 924278.232968934 0.27348572463466303 0.2951153539940707 0.2822710548059183 0.2912694123290694 0.239106616596683 0.2522450312376023
440 786961.0 0.30028442323660604 0.35245971586307334 9464.756697702305 0.16758256549456102 937766.5624251498 0.2706086102913726 0.2984243270778572 0.2820023923077616 0.2914135884822813 0.2390619052425127 0.2602889924150817
450 797619.0 0.30197278843922826 0.3572526720055137 9312.44541846175 0.16720884801214778 950780.8744666898 0.27068654238812845 0.2992854322384298 0.2817500705449672 0.29157313975703547 0.23929225485351263 0.26302258693692254
460 809687.0 0.3022337389320809 0.3574633226309844 9324.782906505829 0.16683977941709788 963799.2444737132 0.2710274106633723 0.30058044411186857 0.28151761608182885 0.29175507638225384 0.23931002625594097 0.2631984555166016
470 815812.0 0.3255765569122566 0.36418767927132073 7505.822056200055 0.16665692165683285 973346.2469598533 0.27175492470351037 0.2919566519493837 0.2813160327697831 0.29188590583833773 0.25203454111826074 0.2671493209244055
480 828078.0 0.32662230656537417 0.36448684350283433 7470.800108847437 0.16637576674684745 984032.8707836786 0.2715563034234022 0.28773214267145003 0.2811173550699839 0.29180903779141915 0.2524351586810598 0.2671065422079856
490 839685.0 0.33188912780646257 0.366292339382385 7177.141188077622 0.16585821213223895 997527.5095970242 0.2699221688251357 0.28596361295668915 0.28090191769212364 0.29170620793154617 0.253960767880357 0.26787334627696086
500 860290.0 0.33775363872836245 0.3874988057218209 6930.6783632036395 0.1653985535072448 1010193.9931730272 0.2716344703745515 0.293200886584903 0.2806770060181121 0.2916677159335347 0.2556982048759091 0.2773334126994555
510 877627.0 0.35838282975243485 0.3957686260217762 5814.36271544654 0.16517578544550482 1018935.2471912771 0.2711475003945727 0.2904228264938398 0.28049079896233675 0.2916633566685345 0.2717894680500278 0.28307236663681634
520 885072.0 0.36705164103846366 0.4123945175813111 5514.247524191322 0.16495341455821297 1027447.5412080301 0.27439346515105917 0.28551985013108244 0.28036008875483814 0.2915291552114673 0.275857117078116 0.290455298338674
530 909904.0 0.3672041292548087 0.41253229933502955 5510.243227562678 0.16473927962970972 1035860.8784048052 0.2744175026195664 0.28553729034164266 0.28024799457173705 0.29141618268879216 0.27583951289133574 0.2903041435108178
540 933401.0 0.3686762827793278 0.41385961364219376 5456.92651885106 0.16447545402572378 1044952.8517393384 0.27172762285197605 0.2853590153057377 0.28009438011675114 0.29130539215588125 0.27626597638680317 0.289968510775203
550 940771.0 0.3688967419674222 0.4161137495769934 5465.095706567596 0.16418913290447507 1054402.6968757994 0.2716140036391072 0.28078548678355447 0.2799420344314063 0.29118083629856084 0.2762103551413987 0.2893849303740785
560 960132.0 0.37128090694889226 0.42070661735665665 5360.783813817883 0.16394682604970137 1063166.6148422223 0.2712759631409007 0.27651697249126167 0.2797967616138039 0.29097348645444227 0.2780056624400222 0.29116697410470077
570 974419.0 0.3744206251029088 0.42075582977763587 5232.5357064819555 0.1637137673395421 1071719.446448716 0.2716078880499989 0.27636064560597356 0.2796564206669126 0.29071997258537174 0.278537035633394 0.2909167172645209
