1 1467.0 0.15375713712336142 0.0951815924097557 49872.50925191153 0.15375713712336142 49872.50925191153 0.27381625477534416 0.28324402965145806 0.27381625477534416 0.28324402965145806 0.15375713712336164 0.09518159240975542
10 20087.0 0.15712130847401315 0.14090002325918813 46856.058144809955 0.15533059106741057 96666.7312008871 0.27505165903896683 0.28830621947486945 0.27396833221318184 0.2838970714261065 0.15665633338514884 0.13576346286366053
20 33614.0 0.16500821266076407 0.1489829838276562 41543.573108138946 0.15170629129164595 139606.29144095548 0.26695443437510485 0.29435655142939576 0.27307604639523536 0.28706443198099346 0.1624553185325625 0.14292673770153547
30 52500.0 0.1706127717534943 0.1530143937004171 37717.528592653536 0.15103753383361898 177698.70555595704 0.26924958504853147 0.28617671135365486 0.27145607843200825 0.28807021956281575 0.1649587877335728 0.14716859390498127
40 76074.0 0.17292093863647554 0.15330896354126533 37355.1518528625 0.15096257211294248 215096.02187990083 0.2707519420438815 0.284184973179624 0.27113300805798224 0.28721791115766754 0.16576520134215939 0.14768928081130847
50 87568.0 0.17733281441598436 0.1610132795310996 35141.947683985236 0.1507953843882361 250371.26871947927 0.26581590107009556 0.28293327872888363 0.27079540060892315 0.2860937256527573 0.16802907916463955 0.15236729767577215
60 100177.0 0.17934466584552347 0.1662944548980078 34737.25912470432 0.1498900398886563 286016.40386324556 0.2642866416800495 0.28199627483956635 0.26984731703863746 0.28549014640426856 0.16816628293411842 0.15579158200433116
70 118170.0 0.18028201107385355 0.1674323741145475 35033.86102156066 0.14891101447171645 322091.62610468396 0.264442903421337 0.27900364551569234 0.2690895275180585 0.2846893183985316 0.1683716666682179 0.15707477088614147
80 137270.0 0.18673473490596557 0.17844340685587962 31573.012823230467 0.14785068952491048 355485.94901589706 0.2635866359240653 0.27926962812423456 0.2684831822553964 0.283998055220737 0.1728987527364632 0.16514291752867977
90 152919.0 0.1892884456438517 0.18350961788681283 30904.31233536423 0.14702611186496206 387932.41560482845 0.2590110289792588 0.27898182209462424 0.2674259489401858 0.28340137361920725 0.1730594760147541 0.16987578905667514
100 171022.0 0.18962972369801284 0.18637472932442392 30800.70826282139 0.1460446126245489 420770.39494395256 0.2575824248142094 0.2787810729961727 0.2665582576817741 0.2830482094569243 0.17267919482355898 0.1719676328522177
110 195907.0 0.19090621197669072 0.1868628962972824 30222.622983146273 0.14524758206872992 452779.29779384466 0.25821116734217964 0.2793193769267288 0.26577794440037833 0.28268796260227763 0.17279682635039026 0.1722629300425403
120 213957.0 0.19113286502552967 0.18820807126491967 30872.230247690943 0.14457700372575638 485082.48577024526 0.25791830193318177 0.2753410693398685 0.26522715609421477 0.2821705817296329 0.172335743081128 0.17297128443421225
130 230896.0 0.1973163509253837 0.18976614958136545 28974.599116984085 0.1440074435952214 515566.53359418805 0.2586058295988299 0.279219971050475 0.26465566339307606 0.2817728226035634 0.17519616706476737 0.17359213000137044
140 243654.0 0.20071516263142664 0.19043406371936972 27959.83385728435 0.14351260079503164 544996.7944576467 0.2598485295963901 0.2792624402937258 0.2642902312289229 0.28158571292436874 0.17664383607012998 0.1737281839272601
150 262464.0 0.20645474714175457 0.1953737137743821 25874.121041396716 0.14334632963810073 571434.3035911787 0.2618634590418699 0.27472783206549967 0.2641079207491017 0.28119224572063367 0.1803422731340536 0.1772090938984021
160 291928.0 0.2090009822366585 0.21200771340897476 25016.287864579223 0.1432159709759635 596928.568366479 0.25223589392935053 0.2835406738339238 0.2638418905608102 0.281056187801164 0.1817875978523401 0.18710686147786607
170 306220.0 0.21452267446629342 0.22418022273360344 23200.381379141683 0.14281083069633296 621998.8045916323 0.2502180301246863 0.282434643693761 0.263200425498441 0.28115942641224195 0.1860316690449316 0.19675022180796062
180 319546.0 0.21767362442563815 0.22488084692878155 22584.291212098415 0.14236442403718155 646806.8596702577 0.24863326847660164 0.2833740486585906 0.26244130704151125 0.28125692703004446 0.18794624148899974 0.197988011632296
190 336410.0 0.2205414211531415 0.2336151568426682 22384.08600981421 0.1418329394147983 671996.2266111132 0.2529233175074953 0.27731466875645006 0.26187180174913677 0.2809985163540604 0.1890751112240864 0.2004661275871872
200 349105.0 0.224984501135564 0.2395692599073724 22290.21293938899 0.1411701297511879 698023.9610231869 0.2523370307913496 0.2735080154442724 0.2614992658829518 0.2806780009660148 0.19081929656923735 0.20442161311811166
210 364919.0 0.23403564604497845 0.24224418878601603 19935.603765770436 0.14060171656727583 721740.8098225857 0.25464798721644266 0.27141121042892424 0.2610548005311631 0.2803041104511003 0.1938597123592751 0.20629006323891436
220 390258.0 0.24458680032137003 0.24276373138721394 17466.955023820392 0.14044954363273102 740321.3056353189 0.25761579984127886 0.2645128598965454 0.2609194523427621 0.27959299322476705 0.19897476479822673 0.20600281130100864
230 411128.0 0.2465176887098782 0.24309904395628198 17081.074663816446 0.140310051776065 758452.96878768 0.25746587878499766 0.2615884698681529 0.2607884376892777 0.2789288822533586 0.19941861450032985 0.20543461679394925
240 434936.0 0.24658204365338676 0.2563502185488212 17109.753636221987 0.14018813868820965 776481.4140487869 0.257542617067092 0.26325907749234767 0.2606512027294836 0.278223160839384 0.1992276860329434 0.21601095393224284
250 446277.0 0.24720485118642355 0.25650090672350445 17047.418643771332 0.14007560353018933 794383.302166778 0.25169246571624304 0.26094986847312474 0.26050592081401114 0.2776218283912655 0.1992901227189262 0.21538206023127604
260 457985.0 0.24750670016602094 0.26354634464367854 17028.733419643704 0.13963721843828894 815023.7673369078 0.24958500917953258 0.2621781361029049 0.2601583932913509 0.2769952981581391 0.19904040315769136 0.21992193713801503
270 473523.0 0.2491173410856245 0.2687691253787444 16793.56221989923 0.1392315896032667 835250.264747861 0.25139343929550667 0.26074411557065086 0.25979341318665544 0.27646562755591503 0.19828456510205908 0.22183716717256596
280 504960.0 0.24960783002998263 0.27186078845896866 16755.019536844993 0.1388767271680819 855033.9950163427 0.25139484252587674 0.2607464186338987 0.2594945066999664 0.27590618412340123 0.1981574297314428 0.22335684658595212
290 521531.0 0.2496948885480926 0.27215363076654236 16740.945775676428 0.13854259243449876 874660.5472278857 0.2514300739330328 0.26074590688385185 0.259216530935295 0.27538522470709487 0.1977764623428506 0.2229197443634557
300 528977.0 0.2529478547082496 0.2929230467287332 16121.546295026426 0.13825391112568203 893390.6560085358 0.25096932477943684 0.25941277702402277 0.25895096449507793 0.2749221233444249 0.19892738812071795 0.22973945550864988
310 546656.0 0.2581572353961933 0.29499846294590953 15218.385316955493 0.13800434522606342 911011.7251317551 0.2518496111781203 0.25960829343011027 0.25869887754501963 0.27442945236457733 0.20068750835515917 0.23044176096800775
320 565443.0 0.26098305542504363 0.30039516477175904 15004.946404252536 0.13795676174595917 926462.2883411521 0.24946658053269055 0.25841623155690396 0.2584540203013651 0.2739520080172944 0.20174100704525308 0.23420578616609955
330 592269.0 0.2655246078281584 0.30259244023198817 14464.895869927652 0.137952621342959 940967.1359894305 0.24850491705056732 0.2578643858853391 0.25815619473929385 0.27346512125662076 0.20276234471321292 0.23452207447852305
340 607318.0 0.2665296637106495 0.30454200138174364 14368.438329077078 0.13795520157618568 955310.5396184258 0.24711187644002838 0.2557245240043905 0.2578492987987884 0.27297319188320485 0.20255293588657036 0.23543861063316326
350 632438.0 0.2759842002142407 0.32562182389016864 12996.898595760917 0.13792625250466575 968620.5888261546 0.24897811592842062 0.26474377573004687 0.2575800078051046 0.27266153554499006 0.20612771801750365 0.2427873008385989
360 652309.0 0.28185940943059234 0.3274274335091065 12219.06780281174 0.1378919730503105 981231.8859425448 0.24903769655753522 0.26509771025134027 0.2573427851323171 0.2724465386053367 0.20881601063801564 0.24317193585855573
370 671523.0 0.28189544409879985 0.3274650136701415 12232.028159528872 0.13782943468278744 994184.7270519465 0.2490578759425882 0.265113442832968 0.2571189983886101 0.272248699212088 0.20859506977390022 0.2429644260928119
380 687649.0 0.28689515746594835 0.33093973332895665 11680.6572832216 0.13779928395185165 1006224.4141030031 0.2558846299688044 0.2616271647016657 0.2569427532429403 0.2720560611187909 0.20985195121608363 0.24431682561470913
390 698389.0 0.29090800909540837 0.33492902749366804 11330.395672451881 0.13769665744689955 1018829.3028310214 0.24687958540565058 0.26076953511190254 0.256799077734574 0.2717770867372314 0.21235632527013396 0.24520479941514872
400 715406.0 0.29876197174841684 0.345586998440586 10458.911261039293 0.1376756054960252 1029561.308098045 0.24912848613373978 0.2610075701341385 0.2565718009955402 0.27152002017478466 0.21425297558177284 0.25154436704198224
410 731164.0 0.31409119460481527 0.35155706180924007 9077.768907190792 0.13768760142342854 1038469.8346932903 0.25493719521927216 0.2614608462031646 0.2564882154419567 0.27128453122467866 0.21979314644550108 0.25516819842507427
420 740224.0 0.32280628421627766 0.36271027834840347 8394.529872793508 0.13752590463330766 1049314.7339941529 0.25346286077754426 0.267673970216922 0.25643480727020646 0.2711373278748257 0.2252975688400943 0.2591491380912484
430 756238.0 0.32421039679550634 0.3634226745567266 8313.945945874118 0.13740252372366207 1059506.004101741 0.25018928307573324 0.26030290290633423 0.25629730122639427 0.27101505128842324 0.22536198524515458 0.2592518652190871
440 773117.0 0.3259858002753452 0.3678572150230272 8235.554359360154 0.1372665038104566 1069834.678382443 0.25099769063127053 0.2577693756330362 0.2561629078498352 0.27077948497952686 0.22530496477435963 0.2595039575370225
450 789145.0 0.3298613150894707 0.3702137563888804 8106.266595041392 0.1369473239297104 1083071.6988354798 0.24933646968256867 0.25770003613887477 0.2560347822958098 0.27049044534976846 0.22735856245407846 0.25995800217414144
460 805038.0 0.3353479072763036 0.37318580591471245 7755.196899336532 0.1367058963147174 1094778.3598962112 0.2469225335962992 0.2563104408157416 0.25586979681502414 0.2701988489458052 0.23191804003794353 0.26212590362304394
470 821956.0 0.33616665316447814 0.3748342031206631 7739.421675868097 0.13653921107988579 1105236.923499676 0.24783714678383575 0.25523144600689274 0.255680434271703 0.26989636395821703 0.23217131841698765 0.26302033116981505
480 841195.0 0.34392766131410446 0.3779013227500467 7230.824768876417 0.13650664233854082 1113006.2256036582 0.2499187443893051 0.2543312875140949 0.25555145156693093 0.26957645407003344 0.23620603671572007 0.263260858214452
490 861272.0 0.3536274826851543 0.37917665432696723 6679.493951591232 0.13647340368647065 1120255.2167596454 0.25129107358303177 0.2539921325608854 0.25544503065894864 0.2692638321132755 0.24205967239319484 0.26348163620518034
500 880182.0 0.3545393592028334 0.3794165554531693 6665.027565912799 0.13644146851095226 1127468.407033859 0.2512910735830324 0.25399213256088893 0.2553621173440601 0.2689590077709123 0.24207405673561855 0.26311025244634045
510 895857.0 0.35470059239644547 0.38082885242921194 6673.182293582385 0.13642099403059854 1134492.5414295013 0.2511992462306544 0.25407381307062493 0.2552815664772779 0.26866789795798457 0.2420121815517078 0.2639544234168895
520 923932.0 0.35597010573686605 0.3824752487375899 6655.26121421684 0.13639860184542835 1141532.4679541478 0.25149366310994287 0.2540003480931773 0.2552043940511109 0.2683865374504306 0.24291976078507518 0.26459477145810306
530 944803.0 0.3613570993426443 0.38913563484720365 6490.641063583744 0.13619601554997726 1151655.322840532 0.2474086284013578 0.2502589479006045 0.2551008542233826 0.2680927169238219 0.2444722642143501 0.26639843105772737
540 963518.0 0.3616434140421611 0.39334247766763597 6488.288907007531 0.13600888009280743 1161514.2600842223 0.24739920976352336 0.25105593241178537 0.25495892505891804 0.2677779501801802 0.24430213276097246 0.2635327757535408
550 977028.0 0.36694688076751425 0.3935708892560666 6266.376858847262 0.1358564663961926 1170564.9190537462 0.24951201450116733 0.24439754878625572 0.25482461272860907 0.26743930679514827 0.24596009917104023 0.26311314701480787
560 990473.0 0.37977029647596916 0.39510681625374205 5669.034872127217 0.13565933906239466 1180015.7322754199 0.24736005092455626 0.2520029569057831 0.2547063733725349 0.26711411214622577 0.25423615800821453 0.26381861034252563
