1 382.0 0.08610179334656615 0.06569491932014399 307691.1233782895 0.08610179334656615 307691.1233782895 0.10938788720875983 0.08373511404639324 0.10938788720875983 0.08373511404639324 0.08610179334656681 0.06569491932014458
10 5675.0 0.08613600212356759 0.06573171765425811 307653.37013295863 0.08610179334656615 615344.4935112483 0.10938671448233579 0.0837346022197394 0.1093876739857742 0.08373502098700153 0.08611872867935091 0.06571318050643878
20 31923.0 0.08663842726752341 0.06623108093682854 303533.90907286684 0.08622436899891163 918854.2682601963 0.10963464140332299 0.08374743254909593 0.1094836542900044 0.08373931181345753 0.08644939579379902 0.06599143793420778
30 43228.0 0.0868765482251694 0.06642353298778814 303563.995409387 0.08463155254311733 1226649.7108577914 0.10873938854682048 0.08331741822363986 0.10939422158245664 0.08368565887191035 0.08643942011214183 0.06601221391756792
40 56258.0 0.08697205380311639 0.06649946235937941 303203.0836869345 0.0836810386753902 1532612.42843491 0.10874794753961124 0.08331751260650633 0.1092360988298552 0.0835958372291158 0.08630701521196721 0.06594650943921386
50 69559.0 0.086990994408089 0.06659833146343434 303318.6350087285 0.08304736276357211 1837847.8817807888 0.10874300099669455 0.0832706119165857 0.10914030452850888 0.0835407760344812 0.08620647935328205 0.06593087246263167
60 83645.0 0.08700176489530548 0.0666123011965645 304326.87216499716 0.08259323567646566 2143501.5724847247 0.10874310285178865 0.08327089615550834 0.10907518949953852 0.08349653343137095 0.08613915075264364 0.06589821550569147
70 102190.0 0.0874656442484267 0.06687392474807918 300038.7608162964 0.0822391513743244 2445010.043373497 0.1086984378889439 0.08331905522376695 0.10902653471574496 0.08346679026656634 0.08638365177414864 0.06605245680325265
80 129440.0 0.0874795515658143 0.0669193263336732 300655.35998906987 0.08193351517622709 2746991.338874844 0.10866407749299438 0.08326305630835326 0.10898554617270571 0.08344602148827118 0.08633798133643525 0.06603906334670609
90 139785.0 0.08748206808364432 0.06695346348517994 309577.97447228816 0.08164920517526336 3057144.8344915374 0.10866407749299496 0.08326305630835563 0.108950219944166 0.0834259154245441 0.0862823367301875 0.06601288410830791
100 155656.0 0.08756089090388768 0.06697198862241778 311130.5522818544 0.08140944827494655 3368662.5298459977 0.10859708137805109 0.0832125705521718 0.1089180348757671 0.08340685152364728 0.08627308521401673 0.06598085462272998
110 172481.0 0.08814595647923698 0.06744312817259314 305256.95591818675 0.0812460008231547 3674459.959638578 0.10810374969705902 0.08289832936622502 0.10884910875308793 0.08336360248052935 0.08673583982661105 0.06616556924802008
120 189239.0 0.08848696235863425 0.0674741009998376 302446.15641067753 0.08108039122028428 3977755.444470023 0.10854768206760804 0.08306766473422784 0.10879106711321844 0.083328016534068 0.08685971625231968 0.06614632471722115
130 201561.0 0.0885195261979376 0.06750326186265138 302369.62673817546 0.08093844013210963 4280864.847540658 0.10841729152591828 0.08276976882733095 0.10877149276919815 0.08330594849736883 0.08684189239345332 0.0661310474333927
140 215167.0 0.08862510497025665 0.0677390184893448 307007.32658245723 0.08078307788403956 4588466.418484138 0.10864871982452529 0.08299966822154058 0.10875782579215419 0.08327930942044791 0.08685474927517527 0.06620024060291257
150 232368.0 0.09579947599606026 0.06820526811511678 245370.9987044909 0.08095451978591736 4828905.108387469 0.11066122856154857 0.08303793121409545 0.10882966287128933 0.08326200226618542 0.09175884555506772 0.06649369264521895
160 252161.0 0.0958016121719571 0.06820885104336905 245680.86262157865 0.0811057920522801 5070295.120983901 0.11066225827865074 0.0830379759865302 0.10894343111116314 0.08324808508762352 0.09184118370601815 0.06646759927900234
170 268872.0 0.09686184504290958 0.06921368379416619 237745.8694949965 0.08129440318727076 5302112.696567644 0.11071142602049398 0.08308712018927027 0.10904567250371248 0.08323752236367915 0.09266425448154421 0.06716894502197243
180 281580.0 0.09725067389026489 0.069285941638572 236019.2556486275 0.08148316302186122 5532167.005580059 0.11063260225980301 0.08307416488022344 0.10913677928171898 0.08322889980763287 0.09312283847824931 0.06724713138968919
190 301506.0 0.09833941880638196 0.07236988808370372 228436.9589141768 0.08168455616330031 5753444.7768225465 0.1104860617227393 0.08348838777398455 0.10920742234145826 0.0832424855650335 0.0941551778805944 0.0692040090456467
200 316650.0 0.09834155028188288 0.07238192143668908 228623.5893762576 0.08186676900555473 5975672.939633918 0.1104860617227395 0.08348838777398512 0.10927103624102445 0.0832547195057774 0.09421989522209252 0.06922506170363309
210 330302.0 0.0987448846178993 0.07273089548705532 226113.18994182406 0.08207206786802129 6194617.640884924 0.11100989794161288 0.0838525436684694 0.10933156833337813 0.08326898528367381 0.09458123264621475 0.06947214646074806
220 355794.0 0.09939955593783142 0.07487806120987353 222898.37710580998 0.08225951465549075 6410522.868310711 0.11100989794161535 0.08385254366846978 0.10940751084958789 0.08329539064045194 0.0951795952937626 0.07126927736030197
230 381125.0 0.09972229130577533 0.07488900575262836 221085.55020126086 0.08219939910420428 6634692.90272383 0.10891682751646116 0.08374158004374296 0.10938626435535122 0.08331465050225163 0.09541209396296245 0.07129684542300062
240 391605.0 0.10027543915570276 0.07524373165927772 217694.36521601593 0.08214723019159453 6855213.952567133 0.10851263696660046 0.08341955352749045 0.10935337091398335 0.0833216940721744 0.095703510527707 0.07169934012236394
250 402425.0 0.1002871774921907 0.07527025247250346 217693.035971301 0.08209907427226247 7075522.754698524 0.10851298611112341 0.0834196494639086 0.10931988944773395 0.08332559667742294 0.0956812811865841 0.07171328489836226
260 412489.0 0.10029400010475792 0.07528155084247476 217864.42518039877 0.08205448545806611 7295807.575279849 0.1085129861111253 0.08341964946390862 0.10928897361108221 0.08332920023246074 0.09566081488398731 0.07172563184176683
270 428798.0 0.10031699889440525 0.07531753834761137 217850.0884232733 0.08201305744092875 7515911.894407786 0.10851226349941662 0.08341784430845439 0.10926031746136208 0.08333249505426091 0.09564540766588606 0.07174908910339298
280 451255.0 0.10095442952704198 0.07762319414943561 215434.21610540865 0.08199592421525641 7732293.1620329 0.1090147203166603 0.08545336734719461 0.1092470658062838 0.0833491919323654 0.09605272638259624 0.07307396546086344
290 461738.0 0.10108774584284035 0.07766689729572743 216804.84974315274 0.0819799332046289 7949959.443447436 0.10901575809232229 0.08545339979341648 0.1092390849914365 0.08342150047736376 0.096099508501319 0.07312188239032809
300 476867.0 0.10179559708955875 0.07850482566708245 212595.6250533114 0.08197804915270898 8162663.080757804 0.1088904301358606 0.08536232216130085 0.10922955170175341 0.08348641032968067 0.09659318050243568 0.07382467847089424
310 485981.0 0.1027248599363653 0.0794648280988811 208419.2852967823 0.08197721870382912 8371133.812675864 0.10899640175603986 0.0854885831492708 0.10921972055524685 0.08354943138615174 0.09724018046955601 0.07439226297532389
320 509682.0 0.10278402586733514 0.07997907193177899 213062.59960833276 0.08197643858518441 8584240.500451501 0.1069775278311823 0.08563379860279807 0.10916011344091574 0.08361391648578169 0.09723481600073654 0.07469353664984944
330 522246.0 0.1027976995812361 0.07999825758673942 213071.0625235788 0.08197570435587173 8797353.051375285 0.10697752783118233 0.08563379860279832 0.10909417429862776 0.08367494011469462 0.09718985635149471 0.07473160039513603
340 538768.0 0.1027988285072356 0.07999952008308728 213454.4024756707 0.08197501208251978 9010846.242705105 0.10697823137671855 0.08563673451224929 0.10903211493381483 0.08373243630336837 0.09714290465236575 0.07476159620950432
350 552918.0 0.10554630841960823 0.08004694572302438 197670.19623350614 0.08202658206061726 9204891.421246672 0.10789818427316047 0.0857363870402861 0.1089919388763742 0.08378866518855005 0.09862334186357243 0.07481319729336365
360 567327.0 0.10577852325658973 0.0810321543344538 196738.62223982805 0.0820821700262575 9397707.508433959 0.10545845884666882 0.08474109426707374 0.10891434121869818 0.08382333768525771 0.09874149257821165 0.07532536353109652
370 578317.0 0.10829087258983541 0.08110459320130697 184094.4465599875 0.08212156968469916 9578282.13374417 0.10555536719637044 0.0835690327623355 0.10882193136371718 0.08381650574117999 0.10084382967639431 0.07535065475261506
380 593754.0 0.10833915210408387 0.08112263105357347 186176.8038807724 0.08211673210095427 9764901.323204117 0.10551186138897319 0.08348551349220804 0.10873590347345001 0.08380953054715529 0.10083916653725937 0.07534875442497231
390 601560.0 0.1084224755387507 0.08115954989068223 186046.6380082768 0.08212217591679308 9950456.103283335 0.10554541305913584 0.08351667524687059 0.10865396201354258 0.0838017218514481 0.10086296559360577 0.07536747253733732
400 627291.0 0.10913611854523082 0.08257987261967523 184914.36417646846 0.08213931643095582 10133822.010296013 0.10559550231669367 0.08382656195255254 0.10857769068860305 0.08380233509884255 0.1012620731521525 0.07635315488590694
410 642466.0 0.10952307714071194 0.08262709781806662 183175.33880521584 0.08216316256973498 10314807.936775206 0.1057333402659537 0.08331972146022648 0.10850848977584111 0.08379059366584987 0.10143651425735803 0.07637901276638474
420 665261.0 0.11161658433610708 0.08410901270232399 173456.09611535515 0.08216832718136628 10487700.212460041 0.10609355837607654 0.08366788786739358 0.10845275925833384 0.0837876783988365 0.10216638627209068 0.07701613713260794
430 681650.0 0.11165871205360667 0.0841519035167293 173380.01641326313 0.08217325703792344 10660541.585676733 0.1076033930885775 0.08340423291946505 0.10840152451561899 0.0837842873077405 0.10217775496926228 0.07703956307227403
440 702861.0 0.11410063685499225 0.08436594619985723 163350.01113302098 0.08221252526817187 10819168.777268855 0.10759729074447255 0.08336349760671669 0.10838332943471386 0.08377502270213509 0.10354023557169974 0.07713366991140387
450 718357.0 0.11418875405290133 0.08521431224235877 165648.6641236057 0.08220559027461069 10985670.628079474 0.1059692121867722 0.08101963470060392 0.1083402480384031 0.08372996915316241 0.10360787955904076 0.07750807829809656
460 739962.0 0.11678585814309325 0.08553582260629837 155486.47054429815 0.08217488453169434 11145565.405516047 0.10599169401479967 0.0810892376266341 0.10828919718624182 0.08367248226162759 0.10427852808704877 0.07759700943627039
470 747175.0 0.11681879304160155 0.08556407641252502 155498.64566628714 0.08214545819473285 11305294.271565672 0.10599169362857216 0.08108713740709074 0.10824041791832154 0.0836175961717638 0.10426283559019585 0.0775543774233054
480 758606.0 0.11688540570319372 0.085588017155441 156237.92233918965 0.0820973422354427 11468552.667362282 0.10582037652243244 0.08091590277649553 0.10819188604711054 0.08356320789419913 0.104259564164443 0.07751181205381327
490 775385.0 0.11696217527805604 0.08568127075589832 156472.1679266294 0.08204451438034634 11632788.16152104 0.10582167997162731 0.08095504316466291 0.10814360990782987 0.08350992425854141 0.10426204602989166 0.07750917431425373
500 788809.0 0.11699619074609974 0.08577355516204502 156405.31881525533 0.08199375820584198 11796677.486822845 0.10581208289158717 0.0809762700522998 0.10809724484507124 0.08345897099696228 0.10425431283067219 0.07750793238380825
510 799908.0 0.11711098020298177 0.08594198038996957 156443.27269220358 0.08193658521537943 11961654.773600344 0.10581208289158843 0.08097627005229857 0.10805252543306572 0.08341038585127411 0.10416162087375254 0.07749349536516283
520 815300.0 0.11714256485431969 0.08616163033894328 156726.26901768585 0.0818815696962551 12126587.275250334 0.10581200378259506 0.08097566067204726 0.10800952239346351 0.08336366343908548 0.10414963389578083 0.07754793401088265
530 830867.0 0.11716847515793188 0.08622764596762661 156720.93024990498 0.08182859178895018 12291232.264799966 0.10581190623916456 0.08097543624960908 0.10796813749479013 0.08331869079028083 0.10413490177116236 0.07752209356423684
540 841428.0 0.1230863691625062 0.09405806587085555 135400.9700381859 0.08178116498916432 12435641.04002828 0.10622729904549309 0.08056167039768176 0.10793064289822513 0.08326676575321397 0.10773758995109499 0.08310945904829559
550 860360.0 0.1231493149683038 0.0940744909787529 135242.8733230466 0.08173543200365654 12579604.100928055 0.10622638214956663 0.0805616305307485 0.1078997142401659 0.08321767081245579 0.10773300190958078 0.08305841918625219
560 879624.0 0.12315398177894156 0.09408740920917691 135310.77641972763 0.08169564545324715 12722479.53246909 0.106226052671833 0.0805541731803284 0.10786988422444944 0.08317027289406227 0.10771308866796947 0.08301734665840313
570 894351.0 0.12316163847499699 0.09411971643299895 135429.33697915566 0.08165723085285186 12865217.514876725 0.10622605267183341 0.08055417318032902 0.10784109558079598 0.08312445678699168 0.10768521499942503 0.0829757985297484
580 907728.0 0.12318661713716807 0.09414613456748082 135553.96316997343 0.08161680157050975 13008495.00794851 0.1062951692787426 0.08098601080282211 0.10781449000837583 0.08308765276645305 0.10765828764444155 0.08293685533099861
590 918027.0 0.12326427045902184 0.09421935451318993 135584.3957755403 0.08157743742847424 13151614.017435184 0.10638133073913462 0.08104373095559816 0.10778925037693685 0.08305235586404235 0.10765277152455631 0.0829442354310837
600 941200.0 0.12334721969879958 0.09429449013184164 135366.85041092988 0.08155534168729278 13291150.388472024 0.10655251742846335 0.08121718309728786 0.10776667904415259 0.08301980464928103 0.10769585767050384 0.08297544936462983
610 956485.0 0.12346128003849806 0.09432935586557635 135097.4162375061 0.08153395871195589 13430299.783220774 0.1065525174284632 0.08121718309728873 0.10774680733194827 0.08299030184155609 0.10771714794613754 0.08296202738646108
620 973134.0 0.12353741933147212 0.09435162259106404 134991.16783440197 0.08151325456123286 13569223.248243587 0.10655251742846422 0.0812171830972889 0.10772757561047518 0.08296174920477238 0.10771021970564322 0.08293986248881784
630 980366.0 0.12357579648511535 0.09438047298892055 134965.73338939997 0.08149319741521996 13708003.360425817 0.10655251742846147 0.08121718309728823 0.10770895345228171 0.08293410156440019 0.1076814033780122 0.08291628780934059
640 997743.0 0.12362895228515586 0.09440718957305078 135530.9935817286 0.08146442166991034 13849042.100451075 0.1065473831210223 0.08117799469238313 0.10769084350527741 0.08290708732134977 0.10769039351179203 0.08290468534937548
