1 1699.0 0.04461956625297734 0.05797479395594074 1840083.7525753125 0.04461956625297734 1840083.7525753125 0.09058648914520327 0.10179326874969537 0.0905860520061838 0.10148872723475989 0.044619566252977166 0.05797479395594064
10 20312.0 0.04815540039747857 0.0675893683602185 1467305.8411546873 0.046291830209219925 3279927.7296569785 0.09064522896245233 0.09967395989634092 0.09061620383636422 0.10126450498589415 0.047690910835805865 0.06671610261223881
20 29681.0 0.04820974080718057 0.06853294438045299 1502662.669648831 0.046003258874304266 4788820.504738848 0.09101782854416753 0.09934908380268473 0.09065239828303984 0.10043039940021697 0.0478326482582058 0.06656811586032021
30 43395.0 0.04827771562820005 0.06886219027901387 1564512.7293044857 0.04582462100477171 6355283.322380479 0.09099052236383194 0.09932009956324583 0.09076673242340821 0.10007785201918627 0.04783249044299604 0.06621816848073966
40 50255.0 0.048411393709671124 0.06887342081218077 1684353.8318344818 0.045426634793694576 8037092.385824751 0.09194276042244054 0.10208553028424318 0.09089278803208983 0.1005113292843501 0.04783665180141132 0.06589985773438639
50 70945.0 0.04938813739548999 0.06997298996406895 1605724.7673947238 0.04530160192294173 9643951.44734751 0.09254900151804568 0.10243802743806887 0.0911737543702269 0.10088190916587787 0.048456271277606905 0.067066577350576
60 85264.0 0.05198854268451446 0.07066425826715968 1402453.5119100756 0.04546234582480751 11035686.832870295 0.09330776965849698 0.10468607053851428 0.09146239030600727 0.1012490777382314 0.0496418785845936 0.06717980771092788
70 96572.0 0.05263725253463494 0.07102975354228604 1363200.5812818364 0.04565207652643374 12384396.700734632 0.0915445828397989 0.1039291393619432 0.0916296159309393 0.10171726196097182 0.05013000045229777 0.06736182962170001
80 111121.0 0.05825645994425791 0.07116346657789642 1017130.4409991105 0.04631450668643001 13268555.415237483 0.09117737875814251 0.10444167858491121 0.09158022460796632 0.10203677691688633 0.0532830108726281 0.06744867973968575
90 121322.0 0.05868228034423259 0.07116765151660549 1055750.8686888528 0.04684971205346282 14235223.511097081 0.09140240096263634 0.10444819270663419 0.09154282320835015 0.1023011467075711 0.053695512411307225 0.06744259782878105
100 142064.0 0.06307586800819313 0.07542928677156412 863873.1856145643 0.04758393791655449 14915356.005896397 0.09274847112280481 0.10403992416581538 0.09156653602626944 0.1025040692848068 0.05657414144187026 0.07078036350278664
110 155952.0 0.06354416906157011 0.0758562537700518 855912.1606557372 0.04819618356448172 15621614.211209517 0.09241596264367026 0.10359550378621518 0.09165587179926978 0.10262244156852668 0.05696586953868338 0.0709755190683687
120 174704.0 0.06360977022421191 0.0759503784266072 877218.1969223354 0.04830609616747532 16466410.432855153 0.09423881567041364 0.10371332810258461 0.09179423052937213 0.1027110737775685 0.05713335967493419 0.07102015933853913
130 192296.0 0.06889708234540994 0.07608559326576386 707881.5650678648 0.04872072959459145 17019829.12381995 0.0938817855430991 0.10371471886771656 0.09197789725716966 0.10278768519045443 0.06130879673887136 0.0710913605753181
140 208226.0 0.06995868284062026 0.07613368027652123 699048.0388056948 0.04911966978266171 17574597.005527373 0.09442034820635872 0.10316095135016415 0.09213694305926214 0.10285512110610974 0.061662564461024284 0.07111032609331243
150 223469.0 0.07039937361583298 0.07703402362049182 690952.1068203846 0.049494240951376944 18132999.17102663 0.09441059771622701 0.10263681734223846 0.09228758267222839 0.10284363115747439 0.06224255953923229 0.07153101301402344
160 233605.0 0.07424880290382237 0.07808819118469024 592604.8909012661 0.05004019851482239 18506757.33569479 0.09674123285887795 0.10445276893615851 0.09253571018988198 0.10293737589126198 0.06539494622376807 0.07210126541856447
170 254326.0 0.07662581686667319 0.08050335516198523 542267.4080990576 0.05052790508783722 18832011.396287818 0.09682258406720917 0.10461090129428023 0.09278278490760275 0.10304107741319955 0.06678026934486585 0.0733392051023279
180 268612.0 0.07742907406996968 0.08202380911764912 530112.5069217129 0.050979144931560104 19162913.048025 0.09702855603930731 0.1040766290759988 0.09301047868666813 0.10310113170731033 0.06733886576579685 0.07395871961056096
190 283891.0 0.0775403765664987 0.08204463572910306 531815.407348897 0.051379787088904026 19523549.74269928 0.09709971931879866 0.10499781958987787 0.0932248914612191 0.10320040034879434 0.06765100968300787 0.0738986818404631
200 311501.0 0.07754108765162901 0.082053675087321 542140.5924410278 0.05174210277173923 19920020.357089583 0.09712455326089914 0.10498788714104806 0.09341780727404221 0.10328996625522283 0.06784165843499781 0.07385337856756298
210 317448.0 0.07766289905251537 0.0825475876763171 544530.439357478 0.052062415905578245 20339032.62305602 0.09778716746841344 0.10476143987489593 0.09360649946048985 0.10335978097349746 0.06806927761900189 0.07411041187407061
220 333946.0 0.08791785504171923 0.08476160279228907 376600.6992862136 0.05268855160935416 20379179.03468052 0.09648975021103738 0.10462590965910876 0.09377225469316294 0.10341880962389234 0.07647208166222715 0.07575929071533319
230 362043.0 0.08795968489490485 0.08486669726679896 378019.56207156315 0.05319565607045248 20487764.290469255 0.09820634969980839 0.10509418058392002 0.09390658314059513 0.10348872353463236 0.07662863235537716 0.07576365738246478
240 380485.0 0.08969473961238128 0.08500412846551615 360997.21311301563 0.05366219397884666 20596129.89435886 0.09835703376509836 0.105093584008116 0.0940887624416371 0.10355534622231333 0.07778679554891393 0.07579785045474963
250 401596.0 0.09063631491863006 0.0860134678995614 356980.76577659 0.05382378710433201 20855115.28061089 0.0986182629935251 0.10494816255401399 0.09423135783893931 0.10361523445478599 0.07808571963811776 0.07581962329924559
260 412537.0 0.09261314184123126 0.08921900534969357 335737.0229517393 0.0539850014960598 21089405.08709104 0.09934726807503624 0.10654785686698501 0.0944177141764836 0.10370006541434158 0.07938561282839397 0.07782899019408397
270 422863.0 0.09398858782806947 0.09036188567404647 323755.6942848157 0.05421569222427946 21270520.120149463 0.0985718189684222 0.10673753021880844 0.09458129130138992 0.10381174230746017 0.0806148098264 0.07856162769161756
280 430517.0 0.0943422541637455 0.0964576819603084 322883.79028239666 0.05443096529952867 21462105.9798214 0.09871654873362794 0.10782474246025597 0.09472409781133867 0.10393943776157692 0.0809817104545608 0.08217764150104295
290 453691.0 0.09500475240617971 0.09855199863020678 317146.9111240792 0.0546944248369641 21623486.89729653 0.09861502946063308 0.1076761731395315 0.09486075596496087 0.10407019793334783 0.08163743977326726 0.08386963907954319
300 475414.0 0.09581724030382144 0.09897281944891091 310578.51045762206 0.0549002548248164 21809261.088935915 0.09910804125565123 0.10771715719718751 0.09499328882096447 0.10418908899288347 0.08221710552573536 0.08417608496735934
310 486145.0 0.09584880551196324 0.10500142789426586 310668.17327912035 0.05508247209694786 22010337.54983617 0.09910847314292169 0.10933226613514019 0.09512564643916448 0.10432087581514546 0.08228109784217982 0.0878017312810017
320 507940.0 0.10724934867809717 0.10514409727816604 229836.4546124298 0.05527133720547972 22099815.87673028 0.1065161392678071 0.10847756821373343 0.09538834520136363 0.10445078602685075 0.0853510198613676 0.087975688922708
330 514464.0 0.10738943898721745 0.10550528033701749 229453.74376490593 0.0554315637186201 22210791.240111377 0.10511737150574463 0.1064553297478656 0.09571604766977841 0.10456635177309392 0.08568047262337054 0.08825690331410566
340 526053.0 0.10837343921031688 0.10639763503648847 226428.46024235588 0.05561657933496923 22302686.243277457 0.10656730740750475 0.10865331958418885 0.0960004379977681 0.10462813242101887 0.08639007219816353 0.08875912765128427
350 548001.0 0.10850292014297647 0.1064375179136805 225937.80594890178 0.05575274864949699 22429061.295785703 0.10656560117627173 0.10871596700611756 0.09630148387241125 0.10474441731187846 0.0867037315696157 0.08886828006202649
360 565668.0 0.1089154767679596 0.11007311849727258 224088.85546973927 0.05588573729665567 22556482.531657644 0.10649117164245442 0.10885192861515028 0.09658518698131906 0.10485908487574754 0.0871274819045103 0.09207152408207858
370 582052.0 0.10920968908171062 0.11037856306729502 223600.95278595202 0.05610933749741559 22626284.687272467 0.10652631876926957 0.1090264985706952 0.09685300511665149 0.10497130495238312 0.087660930735401 0.09235540881398299
380 608769.0 0.10929794492761644 0.11288372420981886 224450.39576148766 0.05632166720573442 22707293.030633986 0.10626810608027598 0.10923701493944878 0.09710615588053552 0.10508522932174663 0.08794277719623175 0.09355154008769198
390 625816.0 0.1102769761848095 0.11295505309260893 223053.81441657184 0.056514010562603946 22800933.346755866 0.1054656248259558 0.10910379222241051 0.09732928427849596 0.10519009153952971 0.0885191763896781 0.09362068746809037
400 641393.0 0.1112132232326182 0.11435756477594836 220409.76587842777 0.05672871188469534 22880009.537461445 0.09806115037180041 0.10908409748521077 0.09736670842628375 0.1052891687823839 0.08920747376035124 0.0950185357255514
410 652452.0 0.11210811619344799 0.11697841154366433 219500.9625048844 0.05685688117291773 23012168.41438393 0.09794878379866967 0.10957166874254026 0.09738229348336958 0.10539142312709185 0.08925047722443703 0.09632743586456542
420 664037.0 0.1136673123842093 0.11704271950519164 212126.78805910592 0.05693095504493066 23171541.51666467 0.09723774505799074 0.10956327889237091 0.09739061002818164 0.10549062895334395 0.09003622212245065 0.09639021061742711
430 678426.0 0.11463935610374522 0.11708817174295923 207203.30321559182 0.05707607514391753 23278538.2890821 0.09746277162934522 0.10954618353054173 0.0973924828532655 0.10558500356569109 0.09032950336369222 0.09645242793899858
440 696667.0 0.11471430567749213 0.11727729990085624 207474.06056996956 0.05720981132359136 23394369.630042445 0.09742092321009997 0.10948023951463344 0.09739394548186299 0.10567445370497015 0.09037323586478578 0.0966417151782298
450 716975.0 0.11596626155121789 0.11950618085045152 202385.29218269096 0.057361640442942376 23493192.95758775 0.0975411443641224 0.1096551603390137 0.09739548525785674 0.10576233753875958 0.09091653843634374 0.09752932165746243
460 743026.0 0.11665683497915445 0.11960049296306081 200865.12995486683 0.05748550725960413 23608738.85500051 0.09876325166764373 0.1096499124355892 0.09740001384791576 0.10584525801708376 0.09068011176964065 0.09758654955033974
470 759388.0 0.11823575576347807 0.12025836871975233 196319.296878182 0.05735256349343004 23911604.42997073 0.09862792777163952 0.10941478175125399 0.09742797704122304 0.10592450725189832 0.09233103018649384 0.09818161237070254
480 775305.0 0.11875210516984708 0.1265704517290246 196342.15869323423 0.05710608753673302 24319179.917148028 0.09618602229401574 0.11185574515922422 0.09743937208361599 0.10600684743064384 0.09236392086117193 0.10090949056555959
490 815883.0 0.12046668557127158 0.1284377048140842 188283.77607681128 0.056960432640147884 24631545.054289352 0.0966286784900623 0.11220928351301303 0.0974192554981527 0.10612957606198518 0.09303222050592905 0.10152727313169449
500 828154.0 0.12180385650340114 0.13189260873978997 183807.636981242 0.056902681764669005 24863588.415084973 0.09662201470337148 0.1128447198116998 0.09740463146164526 0.10625930579484032 0.09350387807040687 0.10306163358419274
510 841172.0 0.12307675325344221 0.13261109744605265 179710.92180208606 0.05693397836227665 25017984.139591295 0.1039876832433542 0.11282014569388059 0.09747608384950714 0.10638807432926717 0.09410183658555385 0.1033265015466002
520 866929.0 0.12313447241149218 0.1327603909291892 183220.32105758679 0.0569694196014216 25173042.19192299 0.10410633803098815 0.11073373649303458 0.0976010087225723 0.10646717111442038 0.09423764192705568 0.10344166147458125
530 891641.0 0.12355647828314467 0.13284141781703837 183360.62904299988 0.05700529583827004 25328011.453101248 0.10431340960057779 0.11072953457735096 0.09772135232685408 0.10654746741729436 0.09444808178144516 0.10354577462583242
540 911082.0 0.1238014612270124 0.13484355534788614 186074.33876257503 0.05694661037240552 25562840.758757934 0.10094265470206316 0.10978635770396034 0.09778953557207305 0.10660771992644916 0.09467130876138391 0.10414925344593488
550 928427.0 0.1272239340549644 0.1360785716867193 173124.90050983024 0.056851482975784365 25820505.3055957 0.10069609144631161 0.10900232387259562 0.09784452271359402 0.10665963633270927 0.095912606004548 0.10471570719741916
560 950440.0 0.13044485085632285 0.13685372743995847 161914.50462914736 0.05676094494312427 26066093.959236868 0.09968477803876638 0.10904500859931311 0.09788321598196349 0.10670155883846623 0.09708286579108286 0.105294631721721
570 965553.0 0.13427949718514873 0.13719998250101476 149602.2871089406 0.05663916248259244 26335006.920185793 0.10034084809439728 0.10736432049446468 0.09792842287140327 0.10671942326027344 0.09767683437832801 0.10549040410400057
580 977829.0 0.13440116538947783 0.13849501158250202 152026.95783275447 0.056503550420171585 26621304.069135513 0.09974589003769935 0.10847569352358734 0.09796666824848173 0.10673779937862057 0.0977572840550772 0.10589329247271245
590 996801.0 0.13506668964961135 0.14211955351686123 150106.93119299808 0.056374152249841596 26901334.26573558 0.09928841989259923 0.1085184421765169 0.09799263626089555 0.10674982295780486 0.09799040289540928 0.10674786928304349
