1 105.0 0.24559438677787365 0.15259983172559619 9502.819332649951 0.24559438677787365 9502.819332649951 0.4174157071578254 0.3402258499154477 0.41741427427278477 0.3402239804717886 0.24559438677787346 0.15259983172559463
10 19581.0 0.2506262791811065 0.16070210427605225 9249.74947334563 0.2412099573598677 18783.284767345358 0.4218867732683674 0.3286770959334265 0.420328897361826 0.3345100674605725 0.24630258898092 0.15871821796365632
20 47235.0 0.2548465979504247 0.16126025984084186 8843.55376797639 0.24048262386124433 27637.9203470597 0.42225281892608535 0.3272352350618288 0.4211240531781816 0.331526479360902 0.249378362892443 0.15876507972555298
30 58671.0 0.2550147680809475 0.16151911285703588 8850.201012496897 0.24011895711193262 36493.619359258126 0.4213247199550525 0.32761191341988505 0.4214577575966802 0.33015125936775186 0.249315970935509 0.15852244073533886
40 78239.0 0.2634384314588333 0.16763840177333367 8072.298638052513 0.2413129830581823 44516.414719777895 0.41958378836949817 0.3244566689965578 0.42128194260767265 0.32915722203261366 0.2559399555769709 0.16282915214017787
50 96265.0 0.28438036886672946 0.1701466819493806 6580.01730154275 0.24424411879299066 50773.686091538264 0.4347295015670214 0.3213417737841624 0.42382894041282 0.32771268784397245 0.26938412938627054 0.16389549305965365
60 123982.0 0.2951530809379912 0.1746210164294975 5926.077938999043 0.24492113424847112 56582.14811744125 0.4312096584501753 0.3216711799083005 0.42526409581885705 0.3267087421240871 0.2759727732654158 0.16684072771182593
70 139634.0 0.30358432570306493 0.19201747577879985 5477.421864808106 0.2465048411168007 61754.15035651805 0.43054892492589825 0.3170427407127601 0.42605485936062104 0.3256737365677011 0.28379186487140046 0.18224707960644398
80 161905.0 0.31432002072010184 0.20024369602787961 5049.858993623127 0.2488331658383783 66315.21732299529 0.434043607451093 0.31333313559850706 0.42690400635532016 0.3241079963543226 0.29054780223318566 0.18724552980598996
90 179770.0 0.31616777048968864 0.20533868603329133 5064.0377462254955 0.25041879193306277 71049.59951026572 0.44278707768570086 0.3158446800959087 0.42800086154937206 0.3230049884504098 0.2920158269024553 0.1886960711320333
100 197282.0 0.3163393003619784 0.2055862790830682 5180.429521818323 0.25169892998676596 75987.66077187785 0.44459354518969846 0.3150950786828613 0.4295189966252846 0.32229298876507056 0.2925120106257089 0.18827186856827477
110 215340.0 0.3172134845832456 0.20613639544623283 5234.719036199507 0.2525074055616024 81071.24064771728 0.4471144589391909 0.31636618367592706 0.43103197783424 0.32171160052440556 0.29388104639916357 0.18811153701789426
120 226931.0 0.3172313426840539 0.20625674272812347 5521.755649671453 0.2521775757121802 86653.27975632082 0.447683479235764 0.31688034090954253 0.4324168840790842 0.3216070731942648 0.2940324657138049 0.18772344296024826
130 247573.0 0.3275171499012437 0.2094752126928667 5197.22498674645 0.2522963104585797 91825.0795228016 0.45133355746600123 0.3226224169590708 0.4338328301386968 0.32136843227222217 0.2975061125693671 0.18799961253143938
140 261612.0 0.33308355034062026 0.21089013617719707 5030.858187816748 0.25230673722217845 96853.38049870115 0.4556631520847408 0.32282012800578747 0.43523917653105615 0.3215527617660702 0.29929735339657143 0.18752000183728326
150 276899.0 0.345442092776438 0.21608345008517824 4518.711042035791 0.25211069345934434 101439.7420827221 0.4414941086648001 0.31343793972805517 0.43580424795092326 0.321246813895036 0.30655195626288434 0.1886703471340902
160 288326.0 0.3496930442685229 0.21649910032061398 4392.300716513766 0.25214284935894965 105820.53528990602 0.42406010537104594 0.3136029329112216 0.43568157107952216 0.320670564243669 0.30995402073277234 0.18888755805563318
170 297620.0 0.3550781745848674 0.2257261038136694 4310.034854329005 0.25106695951318 110604.44582644891 0.4256432763568695 0.32122175279074194 0.43505194816387954 0.3204356833682011 0.31312113124776886 0.19408833263091188
180 313941.0 0.357972029705536 0.23297151432780755 4246.9717116122565 0.25025234560954135 115218.27835750481 0.42627919049929164 0.3233826980550032 0.4345496994942749 0.3205390813798527 0.3151081326965865 0.1988963003219749
190 331859.0 0.3585333522595179 0.2332326659383692 4229.81552637837 0.2493541637920457 119871.91044732297 0.4263078147247793 0.32830270752579027 0.43411267611582 0.32084487254185395 0.31519149619509707 0.1984847168200594
200 353533.0 0.37156772509565394 0.23539371311007581 3811.3233681459737 0.24852868463537345 124155.57806868255 0.4226142206933865 0.3112810496841846 0.4336856660945689 0.3210709256271828 0.3213284463725982 0.19955269266490222
210 372901.0 0.37736599718332214 0.24490784125315201 3665.169765866218 0.24793472512730927 128177.85368178503 0.4281591240556668 0.30900532791719443 0.4332455226605012 0.3205856950545619 0.3260793655283753 0.2067566661882017
220 397175.0 0.3920473505939671 0.2518657611454636 3393.5747676652572 0.24692740000066368 132288.12479095714 0.4252814404957067 0.30661308089334044 0.4330703766742454 0.3199909268150045 0.33565911077176463 0.20979599769916318
230 415903.0 0.40182848214367567 0.25693619805483947 3439.5181173499454 0.24465542278325828 137606.76424943577 0.40923933857591893 0.2992029201959179 0.4322135607970783 0.3191451284183559 0.3377477392740896 0.2115674063791435
240 434328.0 0.4055461675743943 0.25703305769250456 3362.3630872102262 0.24234510705624246 143041.4581270477 0.4113032816906665 0.2994341409480344 0.43131249847085473 0.3183244018106755 0.33888548467788204 0.21096859625140127
250 444872.0 0.4087933619291996 0.2740934934985472 3369.3964133785316 0.2405519166337531 148017.8241602247 0.41592289053637826 0.31221863340924516 0.43057247130285486 0.3178368119419682 0.3394048209802601 0.22247207827405718
260 475654.0 0.41848265819606645 0.2763430153415346 3164.278076892408 0.23919821219396445 152462.0539546 0.40388160660904143 0.30732637402166 0.4298685052444413 0.3175187563165406 0.3409075063315717 0.22242895144974573
270 502917.0 0.420743793270085 0.28236187839058613 3151.3591062355135 0.23811489003152625 156642.9383932737 0.4022378158701715 0.31007231457101764 0.42894439728727796 0.3171869302114007 0.34064022557978385 0.2245911560467722
280 514849.0 0.44015261510748954 0.28772064767778344 2780.5769385424464 0.23699989840192381 160643.09075568628 0.4103525147387115 0.3174442666946266 0.428317551633478 0.3170843365170569 0.35187660655743747 0.2276379748580338
290 527267.0 0.4469542479744415 0.3046340764617607 2680.3312320672962 0.23604508518981726 164407.94777022983 0.4103854036050837 0.31341160382085964 0.42772180641109364 0.3169886895418066 0.35604263118160007 0.2321319349530128
300 547769.0 0.4510461649083797 0.30596369097975973 2634.5082656956492 0.23520175228392276 168023.2168458858 0.4095007840321315 0.31071414063904385 0.4271506924982275 0.31685322374036434 0.3583383981379217 0.23271329418891806
310 565993.0 0.451828147064818 0.3060528197426748 2623.2677175333133 0.23442402931024764 171565.47188208843 0.40908905666030315 0.31118919290515273 0.4265780728064466 0.3166591073755899 0.35784280036826127 0.23258666773203798
320 587024.0 0.45899465303968157 0.32583071011031195 2510.4898155010796 0.23338082298099985 175412.25738024196 0.40319775914267475 0.3135023267562408 0.4259543062573254 0.31652986972651803 0.3607224011399725 0.24225282416162613
330 599234.0 0.4603769758902475 0.3278656947448919 2504.4478720759002 0.23207687885682082 179679.55336930402 0.4012610679041812 0.30948422352912053 0.4252264656469621 0.31635572397275324 0.360517205185383 0.24314154522918482
340 614547.0 0.46169804440473766 0.32929649567077435 2500.871454941864 0.23054639742845692 184367.08298214534 0.4012965433908514 0.31495481884760823 0.42452222015136515 0.31620565157928904 0.3598377340594073 0.24392411547284323
350 619404.0 0.4625104107138872 0.3410820954803084 2503.68703908077 0.22910094274611328 188990.2895086793 0.4028671480033944 0.3153082116240029 0.423882893243837 0.31617504940426105 0.3591953666421873 0.2471243265515564
360 637204.0 0.4673698499692437 0.34678498107961075 2426.037996550559 0.22773105467062985 193517.00007495322 0.40384173583440053 0.3151116959961368 0.42331782805028384 0.3161451767158935 0.3603674080868785 0.2494723164662446
370 649659.0 0.46817690656965233 0.3471909126613385 2417.9501742187886 0.22643238277625327 197979.3898536723 0.4049170885927952 0.31547560448298345 0.42281897132524077 0.3161263009754447 0.3600850479845532 0.2494715938227231
380 664933.0 0.4851919961213361 0.35028558891135014 2204.402032647925 0.22560826552742796 201522.92583858708 0.4093764495041664 0.31807806994700266 0.42244560281078847 0.3161324555187181 0.3656120887942784 0.2504312587748669
390 680402.0 0.49209459555266677 0.3603140223157471 2140.7401225304657 0.22478467332017393 205050.7094718135 0.40700826835929405 0.31762869688005113 0.422058197778723 0.31617069790457425 0.36878392322648007 0.25678186992390595
400 701217.0 0.5044761657098293 0.3654206088996471 2036.1328766937995 0.22395416595603393 208552.44984741788 0.40677719869256895 0.31836131449869254 0.4216869690714652 0.3162117323270157 0.37757103704061074 0.258189909504267
410 724381.0 0.5046515180627021 0.3656318396009922 2035.4349173533003 0.22316276077351174 212005.44596708496 0.4067727078257164 0.31812215372504915 0.4213241663578198 0.3162611254601732 0.37722409070155577 0.25844273464889356
420 753512.0 0.5152506219169429 0.3693361027329468 1921.7759972615663 0.22253432715011492 215087.43782751463 0.4098849065973178 0.3185112307375056 0.4210134200532767 0.31631138419446314 0.3787874573802055 0.2610637858882704
430 779440.0 0.5256644704289786 0.39669972080578075 1820.0203079315147 0.22216701811036524 217594.8873874103 0.4093338141176616 0.31813250055243253 0.4207457766993519 0.3163523787525453 0.3819964439323988 0.2721936870496741
440 800828.0 0.5457155296899718 0.41281459820988287 1636.984795351785 0.2220596179942098 219439.70886021128 0.41869043406640877 0.3259036807699489 0.4206088778152515 0.3165122749699523 0.3861640620756759 0.2777831149593928
450 821441.0 0.546722259987119 0.41520445399950595 1644.855175816026 0.22185865400202134 221477.3097937319 0.4171324431134463 0.3258685296305033 0.42053829851313096 0.3167197509392759 0.3865971270943536 0.2790347278105925
460 833136.0 0.5577817021013225 0.41605738581507057 1571.3176170200486 0.22168245459390806 223401.12783162325 0.4155233171253143 0.32465185228788257 0.42044567343143757 0.3168962373908969 0.39316343190922437 0.2798447643762217
470 844355.0 0.5614082804431072 0.43590700595738857 1542.5368545790202 0.22152410719730786 225263.81147600734 0.41517367158708035 0.3208686110264105 0.42033511870213186 0.317043902458828 0.3947949781030356 0.29189847438710215
480 876894.0 0.5621782456279969 0.439509848881017 1557.4489031188643 0.22141318762486178 227044.0762870733 0.41472400638501206 0.3212216921788784 0.4202216029604869 0.3171374323944474 0.3949220965219864 0.29379286541700866
490 894668.0 0.5733470293152352 0.45498685612143264 1479.1095199236515 0.2213551985882415 228642.14726489855 0.41123456941791126 0.32352323228523777 0.420034093205708 0.3172242384519944 0.4009389486653322 0.2991706599237951
500 918583.0 0.577292905907622 0.4676322914637515 1454.2553823655583 0.22119598883096303 230429.6605361552 0.4067376193919624 0.327873327323544 0.41978956579533305 0.3174297704509994 0.4020758507251446 0.30312262378359867
510 930733.0 0.5827875709257608 0.470717044783509 1420.8795615631616 0.22112077084167095 232008.70883078885 0.399925316781219 0.32547975463934137 0.41950028530040195 0.3176060635181045 0.40625658781164903 0.30622376618263986
520 944537.0 0.6076878800676478 0.4992535082055707 1279.7039579872662 0.221028439435006 233492.02204879822 0.4061120856477965 0.3314660426355601 0.41918347439408904 0.3178313812199499 0.4137727317322519 0.3127978695293599
530 960569.0 0.6105852893230864 0.5017462062121506 1279.881679350001 0.22073804701275904 235426.27222795505 0.4047032840100691 0.33082792938656247 0.41891892980495593 0.3180853593614622 0.41462032046842917 0.3136214614432608
540 987876.0 0.6159200720221227 0.5133672229308579 1250.5649491444462 0.22031782708129297 237649.99630263337 0.40283269521018256 0.3306510981383475 0.41862125339277934 0.31831619716970666 0.41847780005633944 0.3182584524593016
