1 360.0 0.17343769129385422 0.23969296123560713 32378.318280995303 0.17343769129385422 32378.318280995303 0.37417917002479656 0.3779915199873433 0.3741791700247956 0.3779915199873455 0.17343769129385334 0.23969296123560846
10 12736.0 0.1874405609504921 0.24705011098471508 25627.109273826947 0.18032896465937376 57485.32738003512 0.3795273515847266 0.3820233505823786 0.3770905158361943 0.3795927345383802 0.1852003112325829 0.24555964143069642
20 33578.0 0.21292846233395882 0.24920602237441936 17825.07921899776 0.18705467541377854 73470.06787649606 0.37679336134692504 0.3809721341143655 0.37852006336692723 0.3815092249205372 0.20758152252674864 0.24812602592774713
30 43337.0 0.22073567972563687 0.2502621335361106 16112.15419307019 0.1909735057094333 88324.04778557905 0.3743842245366426 0.38099340387977926 0.37787392641881584 0.3812964104107437 0.2135484759793128 0.24885477002481166
40 62547.0 0.2237074346906091 0.25475034908166605 15498.69738885813 0.19348383774399136 102976.96302482208 0.374427595215653 0.38282059125542955 0.3770307462508478 0.38156438900071865 0.21623292546639777 0.25184133379598467
50 83413.0 0.23677747676427388 0.25801924947329463 13858.558150843577 0.19652616347996152 115611.50810008029 0.3644299685851684 0.3805091470087567 0.37531158170368445 0.3814758501050654 0.22775804923804535 0.2540112170004914
60 120693.0 0.24487133653519066 0.26053445359065386 12817.897577487372 0.19798529083025707 127678.90021000867 0.36800722009166287 0.3818146679505704 0.37389808749080344 0.3815248489941116 0.23233243640099388 0.25503385711563176
70 134674.0 0.2494812643339648 0.26700667227578784 12400.98152139983 0.19555859140543413 141892.9728942999 0.3722663637050381 0.3867302357384396 0.3734649676143642 0.3822069405098662 0.2340307750213123 0.25860029025454684
80 156231.0 0.25646900735962413 0.27282169623209784 11574.749786118025 0.1938200282329435 154971.57378609912 0.3751939646740212 0.388581189305425 0.37338014632971234 0.38285269099886393 0.23753469749817652 0.26226799252267186
90 180421.0 0.25942627873357105 0.2766918322553045 11614.839807083583 0.19231913237365453 167934.0558840268 0.3802382501585962 0.39029335935872367 0.3740353502943631 0.38360260709020405 0.2386926639589894 0.26321769256264765
100 200318.0 0.2601949864729141 0.2768862768055111 11519.577890148495 0.19109807184151492 180598.60731125023 0.3802977530638904 0.3902713290086116 0.3746521720421385 0.38426359555816286 0.23915163913976806 0.2633357765894438
110 211182.0 0.260837737340018 0.2772679899695715 11790.606652723638 0.1899757630388017 193432.5388826062 0.3767242073539369 0.38860395674549303 0.375037335701213 0.38478577632480926 0.2395210971293798 0.26359449874811564
120 223863.0 0.2654392947375883 0.2796292184684418 11522.503227432235 0.18933525581565652 205564.20297131647 0.3778842945222267 0.3850789912633958 0.3752403303018871 0.38492451943776157 0.24201679040750754 0.26479609405320786
130 234832.0 0.27739159114841644 0.3065808720829856 10164.169121436324 0.1888955800810712 216261.39427939133 0.3850347764107951 0.39975243002217503 0.3757625868337985 0.3860155566735809 0.2464368668436069 0.27786061439147136
140 248625.0 0.28182154130922604 0.3139507653692802 9786.761738332447 0.18816451362116313 227046.04185317006 0.3740600559725717 0.3972215243956472 0.37578266619476275 0.38694185768255746 0.24768953727928783 0.2826401078666428
150 270777.0 0.28623793708277967 0.32806249625510703 9739.787415569917 0.18658318350707492 239285.273145277 0.3747460952044866 0.40372495130820163 0.3756903598162131 0.3879187435219315 0.24896770445521635 0.2880272381129468
160 285745.0 0.2879648300261607 0.3295703294624143 9603.634620224942 0.18549189555521803 250632.5000594561 0.37333377983783067 0.3995510510720291 0.37556706888250874 0.38867090221344147 0.24961433399921296 0.28927536291802586
170 296576.0 0.29415361953595964 0.3423445455621835 9096.074911020816 0.1845148581760774 261450.97782509145 0.3798538232040034 0.4020711077723942 0.3757035811037246 0.3894486989682621 0.25084485903494125 0.2928382169324334
180 310172.0 0.3013900976808636 0.34294773118814686 8868.96790209316 0.1835511702617368 272134.0005173204 0.38284627701455504 0.4030506018562645 0.37594534962398923 0.39022567017185167 0.2543179614910602 0.2929456099084281
190 322447.0 0.31817454094983916 0.34495477506092825 7589.7533742573505 0.18309011540625653 280726.4743126083 0.3840221996097453 0.4007028443333915 0.3763604677216915 0.3908280314739554 0.2639401252721725 0.29423198213423923
200 343945.0 0.32015461334247275 0.34552239750636315 7529.810889076062 0.18268682944474926 289147.6117459717 0.3877606161481666 0.4024785385529801 0.3767778082596147 0.39132770744594575 0.26556660723259107 0.294587380054078
210 365303.0 0.3373301740469082 0.3549760188620981 6530.552117864551 0.18185263128324036 297917.8354761748 0.3868400334772333 0.4059130484939455 0.3773108857070038 0.3919450846942797 0.2767561760415803 0.29860300645102367
220 381974.0 0.337793403486676 0.3562931188752741 6509.018814124984 0.18109097209229744 306513.9208182403 0.386781104315589 0.4059049029827251 0.3777409948441349 0.3925769028220235 0.2769992389997829 0.2993160539354117
230 406089.0 0.3412056681435874 0.36148811297061145 6350.3685113807305 0.18033054457962927 315039.0981631103 0.38646177590016983 0.40344291279422956 0.37813571702526744 0.39313930733824254 0.2784564506446953 0.3027244638570609
240 420553.0 0.346993318045522 0.3656675815769429 6181.018707773376 0.1796921594114335 323101.1803784481 0.38460644245336745 0.40266636274007644 0.37842829311801307 0.393536378912361 0.2806411935284488 0.3045071200382108
250 435392.0 0.3538393441326393 0.3684817631162632 5901.9151537180305 0.17915222071889403 330663.7214650678 0.3833775631046968 0.40500240105742163 0.3786338690687981 0.3939741496432576 0.2848429756209487 0.30546122509143686
260 457846.0 0.3584057764835109 0.3697880654051046 5718.807779411033 0.1785140550200243 338448.2921464861 0.3830936874951134 0.3988703129792486 0.37885723931843873 0.3942337904086983 0.2867197743483626 0.30614253183185786
270 468869.0 0.3672562445443674 0.37280920000413076 5430.942978583577 0.17819463301039387 344931.021820094 0.3785416116295148 0.3996065885938196 0.3789469171956982 0.3944452038867508 0.29307668089883776 0.3078447403785706
280 489816.0 0.36779396364322003 0.3735539633398642 5472.451928655448 0.17711393400234593 354317.7689372967 0.37219683593319025 0.4022847067791522 0.37876219279152534 0.394689413825832 0.2929761963079074 0.30806593654999
290 495237.0 0.3796142485710759 0.39889441591973435 5042.011778491038 0.1762524100200868 362657.17087019316 0.37277667894904853 0.39862989150219297 0.3785252723543325 0.3948279699795416 0.2998816273614962 0.3193925140571774
300 514486.0 0.3886506276468667 0.40533488526481276 4869.927625381771 0.17520112373610464 371817.26398707007 0.3561927662933161 0.3919116647757192 0.37802914599390597 0.3948384165160428 0.30065901739714673 0.3225255394049961
310 540869.0 0.38873967197063664 0.4055329173217308 4873.920804089988 0.17421518096482547 380809.96083607327 0.3561925676864102 0.39191083670499455 0.3773270073791841 0.3947442921204897 0.3000597662761939 0.32239583026435537
320 565621.0 0.3930535798219557 0.4080719607064752 4803.902509193082 0.17318921496573605 390078.6256620708 0.3642364486433543 0.3927945324973253 0.3768706395976076 0.39470024788780017 0.3016248941136602 0.3246465340183401
330 585082.0 0.3990614766742386 0.41487784371976943 4631.792305094066 0.17246499915820165 397907.85145606817 0.36467608986709843 0.3997630789065253 0.3765044801511723 0.3947777363652487 0.30288720079134107 0.32759165374035465
340 603982.0 0.40025449133001895 0.41567381931452524 4621.861450581314 0.1717821671110978 405598.1494451378 0.3618857117035953 0.3975892273342368 0.3761384675238107 0.39491865195766135 0.3032245973343399 0.32827912074881693
350 622548.0 0.4021562457864479 0.41787587260937015 4585.816769230028 0.1710433454811421 413609.93070936797 0.3551272384338191 0.3936342650024774 0.37557480404709 0.39491253252315683 0.3041637890296919 0.329975392759775
360 642467.0 0.40744551338449125 0.4271802575787582 4442.4440562611135 0.17034856074759328 421381.5356526459 0.35560758886569965 0.39371991297215525 0.3750146371617382 0.3948683828281266 0.3065800061903408 0.33610504772772787
370 651636.0 0.4160849004513767 0.43500431720574784 4224.799061089123 0.16992761375781879 427646.8507084838 0.3626527893749152 0.3961724462913479 0.3746781828562304 0.3948987336578784 0.30827187727547695 0.3366801136193388
380 662253.0 0.42724541869528765 0.4676502725726982 3939.3049502685612 0.1692853678623447 434934.0880433099 0.3669934952603808 0.4131268354693453 0.37435839855791775 0.395184544656017 0.31014262881562726 0.35051850592848327
390 681295.0 0.43916407428119264 0.4913233821791741 3646.9096013427647 0.16871228289651832 441700.24633312266 0.36904825067167435 0.42264614546567075 0.3741952631018913 0.39582833576029064 0.3175626503638204 0.357792546257261
400 693602.0 0.4416760514770215 0.4963659167440616 3597.399891445276 0.16781427967769394 450468.36757472414 0.36441066912079223 0.42010669301386955 0.3739827728029017 0.3964702256656849 0.31866037036868444 0.36210727910808743
410 706337.0 0.4582396198126469 0.4995519502056139 3233.0204850093787 0.16742105558117754 455992.07556741184 0.3680436735710332 0.4193179151675739 0.3737768982890314 0.39702998546578133 0.32848623843557984 0.3649863010481
420 717335.0 0.46429791878696697 0.503472901462963 3160.236898659648 0.16704612097752233 461374.8805637772 0.3687263246998265 0.4200673556093622 0.37364141456180405 0.39759110485125787 0.3304300434530123 0.36707838465880555
430 727876.0 0.4831405034686474 0.5093137320954354 2864.711468296336 0.16683928146184232 465500.0028368861 0.3771661019262438 0.4203756741448256 0.3737209886777124 0.39809260884473885 0.33844600818910603 0.37043409965701835
440 744324.0 0.4853156254346983 0.5095540908646128 2831.4857651448015 0.16671575153005827 469085.1239060364 0.3773128377339222 0.42019559563003867 0.37379954702635326 0.39859750152302864 0.33899682446066365 0.3706975905915229
450 760926.0 0.4896882899033556 0.5137948589743252 2780.121111778726 0.166742836747559 471701.04992408806 0.3814396173167095 0.41999332276844753 0.37392872796408033 0.39905411952364744 0.34065598662057067 0.37256559805649364
460 775456.0 0.4908960738230628 0.5151728238863736 2763.516962630237 0.1668492229462395 473824.5130603421 0.37870779990876696 0.4182541638985433 0.3740440167110668 0.39947390670862437 0.341742495844932 0.37329512336632814
470 795824.0 0.49178741541869336 0.5249515394232087 2753.2441045227088 0.16680446546663316 476851.4269699293 0.3786254234431329 0.4172291570035283 0.3741424391967285 0.3998593061971872 0.3414268240800924 0.3761240910129888
480 808617.0 0.4979866011493847 0.5250740662306671 2651.5857850372217 0.16678999918973078 479592.50081952015 0.3751896508524031 0.41332940077550157 0.37418386874789933 0.40016180896541126 0.34231934558769944 0.3763697266512425
490 825545.0 0.5018044776503539 0.5295696356725594 2665.2075882403915 0.1668213739853919 482065.01798377134 0.37392091295481217 0.40478382797381185 0.37420139319697 0.4004155323464905 0.34373615133668545 0.37832362649005324
500 838646.0 0.5187531596769033 0.5356311778179298 2410.1292709068416 0.16731109194843582 481522.79069070594 0.3745662412318277 0.4026415356754543 0.3742018982606163 0.40049312737158704 0.3518167176460573 0.38067698273382344
510 853788.0 0.5193742500085011 0.5386368256075734 2407.965866736151 0.16737200904191316 483548.6589346226 0.37120745038959485 0.4017470332858968 0.37417820708554556 0.40052830377241516 0.35198340540348366 0.3805459855924309
520 868734.0 0.5201647446034184 0.5387302002387395 2399.4911725754723 0.16745858878001685 485406.9992351303 0.3710999441531253 0.4017166569577253 0.37412012331444516 0.4005513864266371 0.3522915289933797 0.38069555812516787
530 881058.0 0.5208065725046825 0.5405826376375273 2399.0063603326785 0.16744427788539168 487896.36305838136 0.3697169370682723 0.3965809010189125 0.37405920450271074 0.4005442991352619 0.3520184781136979 0.38107780071366
540 895861.0 0.5226520064002692 0.5440216676476436 2376.753461778316 0.16750581482290325 489886.83867956797 0.37063529564023284 0.3973542284472834 0.37398297728779184 0.400474246501945 0.35238449229795776 0.38150662091229354
550 905447.0 0.5236553585106573 0.544224582584064 2388.0594254139532 0.1677245945057706 490935.37303886167 0.36753601399845365 0.3943903540469576 0.37391180711354266 0.40040875694967254 0.3529841235448904 0.3815549840610147
560 920036.0 0.5344701486754662 0.547948623328145 2245.580644228475 0.16772113618893988 493203.1448090932 0.36532210982892077 0.39554252197581774 0.3737658518698385 0.40031557381741956 0.35893486480272513 0.3840089520167051
570 931034.0 0.5353858572513522 0.5641408785060752 2253.0072131538495 0.16773531114519696 495365.50377887924 0.36399605684449376 0.3958866207693428 0.37359062135979343 0.4002448739378531 0.3594255934899004 0.3885629665077957
580 950521.0 0.5362225265474191 0.5654716736267612 2249.951825550078 0.16777703944690764 497349.5720749305 0.3637878031547601 0.3953565006659678 0.3734230837040553 0.4001686159839966 0.35932210072060955 0.3891035265843526
590 971564.0 0.539161208110316 0.5706495172490232 2226.37409544489 0.16787394109095258 498961.57171242766 0.36361398253209953 0.3977667483492527 0.37325198421394895 0.4001074270319067 0.36289953105399597 0.3918219559050664
600 983383.0 0.543258114002729 0.5710167039916386 2179.8996489408137 0.1681439235760999 499463.2802668157 0.3627052384913346 0.3964520685268353 0.37308311398629235 0.40006717240615536 0.3672391442919346 0.3918163971207851
