1 2299.0 0.1888816885516263 0.15346694481881598 23590.80031662233 0.1888816885516263 23590.80031662233 0.37820583632264115 0.32992531297193567 0.37820583632264115 0.32992531297193567 0.18888168855162366 0.15346694481881604
10 11915.0 0.19204645863081005 0.15749122245346192 22540.534812227073 0.18833319578061497 46141.50502884084 0.3787341840725969 0.33067734806191196 0.37839869206382687 0.3303870910018339 0.19100445258482418 0.15611415330852937
20 41018.0 0.19244765724186766 0.1598955684735687 22462.089278284893 0.18308867506518225 69024.9700398324 0.3763401997426126 0.3280035034809683 0.3780101957284135 0.32992930686346994 0.19024780273462155 0.15720913570712386
30 61249.0 0.1925546992664972 0.15998343405921855 22436.530245399543 0.1804713333829816 91697.68528101046 0.3739758327719967 0.33129834061258356 0.37739381376078807 0.32941449396321393 0.1890979990697364 0.15670832897794457
40 87203.0 0.19932947701528003 0.16380233908802697 20889.56818861253 0.1793082524018768 112794.09060479043 0.3736126642464507 0.33250493240742285 0.37663910635333003 0.3298672809713994 0.19299991176108203 0.1581303488299925
50 114384.0 0.20822408896270533 0.19245159033398734 18353.80063013745 0.1785260044460009 131451.4027844276 0.3719623529951055 0.331388648665635 0.37596459437757007 0.330229362669346 0.19941187955246092 0.1767694884103662
60 133071.0 0.2100985876630373 0.1929590933621872 18026.483280118755 0.1781638882226699 149626.90984140517 0.37186667462369294 0.3274247861800438 0.37530661844279933 0.33013550741472947 0.20062684694517152 0.17748232010319082
70 155174.0 0.22532210609885236 0.1976946633181333 14776.981266276394 0.17908853999454985 163766.9830034109 0.3735201113952373 0.32813000278119714 0.37490694520316353 0.32978096387923544 0.21216878701890582 0.18089589414330073
80 174939.0 0.22809760038520271 0.20644770057320802 14384.819717681321 0.18006474801886957 177464.94278706305 0.37316392322078434 0.331142707930864 0.3746341939278596 0.32976564566105004 0.21404998997608443 0.18586630760459516
90 189108.0 0.22820381147657304 0.20659658582057452 14536.30260306813 0.18074962880808626 191536.14002912218 0.37349153962351556 0.3318420223235385 0.3744868628871501 0.3299466098328163 0.21432604006482095 0.18638998383829689
100 204778.0 0.22877736740351612 0.2078798100116221 15185.602986464562 0.18055224187430383 206855.19226171044 0.3816266426794492 0.33365629078978193 0.37496270524320446 0.33026875403743916 0.21423672558914905 0.18743904884517856
110 213319.0 0.23615571768622942 0.21343222218300048 13957.184548019015 0.18075196907566216 220645.56877280632 0.3830291139264011 0.33470054084035633 0.3756329527083656 0.3306589572624373 0.21866719418265984 0.1923536819291523
120 230177.0 0.2509379710626219 0.21703655171333636 11700.062624084707 0.18195906913319815 231022.25539660954 0.38382131606519954 0.334026339201299 0.37621908024358436 0.3309688545571301 0.22806357261713017 0.1954220347200562
130 240243.0 0.2530913636774717 0.22060849179120773 11769.8606283081 0.18271804632644556 241949.515379852 0.38267152044042696 0.335537337076978 0.3767507775503821 0.3312930857682055 0.22913292066721364 0.19759646581850304
140 256442.0 0.2537223815939463 0.22395316582252156 11701.278874524802 0.18337541145103756 252920.94313315704 0.3832275488695972 0.33616535600547304 0.37720182014177167 0.3316287717033563 0.22921430498542245 0.19799135277448318
150 274193.0 0.25405494829263214 0.2242901485839072 11794.443199166266 0.18394091822154124 264107.66257769 0.3852379710565397 0.3360278895735811 0.37765700132303515 0.3319276968574327 0.2295074971728693 0.19825158326357997
160 298286.0 0.25627950287432255 0.22733927226138573 11588.929576308468 0.18429731411636235 275283.87304110534 0.38474652203237036 0.3386277992951947 0.3782262059767891 0.3323745451078254 0.23127139487102372 0.20065089800331312
170 319677.0 0.27186074476137245 0.22811643388924938 9945.061458390881 0.18461411046731444 284719.1604307755 0.38243309182358515 0.3382535137650885 0.37867048100255457 0.33273920428379006 0.24090340377366923 0.20122214209553962
180 342425.0 0.2776912116119387 0.23096274075028833 9406.465822905751 0.18482142330060852 293756.5996209153 0.3809310618968811 0.33647275227120416 0.3788586489642573 0.3329674648798527 0.24545410853794994 0.2028299140623895
190 358575.0 0.28712814044388 0.23662538847709655 8758.021073551949 0.18514448053783145 301890.99463325035 0.381672764672777 0.3215031417972412 0.3789901046509741 0.3330452248287209 0.2541439478388306 0.20682067801917
200 376092.0 0.3021714530037975 0.23733213913844392 8001.473294911652 0.1856310297128387 308868.949082944 0.39162670418761975 0.322783009798053 0.37943632549663425 0.33250802093977827 0.255429330651566 0.20650417376371305
210 394339.0 0.31220179339211773 0.26190174364888874 7297.839958841019 0.1863504662020377 314553.469176306 0.3956354278107482 0.3358155051151184 0.38013768096978606 0.3325942731863662 0.2602233608209711 0.21316962132596803
220 417040.0 0.31460773613484994 0.2695164181174775 7191.5876687637765 0.1870946853342653 320092.16464010807 0.39693555023093624 0.3340773415901582 0.38087352204672037 0.33268664155784433 0.261067426080696 0.21668700820027875
230 431978.0 0.33235163867059087 0.2762352985291993 6177.431549747019 0.18768723633857953 324720.4405577533 0.4027223195019326 0.3363484012982923 0.3816655760126472 0.3327917077446692 0.2723025542102412 0.2200015091891135
240 447969.0 0.33285291373712 0.2765757756351862 6300.919009552575 0.18772277957637748 330925.162780969 0.39612740439752686 0.33376168942166035 0.38230073806383197 0.33285338513087487 0.27261047048503045 0.22025883844759372
250 464286.0 0.33338501981724167 0.2799861647232448 6332.5375869429245 0.1877555887189602 337169.38977989694 0.39861476508820237 0.33568504444216013 0.38290496548297204 0.3329281072550508 0.2729347725737965 0.22277932267086034
260 480041.0 0.34686569079861584 0.28288716248324053 5616.675689515126 0.18835505277439887 341119.21049721463 0.4000350091718723 0.3360051688477847 0.3835209954304499 0.33303245142177296 0.2822519996432701 0.22452268369678818
270 491145.0 0.3474865278348604 0.28301321107823 5636.202693632886 0.18860654367842236 346037.33032038255 0.39989989887716226 0.33656099706448095 0.3841259985201931 0.3331523291896342 0.28281649333798575 0.22467967479221623
280 510752.0 0.36090919697632523 0.29661869924181133 5099.22921502356 0.18935022889465214 348986.02015810774 0.3943777125068113 0.33834227192675603 0.384514805298906 0.3333131277889101 0.2925786489238623 0.23484916326601132
290 523406.0 0.3629642830187534 0.298715221189784 5092.789313252972 0.19002524418593228 352148.2505142293 0.39137655085461487 0.32836172078321196 0.3847717995103946 0.3331819306618053 0.2945350092554172 0.23563402637234532
300 535317.0 0.37089243048342735 0.316872746832943 4794.928574252544 0.19055560773447983 355344.14026298316 0.3918757201074846 0.33121207943676245 0.3849826973823964 0.3330666043890007 0.30216400680938504 0.2457088820425999
310 554956.0 0.38682921101667117 0.3184988694518574 4246.267506780169 0.1912597237357474 357345.3585980111 0.38973213347139335 0.32487293716768056 0.3851777576949713 0.3328624320070009 0.31141078590120064 0.24651855939709688
320 570284.0 0.38902470616156376 0.3239273326270331 4209.98069867011 0.1921829057978624 358731.4869581763 0.38889528359167613 0.32264825095650645 0.3853004329637394 0.33256013088402625 0.31312181391759353 0.24957121856665773
330 583067.0 0.3924362601367713 0.3248279563282102 4121.193653249513 0.19310281629326073 360060.7507142033 0.38004548281075856 0.3173544629917918 0.38530046622408365 0.33220899234183804 0.31566961620403705 0.24982390036495497
340 604036.0 0.3971089428568961 0.3664899097073863 3997.4291703675062 0.19400715373856728 361308.9769871722 0.3810189288449689 0.32699251211102853 0.38515052645647074 0.3319160393809928 0.32022142742156123 0.2848784511998807
350 625029.0 0.404507148427207 0.37027716118058096 3819.360437728232 0.19469047574435397 362962.87600623065 0.38354276724366626 0.3297325500992653 0.385088481103079 0.33183222173443316 0.3233421624741601 0.2868667639579891
360 638724.0 0.4153250187614907 0.3795827421350049 3627.9834340153748 0.19531363963892162 364563.91322598595 0.3871466395435404 0.3333400048135185 0.3851149447686378 0.3318451304528939 0.3298484082506209 0.28901390288334766
370 655210.0 0.4235942418725173 0.38226757184593024 3483.5329014706927 0.19602636607392884 365730.51751186175 0.3880472617939217 0.33325947524086386 0.3851801954487088 0.3318817050037129 0.3325692502981016 0.2896877979141666
380 679496.0 0.42730549719583855 0.38891380963756833 3407.8402742695007 0.19617859878366017 368608.93014556187 0.385732652321312 0.333756763200756 0.3852086378039414 0.3319251007714558 0.3367740087226208 0.29401955702129234
390 697521.0 0.4344633780793529 0.3947792123504371 3259.097209026216 0.19632970537301725 371330.98825631547 0.3786586873740018 0.3327667310278318 0.385094243908647 0.3319286800413464 0.3400116547520934 0.2957596785471791
400 720128.0 0.43594677053416375 0.39836123452812555 3284.1525891850742 0.19658888911478997 373714.10380468494 0.38064237303049614 0.332023635554062 0.3849447891666389 0.3319452804216284 0.3409752822229344 0.2983972009927734
410 732118.0 0.4405603221221823 0.3985596320865876 3184.5463100672964 0.19692896755023848 375714.8247308768 0.38064590000492216 0.3320484375849751 0.38484016757894923 0.3319476092915572 0.34392711389698516 0.2985250105212428
420 742952.0 0.4408987927837588 0.4086163786192343 3187.2894992739475 0.19702313024195586 378566.5381871724 0.3790651647058606 0.33169881134747087 0.3847298035513593 0.3319513190816688 0.34386868802813314 0.30690829568670186
430 775376.0 0.4441741759578138 0.41180596829809146 3120.642454562422 0.19702032688981522 381697.3973210999 0.37369120038085785 0.32705389062796114 0.3844954356116874 0.33185628013105983 0.3455674126269087 0.3089026889590452
440 796044.0 0.44860373011636584 0.4187336703814293 3030.397855897802 0.19691468367922718 385124.2362623899 0.3712966262974101 0.32711967220285615 0.38421643285614837 0.3317488712522604 0.347359363995764 0.3118964282188154
450 812100.0 0.45755728470042095 0.42344192995170366 2871.3981075314655 0.19700143113852855 387668.0557818732 0.37081566776706465 0.32556738623262155 0.3839014991487398 0.33165353611262616 0.35229989453595845 0.31393488259746605
460 836642.0 0.45841936422584495 0.4239251083723652 2864.471799177237 0.1971440391602246 389998.4673738659 0.37227845159382794 0.32686361447329015 0.38364622875506854 0.3315468153075671 0.3526950435721946 0.3138096653226841
470 853296.0 0.4587168449503537 0.4244542547338173 2879.2778859593764 0.19727801905872852 392378.68085518637 0.37117747500634396 0.32738932408804794 0.38339111977352625 0.33145222746620495 0.35259036844259833 0.31412689435852115
480 864099.0 0.4912833250411628 0.42987252908545687 2338.955785184645 0.19731978798186978 394544.1902203741 0.38642471467659845 0.3251896107404455 0.3833385685454469 0.33134035415199187 0.3639351761863883 0.315540426494928
490 887227.0 0.5005737406349687 0.4422897364210617 2223.3696789680384 0.1973450893088659 396660.2661183022 0.38854385054776475 0.3243172097518647 0.3834242841138437 0.33121707032043335 0.3650137000657835 0.3232906147786535
500 904836.0 0.5323141060732396 0.4484914301637188 1890.7308611316344 0.19738330502883117 398379.73386539676 0.3852151783535913 0.3209700118896988 0.38340422649130873 0.33104026202887044 0.3761037177275708 0.32537034482703203
510 934143.0 0.5362158348387638 0.45207561715412126 1867.005641750388 0.1973934776240314 400200.89422329376 0.3845232120895216 0.32087861237257587 0.38341832987511953 0.33083855233941484 0.37814655965753907 0.3266702780005952
520 951252.0 0.5396453130404144 0.45577906302003945 1866.8328665068545 0.1971835931704281 403032.31941087794 0.38760183441934004 0.32149258686113735 0.3834620030836625 0.3306514820788162 0.3787094169616813 0.32788122267435105
530 959213.0 0.5488609904073185 0.456447797620403 1819.920927678026 0.1970348780390395 405540.39913822745 0.39119428068644063 0.3202524330711787 0.38356026650294556 0.33047507432165873 0.3833249265036306 0.327450575105799
540 970076.0 0.550115026151115 0.46218348326278635 1850.267089813471 0.19695365310468957 407763.4564685297 0.38744305935738477 0.32038899816606425 0.3836540403831351 0.33030094710032876 0.3837642296235155 0.32951461258525866
550 994574.0 0.5502461465683279 0.4626866218281215 1850.5376993394236 0.19687522310355904 409974.5201410915 0.387438804306762 0.3203916315401099 0.38372275991150856 0.33012108513326527 0.3839544452778594 0.3295022244963504
