1 1648.0 0.08912939722925523 0.11932826282244895 276067.9971251779 0.08912939722925523 276067.9971251779 0.14552828683483876 0.18207138516138405 0.14552456595582036 0.18204439018244006 0.08912939722926301 0.11932826282245416
10 15887.0 0.09139185503667586 0.12015489593788482 257340.35418293523 0.0901177259178922 532985.0555042718 0.14574435560544982 0.18241553363163324 0.14562675365202707 0.18214154732938415 0.09123724873697674 0.12002735147186623
20 26291.0 0.09170031084044608 0.12210838087511526 271144.3772012988 0.09046832121824472 804310.9704314065 0.15796334430631992 0.1865405717996278 0.14976472907904353 0.18364913430752935 0.09137139569552424 0.12018247309780601
30 40162.0 0.0917070597909046 0.12210912942905186 272998.53045653395 0.09064361886842097 1077431.540723687 0.15991528176755007 0.18527308099216344 0.1529223850811423 0.18425527934668642 0.09138976027409343 0.11990773804542497
40 48135.0 0.09481565366060388 0.1275785010466624 248859.8034187132 0.0912943159440554 1325316.5977757 0.16029071443586432 0.1855983339724448 0.15465389260401846 0.18451667699816468 0.09387305968141374 0.12411283784502636
50 70266.0 0.09485375655720234 0.12758852900781378 250480.2012990794 0.09172811399447837 1575276.0020597565 0.1591463508913358 0.18524276786783983 0.1555212686400517 0.18465106132856776 0.09400197814233559 0.12421120308786496
60 89185.0 0.0973228878505548 0.127983703130443 241402.13600949832 0.09203435658339618 1815761.4457624133 0.15887110156802386 0.18349285931475687 0.15607564126899856 0.1845534501051876 0.09635849433621649 0.12447527617620587
70 108374.0 0.10305479338716815 0.13060171162958542 207343.4015896357 0.09277795081798565 2016712.44829033 0.16021601342645217 0.18181617120993082 0.15657588950490092 0.18425807826742574 0.09990780280805099 0.1257156856535493
80 123332.0 0.1053275526968239 0.1321215012662041 195632.62531318344 0.09354980637544268 2204217.6677690414 0.16040900839589767 0.18175828480235343 0.15718481754815955 0.183950180269418 0.10176120984144972 0.12656636225775514
90 143431.0 0.10538803100301702 0.13226752920770388 196736.33549865038 0.09396371414688298 2396315.3249554387 0.15976145961173643 0.18146829928224303 0.15746233085109806 0.18371785078909106 0.10190213409863301 0.12635012996983033
100 154300.0 0.10575814310549828 0.13232531429636069 195703.52377718766 0.09414062140229439 2589790.1349834953 0.16104007924878222 0.1813853403928567 0.157779327082969 0.18349029327470398 0.10212858622040827 0.12614350058703167
110 167854.0 0.10849981543435008 0.13625221411549482 182527.25770869845 0.09441528667851896 2767894.5865772343 0.16300873114766873 0.18496743804220636 0.15814312276352713 0.18358657064572248 0.10396390592526351 0.12789262051023395
120 175578.0 0.10941084116124974 0.13668119023026454 179106.01495272157 0.09480731439699586 2940841.3534211554 0.1636649252558909 0.1850539615217225 0.15857836083852445 0.18370499185738962 0.1048866282252618 0.12756679944961363
130 200210.0 0.1095270601620745 0.13673497492969258 179426.81450778566 0.09514333815569033 3115109.4138971963 0.16367298016991444 0.18506544791998342 0.1589671946484527 0.18380875720581671 0.10504110155078167 0.12751879505600092
140 214445.0 0.10956370527901677 0.13706563969680768 180523.97138365242 0.09543137576858449 3291397.8407488437 0.1621304827613803 0.17862634139274025 0.1592699812231896 0.18364287713023517 0.10511414873059118 0.12742655009763829
150 232413.0 0.10959090968440797 0.13712190130080673 184086.87089753337 0.09534915579540369 3476943.2014740948 0.16213265706733232 0.1786015432417517 0.15946486771394588 0.18330030526784633 0.10515281807333904 0.12734210048063202
160 243421.0 0.10994751318795126 0.14063138457060742 183644.90360435468 0.09527660876024416 3661894.90517669 0.16222587200630884 0.17860396084875277 0.1596335726748939 0.1830087323933088 0.10547751914435681 0.1302606467627122
170 254271.0 0.11414434806115438 0.15027683774888448 170333.4890484496 0.09499375668569827 3840383.6384598534 0.16467626119677412 0.1857562848977976 0.1599028804357134 0.18305791988115563 0.10740092874948808 0.13403576721435215
180 269972.0 0.12321209977511959 0.15033133919400382 137015.84797988288 0.0953746883366497 3963366.9157687244 0.17118916275827598 0.18418788957826407 0.16034651753747092 0.1831636749837454 0.1123038767311082 0.1342106928993916
190 292892.0 0.13550126923958195 0.162206723345096 103187.69733527617 0.0961542114287881 4026506.4695335496 0.17062587976048796 0.18714220550902816 0.1608275232055998 0.18329965457122757 0.1201879582443203 0.14133259837699805
200 304378.0 0.13781659807337593 0.1685026939215949 99195.67138162618 0.09672125152197168 4094592.736033091 0.1719516839384662 0.18939501424451624 0.16137572461908037 0.1835717126235747 0.12221576617202144 0.1444764900938916
210 316202.0 0.14030927962589268 0.16918734830407323 94255.85612757667 0.09712718313264422 4164912.0395366736 0.17197756984231724 0.18958173461958755 0.16187682021873728 0.18385151624188503 0.12341972191910662 0.14487506283951918
220 334269.0 0.1438996006672116 0.17068480523395624 87391.33335543533 0.09748262298497624 4229798.163553441 0.17216589489629525 0.18959399634368623 0.16233912967584233 0.18411102054315615 0.12503878937027998 0.14550476874807666
230 354736.0 0.14498993923927322 0.1713914055271966 85733.89582114661 0.09781909816768619 4294152.938198755 0.16940773213497656 0.18808357301826148 0.1626907755795003 0.1843299185036705 0.12618943905398736 0.14609475705638522
240 371069.0 0.14732570175888038 0.17320583739711992 82962.22694879015 0.09788747326037946 4372396.200567536 0.16546581129074378 0.18591554357156376 0.1628474572622639 0.18441464222644308 0.12837568489742887 0.14680157425571602
250 388281.0 0.14846430296535412 0.17591548598904277 81969.08869066805 0.09776726629908872 4463122.507372205 0.1622276827693696 0.18586701334141112 0.1628906198880435 0.1844830100208313 0.128942111884456 0.1488750254404942
260 401360.0 0.1486403628805164 0.17639722580806144 82151.81763232962 0.09765780089662385 4553267.602375321 0.16211372371510704 0.18643466341890697 0.16286377413270844 0.18453962518956818 0.12901709011982118 0.14944759648745495
270 417954.0 0.14951779015409142 0.17761262316460302 81478.34663801578 0.09753972226503134 4643508.313181094 0.16185018334429946 0.18441062684852472 0.16282734573946814 0.1845462206217165 0.1295203523725253 0.14986619412994198
280 431908.0 0.1503475582706448 0.17997135712752907 81116.58820193986 0.0975202698626758 4726042.806498518 0.1619809635555846 0.18395619310430367 0.1628005594821888 0.18453335971672563 0.12991529158867982 0.1513961305140631
290 446958.0 0.1546487376030862 0.18083260679244303 74567.07143479137 0.09756490150051515 4797157.1665251525 0.16304019916812237 0.1843625624305048 0.1627901220365881 0.18452417600279275 0.1312709203983242 0.15145115158219816
300 453873.0 0.15470788871469532 0.1808427346667055 76201.38076141852 0.09758733365472759 4871650.262639867 0.16335188990582647 0.18406075800602598 0.16280013980188157 0.18450870265617425 0.1312928205971147 0.1514928211085281
310 470055.0 0.15593675039344246 0.18102148417135858 75487.67144153923 0.09759864455113551 4946266.983608173 0.16326154274874974 0.17919924220165293 0.16281513168246595 0.18438217786066194 0.13214269950866003 0.15154827030244247
320 486033.0 0.15687873049015716 0.18158757342495427 74378.60949811779 0.09762745763082405 5018410.252311237 0.16309642182667766 0.17532988562642296 0.1628254865186159 0.18417891203733303 0.13288249603179048 0.15194939119703144
330 503938.0 0.15865118029265815 0.18179870733203699 73754.5917428659 0.09764360412893527 5090898.720282851 0.16323103865169117 0.17532631720805558 0.16283514382316203 0.18391140901517677 0.1334727730652122 0.15174703505689544
340 522428.0 0.15961122618923076 0.18184187127927998 72930.87713582485 0.09768800812002867 5160348.902606413 0.16002521723826008 0.17523293966489317 0.16280710516262797 0.18365839549093058 0.13400344242172174 0.15168403164475966
350 544277.0 0.16028070957328525 0.18422662038852738 73125.8521685737 0.09775931379214968 5227974.29540515 0.1597346001329954 0.17515125441083657 0.16272016988530685 0.18341642324752613 0.13452895453983432 0.15265844044952032
360 563822.0 0.1620124209526127 0.18727745493056058 71537.89015413355 0.09786080415081104 5291633.312645367 0.16024108509635485 0.1759229990149103 0.1626448495971981 0.18319809805316528 0.13530292152667603 0.15497311687461085
370 595915.0 0.16489485212329133 0.1905194427529645 69724.98344510881 0.09786639403335813 5360898.030250206 0.15989475688174332 0.17585365417152743 0.16259228680822913 0.1830022958147514 0.1371611870683689 0.15585138655671144
380 608912.0 0.16575017062988992 0.1919080630925604 69535.57114481082 0.09783991162041479 5432647.370527017 0.15969256768951792 0.1761183884408969 0.16251682233917267 0.18281199013877458 0.13750366809899256 0.15652550221143124
390 625131.0 0.16623466399243167 0.19466326835306064 69314.6729995362 0.09782058626744414 5503580.280308345 0.159645182517239 0.17738258840922871 0.162443373894402 0.1826607036861613 0.13767204076870623 0.15780257711388904
400 638079.0 0.16635145218441608 0.1999264211694807 69799.48519544571 0.09779045150593871 5575900.284548748 0.15945776675825254 0.1738941406605339 0.16236894346283823 0.18244219751958363 0.13755005170212134 0.16150479640494936
410 654951.0 0.16728252337307786 0.20088068943520676 68934.48777054386 0.09777283866350128 5646321.065044304 0.15908668046751842 0.174630448368903 0.1622953546278175 0.18223589766463807 0.13789681890801242 0.16204319171599466
420 678308.0 0.16750175375637522 0.2023284021436406 68921.49589304649 0.09776735895597025 5715702.902106342 0.15908728572728376 0.17461520636118466 0.16221914872969384 0.18205493030229528 0.13778218300315642 0.16285861578520916
430 693631.0 0.1680205503296088 0.2186134864662848 68955.797919843 0.09779935856307982 5782021.613286061 0.1592400523449693 0.17970730833164023 0.16214154820335813 0.18194103881214982 0.1380287489295898 0.17070038786662198
440 708043.0 0.17305401361532294 0.2195985016328922 65284.401493221085 0.09784273213337888 5843543.657825967 0.16010525060155112 0.17929616302129214 0.1620953666443007 0.18188192521238827 0.13987929905493013 0.17101114735827264
450 728315.0 0.17310405076233168 0.21969177893875752 65757.88307756689 0.09787671655936257 5906370.064784415 0.1598606351930872 0.17887855730795427 0.1620466226062706 0.18181904162250867 0.13986287188978488 0.17101531363639866
460 753588.0 0.17765169467058342 0.22115433040276483 61176.16487880522 0.09784998103807525 5970091.116486166 0.1585570026587249 0.17902811796830623 0.16197875334488518 0.18175686958755002 0.14179919155926002 0.17144663556610154
470 774783.0 0.17848472853607258 0.225929689874479 61091.514517023046 0.0978432188198571 6031822.132667267 0.1598984561781555 0.17468674107231436 0.16191309269489682 0.1816247537009069 0.14188447665303816 0.17308430188666
480 786677.0 0.18755394650342613 0.2273510644278303 52916.48826159856 0.09782141883202627 6087074.154935327 0.1628069536998969 0.1749397157053359 0.16188857308013654 0.1814755978139693 0.14682409521604578 0.17389952271918857
490 803705.0 0.188957655565612 0.22772877640007202 51940.75793227675 0.09779716417287428 6141653.9631632995 0.16336389819785832 0.17439560733918835 0.16191036735822775 0.1813333584413769 0.14753342470309738 0.17395904836060608
500 830279.0 0.18993847877815234 0.231552917992099 51264.15321988778 0.09777420887874574 6195441.258603321 0.16175376897859 0.17474417805255185 0.1619055739162157 0.1811978988631146 0.14787079551523008 0.1759900787622632
510 847119.0 0.1900269914780759 0.2318281851688919 51430.10980555779 0.0977868518862624 6245503.077743628 0.16161369654815577 0.17070405808889222 0.16190074104809715 0.1810162616931217 0.1478465573414113 0.1757902978667859
520 858041.0 0.19022521029833916 0.23208948945664884 51708.52022765834 0.09779901779915579 6295901.061926773 0.1616374642472265 0.17073431092382735 0.16189560250119273 0.18081880467974257 0.14787211208738374 0.1757087337690505
530 873135.0 0.19087994187148183 0.23296453559266972 51470.10750315866 0.09777192927257952 6350348.122118974 0.16046616762025948 0.17066352240392027 0.16187395957106535 0.18062867720370432 0.14825299598008096 0.17639256396841013
540 883359.0 0.1909510228674358 0.23801498502006177 51886.36584206332 0.09773754505797086 6406007.95446882 0.1587804760942665 0.16410876327334278 0.16181709064543795 0.18032595580500363 0.14820698830096796 0.17740806864440703
550 897614.0 0.1955294017707878 0.24046881096732925 49148.74570477792 0.09770100860143986 6459342.425520842 0.15863757043171486 0.1640979987422645 0.16176204950927361 0.18003140307163826 0.15079746446616757 0.1781090146767911
560 914715.0 0.19664662972712235 0.24062661384209327 48512.75387506007 0.09771048484456074 6506779.035161617 0.15976255941691903 0.16406487648577134 0.16172444588716586 0.17974693581086093 0.15079646422072207 0.17785655339984968
570 937266.0 0.19672217618618146 0.24151286127162053 48558.2125343667 0.0976936746404244 6557266.783649143 0.15894843935729727 0.1637662311822198 0.16167717488470942 0.17946645506756018 0.15078903548527375 0.17761434845367038
580 950630.0 0.1973076924538752 0.2419524021093754 48364.07009450911 0.09767512611008383 6607769.9050162565 0.15852828496641838 0.16219312619766513 0.16162937365682198 0.17919326468258887 0.15062162042085256 0.17722188966934
590 968778.0 0.197480926162095 0.24265653390280378 48639.28006555671 0.09765743637290195 6658441.73442425 0.15938493513278412 0.16291106732094426 0.16157963206847784 0.17890803366792984 0.1506842657072018 0.17718238990696164
600 976952.0 0.20675823743579816 0.24368786277161777 42752.617920098266 0.09765629271400858 6701337.129874733 0.1633073401987712 0.16315323047344218 0.16157688240956644 0.17864425351545396 0.15124304496773544 0.17697014050453247
610 990511.0 0.22739943426268597 0.24719838686431225 32657.922383216744 0.0977317432739389 6723398.275679075 0.16778480376263188 0.16376294242524744 0.1616542421189193 0.17839531580263723 0.16164161587558074 0.1783945486975258
