1 564.0 0.17029235692695227 0.14964896719720164 28625.874251975834 0.17029235692695227 28625.874251975834 0.3099245765132886 0.3322106715922203 0.30986575313317466 0.33214764054476326 0.17029235692695088 0.14964896719720178
10 10069.0 0.1725192415693916 0.16075768440608726 28398.561508703646 0.16834506065676902 57053.791702166855 0.3138240626727805 0.33547108368184225 0.31042658981727905 0.33311947831077987 0.17209501251106812 0.16021968528978484
20 30175.0 0.17378327987484948 0.1616147437377345 29123.116334321072 0.16548402156972541 86262.19706493223 0.3118495816013165 0.3355157338075952 0.31172948259501 0.3342294065777697 0.17250953153701407 0.16076681661403297
30 43884.0 0.18014015488691076 0.1705825143296602 27585.0901075975 0.1633098375854503 114151.12620483954 0.3134022731442368 0.349563958299516 0.3123107032916739 0.33747047992783297 0.1757080079545474 0.16677127108809714
40 55469.0 0.1829154921527743 0.1780173881555336 27113.988396083914 0.16227630479003893 141433.62926612297 0.3158645691460976 0.3487081880751615 0.312676352120716 0.3401883170932838 0.17722198047714693 0.17234884457014338
50 72708.0 0.19242963245295117 0.1784329791009737 23373.928338944203 0.16322177672788776 164459.41897735492 0.32036647146207675 0.3480860061357369 0.3141106100961051 0.34176888200022126 0.18436794208251756 0.17249704657366421
60 86429.0 0.19307829445989175 0.17933132202089433 23981.795320078258 0.1639515324624819 188232.0771225893 0.32164541959854476 0.34656752455486384 0.31528128379485204 0.34271043992355366 0.18459793487868395 0.17266423465549108
70 98877.0 0.19562127194432916 0.18180548376933064 23404.59188681547 0.16478014523391127 211375.29309510085 0.3199437467599129 0.33790007475445755 0.3160157262624897 0.3423454534121799 0.18566879014099114 0.17340182372387516
80 119289.0 0.19601138593843007 0.18258972965618514 23273.744877164714 0.16542510866558746 234436.3041299641 0.3199465209567199 0.3381044182507818 0.3165007612278765 0.34180543296063914 0.18604943343314898 0.17356360737493398
90 136473.0 0.20117060958291952 0.18302070266882148 21566.841737697894 0.16644204778441501 255494.3588552652 0.32093492528294876 0.3356936756405069 0.31699325724868355 0.3411342088999361 0.18996396375200253 0.17362163172214093
100 163933.0 0.20691256575283348 0.1830726330240756 19808.937753082337 0.16761184002264917 274441.92661464703 0.3258746355745153 0.3364928526970727 0.3177748140900904 0.3406589665403885 0.19353398765658397 0.17344785002015217
110 185674.0 0.21053687141559985 0.18626946735677602 18821.956724428113 0.1686590023717395 292317.9871757041 0.32599986825333166 0.337208845331702 0.31851026356043743 0.3403036001698757 0.19577567110814167 0.17514823753616102
120 197656.0 0.21405333920730832 0.19485654582125547 18832.68779894724 0.16881821775937753 310974.2552869405 0.32679872310116403 0.33697327580161807 0.31913667122710276 0.3400345453921982 0.196582779856997 0.1801354456180887
130 211110.0 0.2141078193448493 0.19493437213855416 19149.502113906976 0.16895468809163866 329983.14796701045 0.3282146151045793 0.33814772901104606 0.3197973650621712 0.3398638433477672 0.19699770973419825 0.1801733875007707
140 226591.0 0.21654836290136498 0.2065063152626193 18595.83842629282 0.16843853537820777 349313.0903364789 0.3187301844001416 0.3340435379824585 0.32011013263558047 0.33965903047829993 0.1984414968808103 0.18861103190523018
150 257449.0 0.22710601614953155 0.22107494111554438 16277.280386628823 0.1685903874252932 365320.6291969866 0.3178411812114647 0.32777165172100525 0.3199487743469862 0.33887472763534887 0.2058538615327049 0.19999830000737728
160 277602.0 0.22995632374832367 0.22161936751090894 16025.064512922476 0.16866032291281977 381214.8698676509 0.3192185565637679 0.3274101035673644 0.3198658609733468 0.3381687634727547 0.20708219403643432 0.2005729283484933
170 298126.0 0.23242008281678594 0.22415252029527352 15601.079529800878 0.1680893199229583 398136.6696304817 0.31856134760867155 0.327880965502215 0.31979789059565356 0.33757813968197414 0.2083975299165474 0.20212584364819702
180 317276.0 0.24795208037039604 0.23670350853936434 13146.632810139437 0.1682912209179982 410731.429880856 0.3324466115173303 0.332294522524961 0.3202252769736712 0.33719862277048185 0.21364715921232622 0.20595005205818018
190 336037.0 0.24851280529662478 0.2392473844212042 13139.879665592394 0.1680728539489704 424513.1198724794 0.32822502519087826 0.33336925014837326 0.32076658190859975 0.3369570506253048 0.2144946011414319 0.20783105665472007
200 355114.0 0.2570936134190077 0.24948864741033527 12221.981149820269 0.16806315278867906 436765.79012817715 0.33373027944937084 0.33368207483107226 0.3212984666427094 0.3368756267095511 0.21882086131557904 0.21288948905277974
210 366197.0 0.2622517738476923 0.2546938976027498 11964.1224796955 0.16806683202289968 448717.95691698254 0.33419060108871274 0.3203942354638296 0.3218839335145672 0.33647486715516345 0.22017179260071068 0.2136752037515129
220 376973.0 0.27122962780069926 0.26838517745643764 10963.786108115644 0.1678597715937649 460460.9596764852 0.33672614241474685 0.33291109626893944 0.3225653486027897 0.33633492956222905 0.22538566365133156 0.2239510407352688
230 397798.0 0.2755357382851092 0.2710114630561803 10692.849500901482 0.16745293191660773 472791.3512138577 0.3352108338995997 0.3361566857688687 0.3231230768550143 0.33628661316238717 0.22610824601590554 0.22547678911501423
240 407720.0 0.28344035516563226 0.28957935092604936 9860.697521793973 0.1672697161760003 483435.2957852863 0.33375542362088284 0.3336321627085254 0.3235725226252395 0.3362123243011715 0.23119708867741298 0.23910065870925362
250 427070.0 0.2899764008625954 0.29123209453790416 9274.491811198493 0.16704427549482948 493742.96807858057 0.33969166680870544 0.33257790435424484 0.3241005898353209 0.33608784517307927 0.23304115175394233 0.24070798836119384
260 440220.0 0.2900627719413544 0.29159724224293593 9275.348705471933 0.16677372823862982 504276.4629450981 0.33961203195639234 0.3325663042252607 0.3246958130349349 0.3359530532772381 0.2332291085008831 0.2410033496108953
270 468413.0 0.2939795423019981 0.2932715180670119 8950.24414967206 0.16659178473489325 514095.9802436257 0.3415798637011747 0.33103188320002436 0.32529391064019203 0.33578272115320307 0.23394450261223296 0.2416040019350503
280 477917.0 0.2941220120710147 0.2936307625264448 9003.207915750147 0.1663136760812944 524450.4005162775 0.34319120071722614 0.3336252502996203 0.3258604817206015 0.3356277014697744 0.23417286344768082 0.2415574407784764
290 490768.0 0.306500843715738 0.31426630978740167 8048.005435850036 0.16613215423636069 533460.5966945041 0.34256491472905926 0.321139565610014 0.326467210196177 0.3353611227745348 0.2404798652982294 0.25630461208859695
300 511929.0 0.3291076253936028 0.32264334812384926 6642.444388250697 0.1662688929498602 539305.5114495801 0.35098406775488294 0.3239360996352382 0.3271208005659977 0.3349184293810655 0.2514584386003016 0.2575587693534963
310 521160.0 0.3366801861563967 0.3261793306492617 6247.949200792599 0.16622799842248834 545805.2542233714 0.34865896438994975 0.3258762467249307 0.32782008744777674 0.3346203079058207 0.2535895946500653 0.25769720494565684
320 546412.0 0.3382845509171631 0.32901278131614087 6240.285067031982 0.1661067572067095 552800.7152820276 0.34488237159919416 0.32875997957889197 0.3283835067414045 0.3344092758989412 0.2546289545296353 0.25826988169555315
330 563646.0 0.34500247184191224 0.32995999759647504 5927.019238836188 0.16642532735127033 556787.0253240659 0.3517731893744163 0.32606016794794196 0.3289662773225295 0.3341697607169752 0.2567512630767463 0.25843018121505357
340 590520.0 0.34711147027616024 0.3356110981513136 5852.730564626563 0.16671219135359996 560888.1982602432 0.3509988831763827 0.3280474458389195 0.3296188488031053 0.3339745768858416 0.25826584467775987 0.26105610464455836
350 608001.0 0.35110002526344586 0.3559750463399808 5769.55949092134 0.16623386818204214 569876.7366616657 0.3408518151961142 0.3345829848402856 0.32999269194953296 0.33391880198519835 0.2610800355593156 0.2710710454969572
360 623053.0 0.35195462590279286 0.3585412074055484 5746.296507019832 0.16552158919441068 580631.5265480991 0.3392192771758012 0.339451834766456 0.33026319305533425 0.3340601608774468 0.26146559604501657 0.27341581396540937
370 637269.0 0.3575806357600186 0.3644525382550775 5560.604412421736 0.16497935024139387 590067.1674640693 0.3424036199434182 0.33884916620686584 0.33058296873231263 0.33422220917071266 0.2627940599051129 0.27549291793251396
380 649619.0 0.360495692102438 0.3674899080810141 5448.968814261765 0.16445897792606537 599321.1423548316 0.3425235728546507 0.34560742002772926 0.33089427295597923 0.3345039119411556 0.26307381010458225 0.2765707244473185
390 663766.0 0.36628239128042384 0.3692076579780624 5196.939749757493 0.16400019864746085 607972.4079791688 0.34118192429113486 0.34390046383685713 0.33116526521919104 0.33477193085147255 0.2678565089445418 0.2782406686688033
400 688059.0 0.36687118895678916 0.37208331548806234 5186.150649116254 0.1635147969220127 616879.3571218665 0.34131985291337713 0.3385024314922635 0.3314126429474551 0.3349330478622352 0.2685150855909005 0.28002481842268595
410 697009.0 0.37897028915948366 0.38741627690404373 4739.130627141074 0.16284855340186202 627103.994786344 0.3499306145670355 0.3504677039686399 0.33175379392067955 0.33512782015386955 0.2708269210895891 0.28506679374873517
420 716247.0 0.4042614904993713 0.3977237233680064 3917.393683568462 0.16216851486457654 637097.3329777339 0.3475461610621561 0.34235741281460313 0.3321795341868385 0.33546036976789617 0.2867577498036739 0.28990159848411245
430 735192.0 0.41121497957778497 0.4022426528097904 3796.4334673115864 0.16159060329565827 646155.4795571819 0.3450807693751088 0.33254572209798083 0.33249485464387774 0.33551048857764754 0.2893276764524026 0.2916122484028367
440 753231.0 0.4245304945402144 0.41203619766147875 3502.5622493263963 0.16136438919790475 651732.1124197891 0.34818259298172377 0.33834887242022227 0.3327445937368188 0.335504256048206 0.29252161801297577 0.29455217841739834
450 775535.0 0.43617467446800184 0.43857086349150476 3268.8576019260854 0.16112251014935083 657279.6040296025 0.3491747228317877 0.3448035542006243 0.33309979632873593 0.33564821138182016 0.2985118101809024 0.30683320043930007
460 785274.0 0.45617716655068036 0.45434057698216856 2887.816434837939 0.1609006135333365 662335.0066611544 0.34846821422113783 0.34284980229320916 0.33342972856021824 0.3358494047955954 0.3097171001157566 0.31042511028028463
470 803065.0 0.4618144264749848 0.46539531985378263 2798.470040443289 0.16091592950284828 664984.7441698139 0.34758373392661285 0.33757274141061716 0.333747013294598 0.3359688800486567 0.31381013974238275 0.3141006534860348
480 818203.0 0.4651352298918311 0.48035772510214825 2758.756376454827 0.16090962823535834 667804.9976204872 0.34924983255957803 0.3451687870049776 0.3340612395734852 0.3360896700294249 0.316039892411968 0.3200611987335487
490 843031.0 0.47259838657983466 0.49502181555124847 2663.259497556217 0.1608174192999007 671382.7192966033 0.3518872312642833 0.3455673074647503 0.33438649407514026 0.3362686428948502 0.3199200317053888 0.32642016393753187
500 860270.0 0.4746128230419218 0.4970666965442115 2701.328242302387 0.1607014926996203 675234.9595798438 0.3517427685922137 0.34260413906442133 0.33473838799141786 0.3364105438358354 0.32118744527921883 0.3268748470731838
510 875674.0 0.4802510961278945 0.49870800950873945 2613.3696231410636 0.16054863028960695 679387.8176485423 0.34946649704395155 0.34026937127203377 0.33503804313425883 0.3365018231698745 0.3240717713373728 0.32737678188028924
520 897427.0 0.491661837642888 0.5029265662196442 2437.9443870270748 0.16048037186609737 682522.089009742 0.3500149711008298 0.3408874214291297 0.335309139180322 0.3365696678628024 0.3270222066784095 0.33011019926994956
530 913433.0 0.4948319843085766 0.5110801162253741 2429.468338093646 0.160396609733143 685809.4076006209 0.347173471647755 0.3399670912795182 0.33556084554810034 0.3366449245527489 0.3275769480306977 0.3329038826473279
540 928130.0 0.4995627563441984 0.5130693104749653 2373.2869587837054 0.16031602214598206 689014.05889255 0.3480666087164539 0.34064424263116505 0.33577987236144813 0.33671531491156376 0.33016587158790534 0.3330482036524261
550 947179.0 0.5108555617930357 0.5180184723259199 2230.24511649645 0.1603766995018226 690615.999763175 0.3556300250703713 0.3447497596426964 0.3360763283046566 0.33681655711674685 0.3340859808248736 0.3356988822364457
560 969878.0 0.5129842730773732 0.5187889559450783 2218.321631315914 0.16028183937244392 693829.4564839073 0.3442237147042033 0.3397117539806803 0.33633128075075763 0.33693668544128363 0.33456728273781045 0.3359404328696681
570 983203.0 0.5136459853512767 0.5196294687308736 2222.7691924679807 0.160191325687804 697003.4402159743 0.34244950131618884 0.3323770438375619 0.3364539205802658 0.33691317954102223 0.3348902763449044 0.33620716140988244
