1 84.0 0.10490428153957536 0.14106128305817314 137564.40582963257 0.10490428153957536 137564.40582963257 0.2605128426562431 0.2881678682038456 0.2607907304034387 0.28830694372694426 0.10490428153957533 0.14106128305817353
10 11314.0 0.11083127686675205 0.15942607652560778 119238.51348348949 0.10389432664304382 257403.94890504726 0.2573197917702823 0.3015343234064551 0.25853872083120066 0.29425872267398545 0.10799846414107624 0.1545642230620486
20 33899.0 0.11400327225253787 0.17070764089814452 109741.96167152248 0.10169823804208145 370528.14033163345 0.2543552690008676 0.30894687077338273 0.25677773616493454 0.3004551652832056 0.10867569292125696 0.16453815115748066
30 54906.0 0.11780426697650671 0.17133521551152422 99963.63383447145 0.10154841405003318 470809.9910695152 0.2546954324408923 0.3055087122287874 0.25607342181470816 0.3024152614022353 0.11094250732284774 0.1666020959522308
40 67681.0 0.1240866948880294 0.17168919083019055 86318.76653466844 0.10209736551331641 555278.1715525553 0.24654953151693057 0.30522947412664037 0.2548771989203923 0.3031240209523037 0.11524140030048906 0.1676118829170908
50 80389.0 0.14582465087266225 0.17649945839209732 53451.656379110944 0.102570533842 604896.8541325988 0.24349232649335906 0.29834562032233025 0.25307149715414695 0.302834370945023 0.13218505548299656 0.17155138036649145
60 104623.0 0.14711033945708468 0.18454602450579852 53287.074464095196 0.10239126278143927 659690.7238073739 0.24926257736678828 0.3041816434574303 0.25227167131100703 0.3025685033605598 0.13225452546442587 0.17851079450361781
70 112613.0 0.14834980648962862 0.18819246941633572 52042.07747403419 0.10234684257362742 712115.6836501795 0.24954139577327678 0.3050475021299927 0.2518686364752539 0.3028878087587913 0.13255578751684302 0.18097322774237298
80 137882.0 0.1483881116827897 0.18823059270660722 52324.617105153855 0.10203062666415558 767257.2811290687 0.2478285418565455 0.30606529784569014 0.2513587265277695 0.3031710117732622 0.13193941394812556 0.18087848607480014
90 151753.0 0.1531431678380395 0.18900798190573037 48625.81105580277 0.1010817531909735 826258.9490907347 0.24735384446959263 0.3051740101491496 0.2509006501478342 0.303406101090986 0.13409228704615253 0.1810454631977468
100 166710.0 0.15326151909815372 0.18916104623377522 48727.15535375295 0.09999322517255177 887861.4012548308 0.2521115503787821 0.305095899987045 0.25083040520630284 0.303573335412925 0.13339716120553757 0.18082145428904486
110 183596.0 0.15636946020169176 0.190677574808909 47961.89413956567 0.09947002963682737 941982.7637660303 0.25987916851427795 0.308749969112359 0.25142885911709767 0.3039951726857132 0.13411213037559172 0.18132699837957666
120 206018.0 0.15652230518145704 0.19098841917391213 47889.38754091167 0.09925250995627047 992372.1023272825 0.2596921437177524 0.3084044875323303 0.2521330848546321 0.304360019585266 0.13386257757364853 0.1814652258541189
130 226202.0 0.15684178540524607 0.19111138517332674 47847.748413906105 0.09852849626327861 1049692.6060901417 0.2540264769775275 0.3072265304039755 0.2524044724108685 0.30465675659891783 0.1334919652187721 0.18147924799637574
140 241713.0 0.16335661212146207 0.196319081291079 42979.46860037309 0.09808996613090817 1099161.8535109651 0.2564283943252082 0.3064388700942435 0.25258568624492034 0.3048183724243509 0.13748969625243546 0.18545049013596784
150 264654.0 0.1649639929270695 0.20131816718348763 45207.35118032299 0.09756698262342045 1151987.0213446517 0.2555923241047573 0.30480341379945236 0.2528144005534449 0.3048890524079015 0.1381163348932949 0.18955607126316623
160 280862.0 0.17408944375284682 0.2090147369066398 39246.36849082825 0.09754987571415652 1191507.0511649149 0.26150611186691153 0.30749854632774776 0.2531954371246118 0.30505245781088397 0.1432095263965813 0.19260046596962288
170 290187.0 0.18747467929136444 0.21026613523767035 31491.233506668188 0.09756052415584851 1222786.1043319367 0.2636675987538884 0.3112045344228978 0.25390764563124363 0.3053499576685013 0.1469342405676553 0.1931713713079388
180 307171.0 0.1901991164073155 0.21651653898096587 30938.74633944746 0.09753829353038732 1254176.8528224393 0.2646410043582996 0.3043307358695991 0.2544719366924325 0.3055045636148823 0.1483342494938845 0.19602585965237723
190 321958.0 0.19172182089999232 0.21761386006865893 30210.08453634743 0.09754247245235084 1284300.5386088367 0.2648390506559982 0.3040319925981524 0.25501041750637254 0.30543204119306855 0.1484345697494124 0.1975664750008554
200 332413.0 0.19332467397983955 0.22919867711680617 29512.72273254687 0.09758707498343833 1312880.0162284125 0.2674279286884464 0.30470167045480445 0.25553454713896095 0.3053841099568267 0.14939339909831945 0.20470752437089093
210 340650.0 0.20179502665620852 0.24746392497238137 26144.585620900885 0.09773082339871544 1335772.5091705634 0.2617821275527639 0.30571054621434174 0.2560477851771844 0.3053703634134186 0.1565907753427822 0.219871878342991
220 358866.0 0.2087420149215475 0.2511955924921891 23798.767155608322 0.09775027076979086 1359093.3261335816 0.26218443565641375 0.3050560493958313 0.2562840421744177 0.3053340304392133 0.15987941074823875 0.22245717125498882
230 369321.0 0.21710515258360227 0.2539350817811706 21312.636923349637 0.09776809752660998 1379937.1305203917 0.2606915442643002 0.30514505963628646 0.25651357953273557 0.30532243977198203 0.16637650442657517 0.22457201888424583
240 388744.0 0.22746174595066357 0.25418481077030003 18947.123138915213 0.0980183739881622 1392112.9187173827 0.2651304414275414 0.30033815168083117 0.25677048503006483 0.3052159846553165 0.16823418096148093 0.22444700199117656
250 397955.0 0.23120600742712916 0.25481922352233516 18410.95600920717 0.09790999604889322 1413628.715063302 0.2594132554291661 0.297029263601764 0.2570186953338273 0.30498639575353764 0.16959880300556465 0.22441225170341922
260 413773.0 0.23859821139020737 0.25812809040619145 17092.21016003944 0.09809387626545843 1425466.6056427874 0.2600163026724246 0.29705136715417696 0.2571066997162019 0.3046917129525495 0.1739854607875025 0.22459332604041396
270 427669.0 0.2392219380413178 0.2599215685997003 16973.063605319203 0.09826197154155726 1437651.4458941445 0.26023487984778476 0.2970126278054289 0.25721588051294814 0.30440926484700354 0.17417790115514753 0.22585453900546493
280 441179.0 0.24385122339566237 0.27019118369648465 16246.698761501171 0.09854085513364727 1445987.290639854 0.2605734036845635 0.2976919401160826 0.2573361574652467 0.3041804813897372 0.17506773716832175 0.23026800113670007
290 457952.0 0.25001357736069046 0.2750581874702689 15226.013226673374 0.09879018329508962 1453965.3108776084 0.26399407135991965 0.29824114437554694 0.257559644602517 0.30399589650705394 0.18048569893022323 0.23215795213247836
300 468052.0 0.25046355242934654 0.27623223424752935 15184.50966689876 0.09905967888750727 1461428.0756576182 0.2650344997124358 0.2977152156441948 0.25777689646834523 0.30380296173553156 0.18084235455219416 0.2330234340550551
310 487901.0 0.2506758803435661 0.27653676354357587 15385.194023686086 0.09931206341181639 1469707.20454263 0.26503449971244053 0.29771521564419673 0.25801025991670845 0.30360721427278775 0.18099638847379268 0.23293499973720105
320 500924.0 0.25141378614599075 0.2833388733710011 15276.70891683303 0.09956655018622293 1477883.6751908027 0.25720332857149336 0.29719000808907164 0.2580348693544555 0.30341811991267975 0.18166839396381168 0.23715996128892067
330 507819.0 0.2535362669577214 0.2849578232372987 14927.279530666194 0.09988066345699498 1484149.2913993078 0.25076525742531014 0.2973859766431396 0.2578232229218846 0.3032522344715669 0.18224391554136304 0.2372270085620053
340 523717.0 0.2605337990675888 0.2911965781595328 13833.690408532942 0.0998302101654677 1499514.6382524448 0.24709260773794328 0.2987161991332688 0.2575579500589691 0.3030962410152006 0.18486551840425539 0.24199043933818826
350 536899.0 0.2628159904826479 0.29312992073168537 13481.630149366743 0.09992601901163205 1510123.9274640498 0.24813726823825985 0.2998083356804887 0.2572569766369541 0.30299014279014275 0.1864558763710219 0.24271092115994125
360 556569.0 0.2676263859235025 0.3014035934372707 12828.159631454682 0.09992269923382073 1523055.3826184885 0.24773833653382726 0.29793672521054254 0.25699588550438346 0.3028804381522498 0.1866565660505798 0.24480907302491342
370 573515.0 0.26780015353019243 0.3015036287656171 12863.042045875869 0.09985626174140814 1538007.7878027535 0.24597656095606235 0.29720610414928833 0.25671309982011636 0.30273339215263545 0.1866443510880881 0.24466042778300381
380 586036.0 0.27852113486514507 0.31946692113929437 11483.976060346318 0.09969115276023505 1555040.5751665793 0.23029937917689464 0.29654017583618075 0.25612233723940503 0.30259364069094746 0.1935454106890861 0.25679870366035545
390 604388.0 0.2863845091699064 0.319834728013018 10703.06039445764 0.09962298780109866 1568074.5945713187 0.22909939586010883 0.29722604185697393 0.2554533833416688 0.3024280104629506 0.19988082554036646 0.2565882183266401
400 624692.0 0.28733348085315014 0.3385522651100448 10703.883850292867 0.0995053080744178 1582848.4138832297 0.23290743239000944 0.30485062561288756 0.2548123240504479 0.30240606368225653 0.1997120449149152 0.2665483535725457
410 640547.0 0.3027082627338404 0.3407006005594736 9204.375413409865 0.09946290984768978 1593584.5347148154 0.23268022693906354 0.3045692473563177 0.2542753266830399 0.302460807839273 0.20806897788896211 0.2679214312952556
420 657501.0 0.30619742483806406 0.34935448636369737 9035.356931284523 0.09930374159501659 1608513.9977390477 0.234503607175715 0.30237171552898073 0.25376888484375243 0.3024939249370068 0.20936521011887843 0.27259672049277844
430 680629.0 0.3092714944527029 0.3521502518560605 8836.366446940932 0.09919478445440158 1621410.8244734665 0.23580609717128936 0.30909123188960624 0.25332491765408877 0.30251931486241734 0.20929772338001776 0.2741656927356815
440 688881.0 0.3345302552606635 0.36488302138217515 7072.924248734136 0.09924400152319514 1626569.4514018295 0.24688299953219023 0.311128958753046 0.25310952059348113 0.3027000525855654 0.22192794215800588 0.27500941274980595
450 701273.0 0.34402441080824914 0.3697994697844583 6519.077477216741 0.09931532103482221 1630274.1269517136 0.24606174221392532 0.3100458310880641 0.25295507116603705 0.3028653284586187 0.22669151585643868 0.2761343896922088
460 722016.0 0.34769941145649663 0.37172080144154535 6352.745271590805 0.09944654580514431 1631472.6218401936 0.24395241145520438 0.3089267380641684 0.2527734989584968 0.3030043826069314 0.22930861457488907 0.2771640263999692
470 732204.0 0.34805829958919043 0.37301820780654665 6349.197120666962 0.0995464417703822 1633904.5269105723 0.2428075466788316 0.30867269979867995 0.2525754916079749 0.30312698944560484 0.22916891763137126 0.27777131686327994
480 746268.0 0.34815724661829955 0.3738344569379399 6390.481232325124 0.0996405902240945 1636622.509447236 0.24280329759045663 0.3080771192639038 0.2523723299509607 0.30323005709094464 0.22904358581852965 0.2782272264072468
490 759645.0 0.36868086271575523 0.3787813380131205 5490.202237887285 0.09972424692834019 1638744.7126689344 0.24820085094924946 0.3084100346090326 0.25224132996787196 0.3033262371781976 0.235701300604762 0.2811124677019196
500 772298.0 0.3693666627286166 0.37979135616201704 5472.511863360659 0.09961250311149542 1648807.6837867668 0.2413330979163987 0.3070584289033128 0.252043790710182 0.30340670671822256 0.23576355146530076 0.28126383673913913
510 788506.0 0.3708478579623122 0.3818466510625704 5453.436628552766 0.0993667305182872 1664570.9969674358 0.24191557845035233 0.30768633668596324 0.25184799911209416 0.3034838249661143 0.2360286464287552 0.28213422413989603
520 808525.0 0.37093681461856315 0.3822256001846622 5535.922191154769 0.09915399779553356 1679068.5184725993 0.2427854839873632 0.30831217924344856 0.2516601816809936 0.30356462696981673 0.2357629762047289 0.28217175128257
530 827660.0 0.3749540692911231 0.3940795462270731 5365.922953904816 0.09889110848974143 1695742.3344973687 0.23985976293913783 0.30299592817034987 0.2514427517394197 0.30355960518854075 0.2360634202744559 0.28746705298084274
540 844889.0 0.3786284354738207 0.3955728863646984 5219.268997546909 0.09868398347299735 1709958.692092468 0.24109453541522477 0.30569200976125477 0.25125486543433234 0.3035435311249395 0.2375826047292818 0.28835900385711216
550 858028.0 0.37898515040753167 0.409030295269254 5241.880907078344 0.09852336954103114 1722196.0439332225 0.24131633513342154 0.3068042108791918 0.25107328731048084 0.3035967091262127 0.2375607470715623 0.294218110481651
560 871156.0 0.38256980109323485 0.40951759890546063 5191.1887754353065 0.09840042962623127 1732763.7166278602 0.24266277875398717 0.3051810160733318 0.250916869332144 0.3036350185461916 0.23952629172485362 0.2943583802757959
570 888306.0 0.38289090473257387 0.4135566827251063 5182.505266538079 0.09828087705497826 1743202.4938109557 0.23855349207001836 0.2854144762280733 0.25072939705774955 0.30345464679199163 0.2393647294014672 0.2957277262097524
580 909605.0 0.3888344675429129 0.4175805953401299 5002.4570277635785 0.09806002483493255 1758158.26986745 0.24052578902441052 0.28481661823474935 0.25055581523703097 0.30312256453470354 0.24025448424168813 0.29766838321805733
590 917664.0 0.38886628078354574 0.41769341451873937 5001.713947109553 0.09784702441866591 1772844.6063623584 0.24053019452502244 0.28590002964582245 0.2503861248045026 0.30281831880075033 0.2400749748672296 0.29739607079652236
600 931926.0 0.39351554125000626 0.4209878293462582 4833.086429076759 0.09761691031532824 1788324.747228093 0.23791958745384562 0.28420490512332347 0.25019705654578633 0.30253452850805657 0.24328150645443258 0.2994487338734631
610 959695.0 0.39898108020178613 0.42371550994497825 4699.54844301043 0.09734288623668622 1805961.4382865222 0.23867696820167644 0.28450159895062216 0.2500072264300949 0.302238825929582 0.24551953406258684 0.29990767911824756
620 974017.0 0.4005550350337736 0.42642529597888035 4651.248980242001 0.09714273909063874 1820105.0378016862 0.2522858750621156 0.28208090942978636 0.24997561861170497 0.3019240500846643 0.24640809030965063 0.3007061543104826
630 989005.0 0.4009365328192174 0.42838447262107465 4642.7082049909395 0.09701415209869624 1830844.8996202208 0.2525331416749315 0.28217652388786996 0.2500149742864972 0.30161063945813155 0.246688203908509 0.3015727536462585
