1 1794.0 0.15230747200295047 0.04615804723566875 692.8455182211787 0.15230747200295047 692.8455182211787
2 4628.0 0.15230768787082222 0.046158113687159046 692.8439468567581 0.15230747200295047 1385.6894650779368
3 4667.0 0.15286595091885855 0.04615511317022121 692.6777683855105 0.15238514721805874 2078.3708965479436
4 6280.0 0.1528758853601742 0.046234668453446225 692.692700959174 0.15242398482561287 2771.0654806262282
5 10930.0 0.1921247211161595 0.05596885232485418 348.11573987130987 0.16752026510333007 2937.674632197475
6 12116.0 0.19214721403541724 0.05600507136048751 347.9837681166946 0.17758445195514153 3186.8340184095878
7 13648.0 0.19273073357186205 0.05607889283614738 346.01375120438763 0.18477315684929257 3469.424825114752
8 13749.0 0.19273160206692463 0.05607889287449506 346.03033540948013 0.1901646855199059 3772.0527797353607
9 14220.0 0.1942582057307766 0.05615212185136996 343.53269383705185 0.19435809670816068 4082.9943223839473
10 15671.0 0.19426020859831641 0.056154388468339755 343.5391169051254 0.1977128256587645 4401.787111857243
11 16055.0 0.17275257581656478 0.06697682224492171 469.3963607997661 0.19839723969867362 4875.287969627343
12 16351.0 0.17283970008386212 0.0671344552831912 468.62667100986744 0.1989675847319312 5347.220073412022
13 16482.0 0.17285322793502572 0.0671344793226686 468.51644685138854 0.19945018437545686 5818.493105128993
14 17350.0 0.21101272703853208 0.0891823064479961 301.79480009839136 0.20192481682939833 6078.304567200981
15 18676.0 0.20879904749656406 0.08753676294336961 306.78903931174244 0.2008705499492379 6414.168714914125
16 19715.0 0.20900672835444162 0.08811706741677466 306.1163755536969 0.20003300616091169 6743.637530995006
17 21091.0 0.20918367848166097 0.08821199721755774 306.0200899623106 0.19929399693591793 7070.589457622271
18 21606.0 0.2092009490815526 0.08821597909979059 305.96555769050894 0.19863709984703457 7395.425959939805
19 22316.0 0.2096336416349009 0.08825831235461638 320.5729454547651 0.19804034245566665 7731.113703085313
20 22824.0 0.20963385333375312 0.08825868877890448 320.58203674197176 0.19750326080343555 8065.451134181652
21 22865.0 0.20964128205835464 0.08825870997027434 320.54673989328256 0.19701732978475026 8398.57476112364
22 24434.0 0.20964138795034987 0.08825889830719855 320.55128865542787 0.1965755743132182 8730.664909344114
23 26452.0 0.20926090705592312 0.08990018890213684 323.11697596543166 0.19617900919702713 9063.891467558456
24 28555.0 0.20926288382390798 0.08990128159693708 323.1157855066803 0.19581549117385197 9396.3450274477
25 32236.0 0.2097704454248394 0.09002268830662827 321.48435053255247 0.19548105459253087 9726.652301646875
26 34720.0 0.20977539971869436 0.09003207702987362 321.7316846975994 0.19517234390208063 10056.552424967082
27 38396.0 0.20980589239813918 0.09003373894483795 321.6691228189212 0.19488650067018226 10385.835849971903
28 39309.0 0.20981141196599537 0.09004039339115033 321.6414745238784 0.19462107481199092 10714.589719692507
29 43462.0 0.2094121844820594 0.09439615356454145 325.0061681781754 0.19442088181820136 11044.568351475911
30 47359.0 0.20943742436854365 0.09450041145756104 325.2831448362532 0.19423403502399778 11374.487153829956
31 47922.0 0.20944350532468636 0.09450978007475576 325.61815522227454 0.1940592428616783 11704.430979571689
32 48568.0 0.20944718919402622 0.09451522313512427 325.5998302085383 0.19389537520950378 12034.101175510812
33 48842.0 0.21671093682374254 0.0937638912810815 315.87287725686997 0.19373303932181574 12354.618728386125
34 50007.0 0.21671251460138966 0.09377064686094444 315.8653439294478 0.1935802526039917 12674.869642422003
35 50178.0 0.21671412795302106 0.09377144580853083 315.86059765412995 0.1934361965557576 12994.877624403474
36 51875.0 0.2167375536814967 0.09389275552603762 316.1677811974589 0.1933001436213143 13314.95052069412
37 53742.0 0.21689679364150294 0.12951709402268788 316.7470498840519 0.19306466585952495 13639.050296584504
38 55119.0 0.1975035614843284 0.11419962860505546 393.7651755660663 0.19248545879323908 14035.533031196657
39 55213.0 0.1975423258052305 0.11438007724924426 393.59559266355177 0.19193595465342944 14431.816628873545
40 55261.0 0.1991756648516924 0.11507469731048006 388.4577528309445 0.19141392572061025 14824.181184672092
41 55610.0 0.19920220710657816 0.11519705476455466 388.34282743542843 0.19091736161378225 15216.336315178423
42 59458.0 0.22075550380409203 0.11833642971987288 319.78505649850297 0.19062963004904201 15546.846286408934
43 62319.0 0.2192665851050232 0.12120828309498932 305.14257761279686 0.1903516203211958 15865.058005519013
44 63489.0 0.2192778136955381 0.12121117979548109 305.0912012251351 0.19008624739916077 16182.703615420516
45 63505.0 0.2218605238335139 0.13821954803924366 288.84967413545644 0.19007605658819307 16472.05137671671
46 63899.0 0.2220988343932861 0.13826856171658153 289.9709419524222 0.1900663088559631 16762.490597767475
47 65034.0 0.22210748489950016 0.13827167884854513 289.9503085004418 0.1900569759208493 17052.889464608765
48 66560.0 0.2237788910864697 0.14064734288494626 287.8544314611072 0.19004326763751034 17341.421773847822
49 69540.0 0.22386015174495794 0.13324428394144022 287.13122096801413 0.1895182980833674 17666.13448636154
50 69865.0 0.22386291871702596 0.13325368512001778 287.2404516464851 0.18901432731139017 17989.823613065993
51 71382.0 0.25196078660575805 0.15360499244395182 218.07075640535942 0.18826027863296538 18303.08174339663
52 72101.0 0.247882428629398 0.1532654335472949 220.8855264011899 0.1875352318267877 18615.922403700206
53 72371.0 0.2512016268728329 0.1545097508249195 227.5442585571833 0.18683801185666565 18929.7994246712
54 75437.0 0.25121773565143435 0.154514979969732 227.62769361002898 0.1861666176455864 19241.757736219188
55 76352.0 0.25157170564537606 0.15399221500643162 225.94451914079022 0.1855191877466555 19550.95955547386
56 82331.0 0.25157370072476437 0.15410500459279924 226.1372275366255 0.18489488034411491 19858.407207353768
57 82834.0 0.25157376283015737 0.1541063637188319 226.13707119941458 0.18429247846447058 20164.05642445918
58 84381.0 0.2433157143248587 0.15997137900230984 250.74016378693057 0.1829542065193187 20619.583280255007
59 85033.0 0.2493079836549533 0.15869911519330088 242.09078174275345 0.18243444452362298 20926.001112325546
60 85988.0 0.24981494849434532 0.1588322395066229 240.94464844614046 0.1819320079277838 21230.272491892083
61 88540.0 0.24981584695588296 0.15883235843033558 240.94397526921202 0.18144604466295572 21533.14181006387
62 88817.0 0.25002720557570224 0.15882507164278764 240.65101052414283 0.1809903478199262 21832.179212839903
63 91660.0 0.2500275168313826 0.15882555678614266 240.65092070785605 0.18054911754334207 22129.929476346875
64 93754.0 0.25004680478145314 0.15886058389189409 240.5939140249808 0.1801216757129012 22426.39695236328
65 96049.0 0.25008251620818067 0.1588672857002225 240.54450871178466 0.17970738593878158 22721.623594925906
66 96550.0 0.25008620158705985 0.15886760433674524 240.53450447064398 0.17930565040024135 23015.673137189915
67 100591.0 0.2506147716336911 0.15886866993829749 238.31265148350542 0.17896182643344735 23299.75123121066
68 103618.0 0.25086106737384395 0.1588998095077547 238.09548563307476 0.17862811493626493 23582.65973376969
69 105115.0 0.25086121599199596 0.1589007939156139 238.09608058613526 0.17830407623610228 23864.590483744156
70 110077.0 0.2508684163611916 0.15891396461924728 238.07511039790097 0.17798929578451572 24145.559575273786
71 111843.0 0.2566457112496344 0.159640040986324 221.19934858244486 0.1776833823879034 24413.801556113434
72 117997.0 0.256491717280109 0.1596544578960314 222.12974310108976 0.177343235971337 24689.415916764432
73 120760.0 0.2564917939990432 0.1596545788357086 222.12971904782722 0.17701240863467657 24963.95809015901
74 121147.0 0.25653931224428195 0.16013524647348415 221.99289630462872 0.17669052257738535 25237.367305168125
75 123067.0 0.2630589982762311 0.17275032712851168 205.70839731888674 0.17637722014828858 25498.72592427904
76 123590.0 0.2622282423521832 0.17331020717842646 213.22115445922705 0.1760721625199575 25763.98970641911
77 127733.0 0.2694110733621559 0.1569709118508669 204.13577805114653 0.17603233841620877 25974.426408104344
78 127925.0 0.2694157025231948 0.1569711747651485 204.20027666672297 0.1759935354433254 26184.767952082802
79 129208.0 0.26942236070345943 0.15698891952482613 204.18712535403643 0.17595571482418593 26394.946382003232
80 129790.0 0.2753357874652719 0.15301177283499484 183.23633103041482 0.1758210396694447 26604.22875456444
81 130828.0 0.27534812207782905 0.153058054830644 183.26122334902533 0.1756896898271662 26812.962355545023
82 131858.0 0.2769026534571847 0.15362678378422684 180.06324324481523 0.17556154363957743 27018.443038635058
83 132598.0 0.2769073101667564 0.1536311611026498 180.0728867700622 0.17543648531193057 27223.388000316358
84 135743.0 0.27652608289642217 0.15370273267943294 181.29117313146804 0.17531440456351338 27428.834807278465
85 139374.0 0.2764832728870851 0.1543588582430741 182.7680546060997 0.17520556770983114 27632.869012537834
86 139660.0 0.27680235200896225 0.1570875240608997 182.38557759864747 0.17509921409588006 27836.134254478886
87 140740.0 0.2768046644937617 0.15708768437777226 182.48142315869234 0.1749953053925945 28039.048373607387
88 141142.0 0.2768049303199986 0.15708768578427423 182.48113802659708 0.1748937582507473 28241.542862608254
89 144584.0 0.2768052521374783 0.15709001465679756 182.48098228452386 0.1747944930671438 28443.6305882306
90 145024.0 0.27870691073534515 0.1573334388793307 180.6848304850705 0.1746974337765093 28643.74162097906
91 145499.0 0.2787827419580263 0.15714312308969042 178.93860104174033 0.17459904821593875 28842.701690468442
92 146298.0 0.2787834486579955 0.15714358110130694 178.93061563455188 0.17450292392564254 29041.23527975376
93 151596.0 0.27879097576562945 0.15714401166492817 179.23436549368012 0.17440886682438494 29239.648014828606
94 157207.0 0.27866688311957005 0.1577718164719723 183.00763637407795 0.17432016136518208 29440.236874633945
95 161363.0 0.27868580624573036 0.15779096595900557 182.98447144536757 0.17423332338933087 29640.468392543196
96 162227.0 0.27868590728174064 0.157812760298188 182.99362188133574 0.17414829453797656 29840.380459437147
97 162449.0 0.2766809331585578 0.1721306306656936 188.1868394323293 0.17406982497851747 30043.552860497002
98 163810.0 0.3164445984331208 0.1742264812226665 135.6085188989055 0.17398140524038727 30202.927092075523
99 164955.0 0.3174025421283774 0.17467171878752835 134.163582896698 0.17384109479169274 30375.910202611783
