1 1674.0 0.30914163208839923 0.24968108682610943 595.0512222118364 0.30914163208839923 595.0512222118364 0.614798772496613 0.5741396321383921 0.6153447539237192 0.57529508665577 0.3091416320886001 0.24968108682619544
10 9982.0 0.31781036752287106 0.2536363873525873 559.034895902977 0.3105358250559491 1153.7561490111243 0.6149414754221891 0.5738335590535688 0.6149400672724411 0.5741215306969242 0.3153486233399504 0.251230867295178
20 16055.0 0.31995219652563384 0.25408889528413003 551.6104756211405 0.3104277344965333 1705.4055934191138 0.6149526056518774 0.573561078147601 0.6149094350264226 0.5738983025599135 0.3164093851965758 0.25107004592891735
30 20792.0 0.32903759448638853 0.256703764478217 519.2781623692233 0.309347710675091 2225.9022376291614 0.6117355857948419 0.5746139890109206 0.6144385843624972 0.5738119767046214 0.32294211939157663 0.2527225167614153
40 26482.0 0.32951800659088143 0.2571357751267962 517.4615355660549 0.3086687638183177 2744.1757362034928 0.6106201371804144 0.5751622967396306 0.6137525596416165 0.5740190289169755 0.32326075179571456 0.2531368250562175
50 34826.0 0.332824583734318 0.26406061427527605 509.88693041408203 0.30811607048139034 3254.8608624727535 0.6091155293444216 0.573962481068628 0.6131222100382075 0.5742986748074043 0.32601115924265395 0.2575080604644688
60 44035.0 0.3413983651634236 0.28984831788529625 485.75713716111414 0.3072586658358442 3742.805348968068 0.6077102435501104 0.577160947265994 0.6123793301543593 0.574397206744461 0.3320755976500797 0.27729695964287554
70 51305.0 0.3444770964920276 0.2902593694652712 487.40763280295664 0.3069776193141879 4230.818302063406 0.6076664875538849 0.5771295596512137 0.6117194057482792 0.5747863681956973 0.3330639699677218 0.27728273619684146
80 55260.0 0.3505997494850827 0.29947181030340125 470.34875805196396 0.3063192957278489 4703.351194307908 0.6075496092323847 0.5749725191614967 0.6112679669047145 0.5749009347798801 0.33722028058436265 0.285412735931611
90 63159.0 0.3552235112199411 0.2998285403880799 458.34166050310824 0.3058647297595345 5163.529095756237 0.607392020860325 0.5754183357888943 0.610850652665104 0.5749197047533833 0.33964063160742813 0.2854081603507247
100 68737.0 0.3633347815251794 0.3093242583598998 436.7083827094394 0.30518600173847893 5604.177274257887 0.6072462751669783 0.573328137710676 0.6104745947647473 0.5747952034323287 0.34445750011427917 0.2897539269984418
110 73190.0 0.36472662580723386 0.3108590749040371 435.6711127530135 0.30499873450265036 6040.886579324439 0.6046652789774862 0.5734643913940327 0.6101660867404577 0.5746604325748699 0.3460659723253481 0.2912977128536731
120 80239.0 0.37512499469156935 0.3120196870479525 409.19070828542414 0.30509362433146037 6449.353013031402 0.6039151751584881 0.5716029694168351 0.6096910241196999 0.5745351437482308 0.3534908582821945 0.2925733239227439
130 85988.0 0.38397461993650445 0.3189217675378229 388.72928820209194 0.30502618529767805 6838.736783259511 0.6015834526170856 0.5684707646637339 0.6091365965237803 0.5741209678079013 0.3594592263371828 0.29696866890917983
140 93754.0 0.38820753009179854 0.3190969479831854 380.21454017822543 0.30518358101375015 7217.330034528764 0.6032877921890106 0.5680129366488351 0.6086613458020556 0.57370401091775 0.36294337270319865 0.29694195939206847
150 105115.0 0.3894381916789685 0.31969086023765103 379.32954180158487 0.3054140946581272 7594.309990703927 0.6034108333691488 0.5675951761729094 0.6083136976461156 0.573305418436427 0.36319948801403246 0.29665263833713656
160 110077.0 0.3950539365958165 0.3220976692612251 370.64809738283344 0.3056316220600601 7962.558631157778 0.606133367957777 0.5726502249261665 0.6080665563065599 0.5730194720544125 0.3645899344197589 0.2974058415650741
170 121147.0 0.3974029199167209 0.3317074586231652 366.2433672013775 0.30562441703290233 8328.887404683506 0.6051150490154121 0.5772176901159957 0.6078945910879201 0.5731482756551974 0.36655790181337783 0.3026934950806412
180 126360.0 0.39942347192804056 0.34046554743008955 365.8582364286721 0.30566066601435465 8694.323035503843 0.6042820299640966 0.5716795883755192 0.607708305264952 0.5732867421604888 0.36793621025731243 0.3088233166029489
190 131075.0 0.40391902131612917 0.3528030763092449 357.9042230706812 0.3056831835740921 9051.940674005884 0.6019473272607435 0.5682498030258297 0.6074857694974785 0.573157647312614 0.3703483397516543 0.3179709532000147
200 135295.0 0.42085217117042234 0.37057105624100684 327.0350159668684 0.3062522688447423 9369.796261103444 0.6021149052381096 0.5718655391609608 0.6072533126348696 0.5729710115404939 0.3816349644943141 0.33171529109536807
210 143498.0 0.42109930637005577 0.37119759185923995 328.91070609863766 0.3066979346370882 9691.676545725633 0.6020957492414848 0.5721034091884677 0.6070094913271481 0.5729217918672189 0.38182985421112575 0.33208438389227235
220 148507.0 0.42238490115200844 0.3777115341783055 327.0902013711592 0.3069697834411543 10014.335928078708 0.6029410084439449 0.5766190545299965 0.6067977175676991 0.5729722206210577 0.38204494075582335 0.334064223624412
230 158879.0 0.42450864639322444 0.38109150260020364 323.89396059524637 0.3072127819639405 10334.150868701474 0.6017849782919389 0.5757944075482093 0.6065998526705535 0.5731081275848645 0.38347372984372174 0.33600750748619795
240 164001.0 0.4331841229208615 0.38289609401236624 312.70506505785306 0.3076407463332807 10639.16225996391 0.6014010458321531 0.5759789001321829 0.6063854927286646 0.5732190345750976 0.3892890807156603 0.3369476619442621
250 171783.0 0.43453365638599584 0.3837803782416374 310.1542308778701 0.30832061989280507 10937.35824179216 0.6014021530746951 0.5759802672887459 0.6061869299703233 0.5733290263197222 0.3900048361895844 0.3371808965308582
260 181360.0 0.4358959179361889 0.38822395147949046 310.04613221765266 0.30863725610813275 11241.604058654608 0.5979372193704489 0.5769147034039039 0.6058960393178252 0.573460683442683 0.39061453097758103 0.3394134218947367
270 187791.0 0.43679669843301283 0.3939318866530699 310.8863807158907 0.3089591521553095 11546.746256978851 0.596225742665849 0.5760159983335192 0.6055710266560652 0.5735656794265882 0.39124969693878064 0.34473152374104404
280 195562.0 0.47168828305301497 0.4096420734458829 264.48101644220037 0.3100897002937735 11783.400924402831 0.6090094117080916 0.5697928502335795 0.6056050787770283 0.5737038258258188 0.4131653658339186 0.3525803023397837
290 200590.0 0.47785296662790744 0.4134010438073961 257.184539235941 0.31102568290795857 12015.933714225368 0.6071869645845307 0.5687020725441597 0.6057051833259885 0.5735795839962854 0.4174178427761184 0.3539856318674449
300 208958.0 0.5008828713116684 0.4246220107497068 233.19443347219683 0.31177571905806345 12225.282018318034 0.6158059361825511 0.5735175007224668 0.605860019417863 0.5734981345732855 0.42854426776537025 0.361087994449842
310 214348.0 0.5020004479935909 0.427161468283024 232.67871044276305 0.31256215722045494 12433.299188360754 0.6160806160479573 0.5717590436271448 0.6061841567839681 0.573451713753094 0.4291847440204593 0.36153057825888124
320 225282.0 0.5028802637580791 0.42918181217581536 231.8882008545977 0.31334142577540247 12640.901108110224 0.6195069426753708 0.5741835445291608 0.6065667398798263 0.5734514235002949 0.429468372781557 0.36194018836041614
330 233505.0 0.5076172385207155 0.4315091284303817 227.35890204211807 0.3139350949876153 12848.94984571312 0.6147124383040602 0.5741952967629428 0.6069671713244151 0.5734741918170722 0.43239246438633644 0.36259927954156107
340 239211.0 0.5099735652490297 0.43192293320933073 225.16762096072534 0.3146042202943986 13052.388023693224 0.6156377648423649 0.5737339331223471 0.607194352878218 0.5734815037108028 0.4339679157757302 0.362620865624771
350 243069.0 0.5121767826678816 0.4329140461278804 223.99564122677003 0.31517385524293584 13257.744665579292 0.6158818369945207 0.5744317074529895 0.6074369371173781 0.5734944241771548 0.4353854657417015 0.3628610606376466
360 250953.0 0.5208807950739339 0.43722911718537033 216.69421317193812 0.3155304751505265 13461.91702794916 0.6091183464332001 0.5739832265237806 0.6075804469506048 0.5735133926524257 0.4397873565101037 0.3652969226694728
370 257159.0 0.5209894117663368 0.43731168551182675 217.22566716682647 0.31586777044210124 13667.407801587078 0.6091114718069014 0.5739748829200501 0.6076218941375567 0.5735260572070423 0.4400258080909225 0.36528073636777864
380 265959.0 0.5211724854177703 0.43768884857186263 218.0076785389591 0.3161922986818029 13874.268159167483 0.6067148930945119 0.5725413903019779 0.6076484268449416 0.5735303843128432 0.44018212905439497 0.3654315593988158
390 275456.0 0.5230293973065021 0.445393725115726 216.3282297265273 0.31665677899017874 14074.807805617673 0.6063197437174704 0.5731553291371574 0.6076134400162542 0.5735272142532597 0.4419446586519 0.3705466558517822
400 281051.0 0.5280657895754528 0.44896795214912216 211.48922624585194 0.3169181406910332 14276.850675858888 0.6123684692555682 0.5833843446065812 0.607701280954776 0.573718922655328 0.44248026842286925 0.3710636878315297
410 285233.0 0.5293690818103566 0.44993957899126313 210.4707474256285 0.31723657652154125 14475.858664963214 0.6115806934144975 0.5829316772576719 0.607811286383792 0.5739518040839336 0.44298964791277023 0.3712024534608708
420 290321.0 0.5302618286150375 0.45065983807340765 209.79199262517687 0.31756012735464567 14674.009247287424 0.6114805000321779 0.5824914777135468 0.6078998708956805 0.5741609292488437 0.44323557703873717 0.371401131297822
430 297692.0 0.5329871536435357 0.4555291006737552 207.58378965116896 0.31782604190241587 14871.816800477487 0.6144251629583201 0.5865846087999637 0.6080060186614342 0.5744000204698334 0.44591570182610524 0.3721139882316252
440 301914.0 0.5332801709268502 0.46001340800510365 207.38605701938152 0.3176468806792774 15086.209598481828 0.6054981078654269 0.5769587008262635 0.6079877867711989 0.574544374788005 0.44591210675218496 0.37527705025187347
450 310438.0 0.5340390054115408 0.4628555258918402 206.8360535057683 0.3174096209397948 15302.468220976261 0.6006796470371167 0.5751313152673717 0.6078261978296248 0.5745613941886604 0.44601220196091695 0.37683414017358785
460 321690.0 0.5343368962910635 0.4649530503262995 207.0083042155953 0.317172601077962 15518.902101295631 0.601496517546055 0.5757775014706336 0.6076792286872812 0.5745774628811661 0.4459819457907201 0.37822453116052196
470 329509.0 0.5354967281239443 0.4665685227147205 206.39253721664585 0.31703340618478576 15730.78892064264 0.5994070841687789 0.57851995947678 0.6075438932790336 0.5746974927928268 0.44604279055026935 0.37846159017090475
480 337176.0 0.5396551441852718 0.47125388724623535 203.31957061704375 0.31663823615859565 15950.776395506658 0.5973738819820745 0.585558983470089 0.6073133221677858 0.5747992097543548 0.44772137768673387 0.381413660231763
490 345762.0 0.5473779856130132 0.48757481757632776 197.23374930700575 0.3163781225898771 16159.345949823328 0.5953122590574594 0.5855118744181519 0.6071000474536606 0.5750176857038859 0.4516120804751258 0.3899349230900428
500 350061.0 0.5482852378426591 0.4900912873664333 196.7489349374243 0.31596181499973325 16374.808654986507 0.5967414313412259 0.5872876014156646 0.6068746463858139 0.5752413524088148 0.4518569838093442 0.3904773419740151
510 352859.0 0.5543442933703314 0.49430197515981084 193.61026326911673 0.3156378644497578 16583.16663841742 0.6076262000351459 0.5888180924530206 0.6067405154579275 0.5754839081854793 0.4521579031134542 0.3908183619801866
520 360500.0 0.5586788464855945 0.4966028703589164 190.4061997789259 0.3153036341845434 16789.26953138081 0.600527467365458 0.575878797527349 0.6066237610931972 0.5755140339017741 0.45407775387996235 0.391363796480658
530 364848.0 0.5612743092443834 0.5130710504743946 188.44242948844314 0.3150259842232042 16990.904276837107 0.6036627859270792 0.5780962384126471 0.606555429456431 0.5755563030302645 0.45478351074626705 0.3983675876032896
540 378687.0 0.5616052747264612 0.5132810804562564 188.4744967854703 0.314833602599159 17188.426294361736 0.6036538326956346 0.577991404804989 0.6065018082381474 0.5756014946147995 0.4546183073803556 0.3981661785140799
550 385383.0 0.5681370847518497 0.5161070875196814 185.00283778382055 0.314675850297855 17381.012491424844 0.6087297148836585 0.579767456454351 0.6064763809557281 0.5756531220385488 0.45722131191459314 0.3997798478035274
560 390888.0 0.5689131587496905 0.518469662581839 184.25905272093235 0.3144650051152085 17575.589092244365 0.6136103286661452 0.5828259015749913 0.6065517560314656 0.5757546894191823 0.4569692138959518 0.3999053900618367
570 397922.0 0.573378141003299 0.5191633259552426 181.36935286434647 0.3142772588829876 17766.349349705517 0.6147594255707726 0.5823734757711457 0.6066940372159548 0.5758705370336517 0.45919007500292747 0.3999496577569759
580 403949.0 0.5749938647130375 0.5236421431015572 180.49681850361006 0.3141858412304146 17951.386811269553 0.6104436260598947 0.5749548373477289 0.6067660532747287 0.5758762938927614 0.459321914484782 0.4016713146892056
590 412757.0 0.5769140589921438 0.524894076558777 179.59494501108338 0.31425487073342784 18127.623619237846 0.6099816435781947 0.5747968410263737 0.6068267544582635 0.5758578949857853 0.4600431806877096 0.4018577255006511
600 417806.0 0.5783765774324808 0.5307565387159889 179.28188350080077 0.3143307596671508 18303.21997618593 0.6106358371668497 0.5695367367493847 0.6068901107131305 0.5757525632356411 0.46058537603768374 0.4024189859670656
610 423597.0 0.5803612437817853 0.5336348970718268 177.93167701054014 0.31436630765930107 18479.392885032827 0.6112007745675772 0.565336827052674 0.6069573874825551 0.575632333523024 0.4606008740002324 0.4023395714728127
620 429282.0 0.5839633454492469 0.5351067734268952 175.2470760279855 0.31441301410628897 18652.277712955474 0.609655223485015 0.5717732396816682 0.607018428989899 0.5755166508014334 0.4635028081021919 0.4029639511980759
630 435650.0 0.5857508008173664 0.5374611744348675 174.78912927876183 0.3144622318442215 18824.575935081903 0.6130133827716112 0.5760388585492051 0.6071154701468692 0.5755314784844547 0.4640789418397823 0.40214220918417637
640 441460.0 0.5861968579003161 0.5382310203817684 174.66825997198737 0.31450892948127496 18996.88016645611 0.613312321250314 0.5781650480444865 0.6072077362493785 0.5755417931501806 0.4640780643968738 0.40214840586526507
650 448379.0 0.592773676913305 0.5432667425238779 170.40011565294736 0.3145410173655765 19165.588315659075 0.6132841879717782 0.5785822407311175 0.6073024379729078 0.5755873245965765 0.4665477436902469 0.4054971264426843
660 455122.0 0.5953765025187389 0.5526016966233126 169.0416847501371 0.3142867801372528 19348.92920647605 0.6035776001689094 0.5884352574945363 0.6072811337113277 0.5756897791482464 0.46739974468564943 0.40999421689235405
670 459481.0 0.6015591826866767 0.5597360990370669 165.22942690096394 0.3140671043125108 19526.871302118965 0.6041280385407488 0.5881169990890832 0.6072314818461799 0.5758764790452647 0.46759361701575164 0.41054172309817005
680 465302.0 0.6018471856404954 0.5613996334882222 165.27909748341398 0.31386987582511294 19703.544321435613 0.6041202463951888 0.5885352359225609 0.6071854281939391 0.5760614763081755 0.4673140790516123 0.4105670160389026
690 471846.0 0.6071787883838203 0.5690589863664774 162.4705015840268 0.31367930193835486 19877.289779152943 0.6042059163435874 0.5811047649055069 0.6071540429882224 0.5762022799440479 0.46974286317004144 0.4128678686629248
700 476028.0 0.608013818727353 0.5708566879102568 161.90467151384453 0.31339385384757723 20056.51314217335 0.6018876433295871 0.5791448001820951 0.6070886558279637 0.5762475969355132 0.4695202083838435 0.4120813042761428
710 482047.0 0.6092899979458463 0.572170505591509 161.17229386558773 0.3130737005878879 20237.433907042232 0.600964004329478 0.5795135521091777 0.6070115254807709 0.576289857428096 0.4693812588486004 0.4123417230104413
720 492261.0 0.6149209107052874 0.5779984849838132 157.8726526013758 0.31271890950948017 20418.01721506093 0.6066294768087831 0.5888792991124813 0.6069729920358179 0.5763943924434544 0.4707748843091209 0.41608949488673747
730 497962.0 0.6244001248443248 0.5831800268077291 152.85966912764263 0.31254005887394404 20582.467669196518 0.6060017648362631 0.5865929152031852 0.6069937043558234 0.5765805747068279 0.4763586924812636 0.4178512827683285
740 503519.0 0.6244553877396433 0.5835692170463881 153.04938721216627 0.31234459972998035 20748.229975829618 0.6060335750547029 0.586665157733445 0.6069805359661099 0.5767162567777511 0.4761203405685263 0.41778411090986173
750 512339.0 0.6370934146523938 0.6010236676244812 147.22853826526372 0.31209243927363073 20912.805768125527 0.6074253039927051 0.5889480881353846 0.6069773008268745 0.5768550703147914 0.4814167583251041 0.42112849024579
760 518677.0 0.641769607594131 0.603212458031336 144.7420535111129 0.3118824274978896 21072.223486064187 0.6064726351915926 0.5886812173320476 0.6069717309538655 0.5769996371124044 0.4826898372234069 0.4225814816449487
770 526555.0 0.6442359833248283 0.6129127121531109 144.00249941490108 0.3115679366449049 21238.76310729099 0.6079877593965071 0.591048921612226 0.6069774670068394 0.57717571321491 0.4831594272693504 0.4275118312603898
780 530883.0 0.6459798225738769 0.6131491553618161 143.26265984585206 0.31138891731741547 21394.683176149614 0.6050925701196629 0.590869208761855 0.6069588858724168 0.5773508174565627 0.4837613132005906 0.4276331832676736
790 533959.0 0.6478112365765378 0.6167675722585352 142.52275482401893 0.3112244733782477 21548.895924959663 0.6059876439535651 0.5939369205638588 0.6069382834906539 0.5775359331103164 0.48452566879218073 0.42845853851290155
800 541043.0 0.6494490649479553 0.6298488227737232 141.58767858584605 0.311016721917256 21705.517221785998 0.609528267652664 0.6018492869410617 0.6069566334767489 0.5778245705412306 0.48467647657898844 0.43370450644529884
810 547860.0 0.6497374521465702 0.6301222855695664 141.4809306728769 0.31076800699830176 21865.197717947267 0.6097067062146228 0.6020629528913044 0.6069897191836671 0.5781224433262808 0.4846206573541032 0.4339161459340879
820 552917.0 0.6500036596094521 0.6310300161614703 141.4317619935749 0.3104903508031968 22027.13266185906 0.610478777680667 0.6107252381172195 0.6070317183957946 0.5785092254736314 0.48467307705251905 0.43442446666310663
830 563646.0 0.6505693180492517 0.6310738941955395 141.13463572944644 0.31021948957917234 22188.37251482665 0.6104536316280018 0.61071943170901 0.6070729970341482 0.578896835858004 0.4848747241226216 0.43462585312838153
840 568973.0 0.6581086765327546 0.6374221628973368 137.69654071724256 0.31023861571517003 22324.682585422044 0.6154244648712345 0.6063787590218407 0.607139923364419 0.5792613171256368 0.4915969165975548 0.4399391560694218
850 575636.0 0.6596381294949194 0.6393432258151609 137.0957650711114 0.31023448844067936 22462.080253090226 0.6150807773069267 0.604361408349069 0.6072353692610282 0.5795675495194592 0.49195272803642465 0.44012465064038037
860 581206.0 0.6729908966529865 0.6456193291423711 131.33752833602102 0.31033648289953697 22585.746491132428 0.6183079542172066 0.6048729787983634 0.6073471644443214 0.5798642036610662 0.4984319999832603 0.44286428896364943
870 587801.0 0.6783167736619078 0.649080341141483 129.12719883038437 0.310302297740473 22717.55384855859 0.6160704967545245 0.6008686087494867 0.6074492581391185 0.5801018588978109 0.5005293530688375 0.443429023008506
880 595763.0 0.6788202085877404 0.6528100375321207 128.9564509805914 0.31024959760282494 22850.663127147167 0.6169868956206035 0.605051505569072 0.6075316988014877 0.580366890827201 0.5007259677127406 0.4437838192833064
890 603564.0 0.687556359482246 0.6561893647824241 125.47547882939475 0.3101972781867456 22980.37876082796 0.6183234836553257 0.6050880179626541 0.6076433588108725 0.5806417921646604 0.5033544039095668 0.4447390235409953
900 610972.0 0.7031604658092493 0.6837574109369985 119.88634545335472 0.31020953615915486 23099.239150398567 0.6262797366276824 0.6131341391210917 0.6078085068024272 0.5809696404483919 0.5056977981738461 0.4527968490005542
910 620071.0 0.7075991735887283 0.6887762733086424 118.15586518113459 0.31027273196781996 23212.07847625472 0.6263442022189918 0.6049112668497929 0.6080103483815699 0.5812744668786136 0.5081046400828881 0.45473657670016787
920 628996.0 0.7092405271519806 0.6909967790808469 117.81879731928784 0.3103535696411715 23323.109574459973 0.6264167536287287 0.6051808660905593 0.6082104257896285 0.5815344765712279 0.5089394866780668 0.4560876840671618
930 632016.0 0.7097704676854107 0.6930275688746861 117.7628183259352 0.3104144635154609 23435.747054904306 0.6267485602868902 0.6047215508663402 0.608407524417232 0.5817869739414089 0.5091584320914386 0.457130651137773
940 635135.0 0.7100377147186941 0.6940947843258436 117.64642863930084 0.31045462614388925 23550.000196927376 0.6242467017044101 0.6045267786835093 0.6085883032973607 0.5820303247267564 0.5092897230582133 0.4578170617313302
950 640766.0 0.71102137262025 0.6973194755051029 117.4285638421443 0.3104932502212819 23664.161885062866 0.6220078897812755 0.6047671619381471 0.608743443370595 0.5822682476640411 0.509777608520858 0.4587383305752829
960 645430.0 0.7139284373414523 0.7002114670612355 116.62184937833301 0.3105459931312874 23776.30995895301 0.6244283057606416 0.6096468226494579 0.6088929010979962 0.5825238452918243 0.5109501936990685 0.4600236116545472
970 648119.0 0.7164583157522452 0.703262923879322 116.05474129173233 0.310517225204385 23894.848699244005 0.6228742191883377 0.6108017908766393 0.6090517850409096 0.5828128227735362 0.5118738971324882 0.46180912150311704
980 652719.0 0.716973956537659 0.7039691820334155 115.91328756321344 0.3105228551315809 24010.278236054433 0.6225384366309169 0.6098078386618194 0.6091898872326621 0.5830887996591495 0.5121397664389448 0.46229375054701444
990 657569.0 0.7177065317568412 0.7052684313639975 115.64748419791135 0.3105569104302566 24123.008875980056 0.6189045642974065 0.6042837233947954 0.6092918897751168 0.5833083795271558 0.512434543590736 0.46262263774110757
1000 662682.0 0.7186033573500435 0.7075012967272915 115.50241781248427 0.3105964047613692 24235.131293985552 0.6193915034314112 0.6053416429296888 0.6093916743248486 0.5835257545387018 0.5127916433404002 0.4637840614798895
1010 668800.0 0.7190201587041054 0.7082825657453162 115.48731122379513 0.3105939667246808 24350.82880496383 0.6189680411993463 0.6059827174987873 0.6094881703473192 0.5837430482468181 0.5130230390523393 0.46465032134369755
1020 672025.0 0.7196610221312386 0.7099421747808787 115.3317956940503 0.31047334491856865 24476.814961239794 0.614884054925416 0.6045687352050554 0.6095562519244523 0.583954191035873 0.5133409201434765 0.4658134352288097
1030 678103.0 0.7249306539071767 0.7132873791709347 113.48200386639846 0.310418550683598 24595.157084998198 0.6138898088603907 0.601605537450425 0.6096046445270238 0.5841353544904248 0.517089064261835 0.46822126587035323
1040 682567.0 0.7253323896311997 0.714652891852129 113.3579279995014 0.3103599260409027 24713.72794156764 0.6142104909994434 0.6016341639114275 0.6096478362161697 0.5843033364511634 0.5171535804211054 0.4692731810911788
1050 687308.0 0.7292097504340836 0.7280939362993855 112.32166757865292 0.31022371305509305 24838.452895084894 0.6055291749271566 0.5863684599001957 0.6096479336688461 0.5843891105762347 0.5186149052176664 0.47811311138957935
1060 691217.0 0.7296201748804947 0.7289376933146786 112.3867218630163 0.31009744067082073 24962.324921623345 0.604426292896769 0.5851782168755071 0.6096062531734169 0.584405734351581 0.518661374566569 0.47874128664401594
1070 697392.0 0.7296925669990071 0.7289598401947359 112.37774710445052 0.30997710583713767 25085.654571413812 0.6037659078474573 0.5844459651095558 0.609556816030034 0.5844120038783673 0.5185634537629623 0.4786913996734062
1080 705408.0 0.7365846454574497 0.7305385947798664 110.20564663882445 0.309926559365164 25200.4856015955 0.6047639842589259 0.5886421308616208 0.6095116273008933 0.5844294559109358 0.5230423626064963 0.4802711823908799
1090 709318.0 0.7370855235196859 0.738943381783273 110.28567165240905 0.3098926866985772 25313.858231734295 0.6045469565445919 0.5930146839677222 0.6094649985945292 0.5844922449093871 0.5232275915313509 0.4828367529078249
1100 715436.0 0.737269137864339 0.7391394846524474 110.31908958750583 0.3098575701625949 25427.378195652705 0.6045568465526534 0.5929925081100915 0.6094204640090188 0.5845693799150115 0.523130521216433 0.48302746010989145
1110 725844.0 0.7379549620972784 0.7418373709476964 110.14102067453825 0.3097522299695286 25547.28262597431 0.6031734219172018 0.592157473370656 0.609372259441474 0.5846424842720889 0.5235711403455272 0.48521139473432
1120 729426.0 0.7465173977069878 0.7429772585711157 107.38572471791332 0.30968726032247995 25660.790027169038 0.6072728532070318 0.5883222840611875 0.6093227501650595 0.5846999501588664 0.5272887340141076 0.48684211465238086
1130 737621.0 0.747114530892236 0.7433373034746785 107.2085610374597 0.3096269384855047 25773.69040268105 0.6072750858231131 0.5883273532354734 0.6093046529817139 0.5847320002052276 0.5275907517434828 0.48692972547282887
1140 741588.0 0.7617006562787446 0.7737997537861964 102.68741936838242 0.3096725151149554 25871.99754331592 0.6035909022491135 0.598949697431275 0.6092653259310487 0.5848125758999667 0.5339179575888628 0.5042229943524059
1150 751839.0 0.7658519496759482 0.7759850929296607 101.89607719892874 0.3096863325084308 25972.550549445743 0.6064814308689372 0.5959217734095246 0.609232963196476 0.584928859375168 0.5363210576909699 0.5056824055999481
1160 759216.0 0.766501224874064 0.7761143929957871 101.83312562228636 0.3096992016652798 26073.132557872927 0.6079794776897915 0.5959495752213213 0.6092105654097624 0.5850235673889552 0.5362479217845381 0.5058084214983978
1170 766950.0 0.7672669240074541 0.7782472853328659 101.66493232945759 0.30966955279918434 26177.7082894819 0.6065735923922619 0.5932322336642478 0.6091891466030269 0.5850927745918834 0.5360240553323735 0.5058529066974484
1180 773455.0 0.7699609022344851 0.7840795207760926 100.88638953193879 0.3096251555588744 26282.99757871681 0.6068550359965612 0.5920415445580614 0.6091674308921085 0.5851530112157921 0.5379952182617858 0.5087539014717924
1190 780833.0 0.7702281137413161 0.7867434863384091 101.175194482356 0.309574916065037 26389.14656220598 0.6077879106550128 0.5934822239004888 0.6091539353833356 0.5852203813968918 0.5384548951015072 0.5107484696308431
1200 785697.0 0.7707293903455639 0.7878987499614141 101.13155006386776 0.30940272014256864 26507.775354649595 0.6072930690293932 0.5930640157146664 0.6091397587145357 0.5852856792800282 0.5386381213337175 0.511971115117282
1210 796067.0 0.7724331466546437 0.7899359004280132 100.91497720919378 0.3092049712827294 26628.959827602084 0.607193077819901 0.5939227389219203 0.6091219204161823 0.5853567756333459 0.5392855508380539 0.5130869509564117
1220 807896.0 0.7727411149027416 0.7902036514170458 100.93143748402858 0.30899459241778904 26751.562340006603 0.6076250894753583 0.5931484031700192 0.6091070609266953 0.5854255816333103 0.5393807302452881 0.5133198235892642
1230 812954.0 0.7753848772433668 0.7992820614337802 100.28039320447883 0.30887453437344753 26864.073530314097 0.6105593855218593 0.6000058058794302 0.6091140350485977 0.5855415583337747 0.5402794945230858 0.5163745332941523
1240 819172.0 0.7761625576587144 0.7999158718047659 100.07609084826171 0.30879577116169304 26972.12855990068 0.6104213248022249 0.5995926170691805 0.6091245554045506 0.5856548606810363 0.5405532682284128 0.516764613334213
1250 822597.0 0.7764676817942973 0.800222923791689 99.99479288888 0.3087186070387103 27079.95150079433 0.6104216608065371 0.5995927165962283 0.6091349232069546 0.5857662739941444 0.5406166514646025 0.5167970395236872
1260 826659.0 0.7803781218675886 0.8046790506739216 98.91633841260392 0.30863268483571416 27187.693475713677 0.6100565964009579 0.5941156900109359 0.6091487766224541 0.5858475631386615 0.5432091977097547 0.5191100614369974
1270 832210.0 0.7921852048293119 0.8116339051024747 95.74763932909153 0.3085479867843981 27292.390047164787 0.6092007626750151 0.5943178887867416 0.6091459236856127 0.5859162880611869 0.5454821243165412 0.5224288761645577
1280 836330.0 0.7946977635727762 0.81428851555243 95.19815013423543 0.3084276404237617 27400.470491892866 0.6111146328938775 0.5822382128628616 0.6091767033382979 0.5859745014105693 0.5460989952470662 0.522537597580599
1290 840797.0 0.8196754663180491 0.8344679129082647 89.04625545399566 0.3085363665980008 27477.789494698438 0.617910048489013 0.5822436724782016 0.6092296361904601 0.5859518803444702 0.5628585534051438 0.5358905977620749
1300 844538.0 0.8291373549365108 0.8367142468195243 86.85822101176825 0.308703492542769 27546.503052231637 0.617592780882047 0.5793041648412371 0.6092951532862485 0.5859110057280152 0.5701068143749083 0.5368395850812402
1310 851890.0 0.8297716906128153 0.8431436243836515 86.78342854961456 0.30886584919969295 27615.673726569996 0.617872777595804 0.5805927508341795 0.6093587762151169 0.585862474324525 0.5702172803770873 0.5388925921083129
1320 861340.0 0.8300917314219487 0.8433615747234535 86.71852033948288 0.3090274189501191 27684.889574531422 0.6124992149438205 0.580753456320704 0.6094189960619248 0.5858225933601088 0.5701858429608464 0.5388680877805686
1330 868334.0 0.8348025831898304 0.8465881347300638 85.711752892312 0.3090139694077996 27772.120138932198 0.6093129030798734 0.5793737161284236 0.6094377391009865 0.5857844989315544 0.5725073486811081 0.5401594440939002
1340 873373.0 0.8416548764062054 0.8473680320325866 84.02281957248326 0.308983069226914 27859.696745309964 0.6126086286036458 0.5800647491785146 0.6094509598740305 0.5857408909506621 0.5715206910225209 0.5403387407793808
1350 877674.0 0.8470798666020255 0.8530577727621403 82.97452480878918 0.3089636927637148 27944.91464808878 0.6141747033514477 0.5783786206981142 0.609480809933153 0.5856902634332795 0.5734225132493855 0.5422506940996018
1360 881781.0 0.8474296426977116 0.8536414962551817 82.97510982519874 0.3089572743596748 28028.631066520313 0.6128280796175029 0.5712642107619078 0.6095072888609262 0.5855947606027306 0.5735537458302455 0.5423294115925299
1370 886492.0 0.8494350909540208 0.8608552340419123 82.58686682284313 0.30897260595802856 28109.448762437605 0.6138042172112652 0.5674511435118434 0.6095375363750234 0.585478830311086 0.5731662473529909 0.5458644197651464
1380 893396.0 0.8501750381600641 0.8613402499002768 82.52388174474369 0.30897975625425633 28191.14617244464 0.6139576972665904 0.5675163521750806 0.6095705665324739 0.5853476801136481 0.5736822521948924 0.5459792951985496
1390 897695.0 0.8505596757401804 0.8615860676977991 82.48457517798002 0.3089722836526313 28274.4970766974 0.6133065058276707 0.5669414563349489 0.6095996905833012 0.5852170839101918 0.5738969344996991 0.5459641671015335
1400 904876.0 0.8530517518089072 0.8650670377265101 81.99311825185309 0.3089753374934622 28356.135377771323 0.6133631804448857 0.5661094239816282 0.6096273720917205 0.5850853159319005 0.5742059870808819 0.5476753448065842
1410 909108.0 0.8551231387869893 0.8846015169438215 81.65237064747208 0.30894871894583686 28440.90712284475 0.6064556759093994 0.5731104573116795 0.6096363960249352 0.5849781258323338 0.5749015376177857 0.5548894239930001
1420 915365.0 0.8612802791042236 0.8862066347145128 80.48038360403739 0.3088628962569921 28531.66564116644 0.6059029062972816 0.5730457917260291 0.609611251732707 0.5848942241264867 0.5747077102058267 0.5553494645348109
1430 922440.0 0.863642699538832 0.8889247674485887 80.3420898898285 0.30879204073533384 28620.47990935699 0.6062739591852093 0.5742750403766709 0.6095869522784332 0.584816562995424 0.5753464835727674 0.5566412635422057
1440 928373.0 0.8649638913790113 0.8892330933935955 80.11210527337435 0.3087278263399715 28708.281336234613 0.6071017484481905 0.5715385141898467 0.6095666250280847 0.5847378167946649 0.5753598190620277 0.5566402921861496
1450 932565.0 0.8871534501957195 0.8907456583508975 75.75170388164294 0.3086128302560062 28798.46508242873 0.6160759821902103 0.5733955485627482 0.609598965373426 0.5846713696622402 0.5853105700242532 0.5568714147971764
1460 935295.0 0.8885085107033592 0.8984827702662733 75.52840494714481 0.3085021087817716 28887.922943826314 0.614521352517085 0.5764121977711252 0.6096370841732447 0.5846151597007815 0.5856350739090053 0.5592011162161786
1470 946730.0 0.8906039171963493 0.9031124792086485 75.35550134576401 0.3083991563262675 28976.241409751747 0.6151219777983079 0.578778836719787 0.6096721335885439 0.584567194112224 0.5864120206052251 0.5608358772312196
1480 951733.0 0.8970050736116627 0.9035311679369079 74.26211361787921 0.30829738944247126 29063.444292099917 0.6146432965544119 0.5781607643892517 0.6097064602513701 0.5845255801984959 0.5883998602055024 0.561504502743457
1490 956286.0 0.8977800961105732 0.9037288785952478 74.18662425579215 0.30820088702534015 29149.911855725954 0.6220838575128934 0.5782413252671534 0.6097430124470709 0.5844654029046356 0.5884403648564711 0.5613916686842134
1500 962110.0 0.9110691787542146 0.9082334198661556 72.01187292104692 0.3081300128306341 29231.070592812528 0.6219736271207734 0.5780697481805948 0.6098246154262604 0.5844225397748951 0.5914137872899164 0.5621317565356418
1510 972723.0 0.9196068187793844 0.9200625759306195 70.61783819933778 0.3080481373728916 29312.40591898842 0.6228499187395019 0.5772113015845217 0.6099058922267357 0.5843771723222888 0.5962449564067794 0.5695609849884692
1520 979377.0 0.9240187601081652 0.9435250552508296 69.85458593505147 0.3080042877558597 29388.00409688815 0.6244337813315876 0.5807244893900857 0.6099954407124119 0.584341580061558 0.5979727453829935 0.5829036436234151
1530 987469.0 0.9260782183294713 0.9462784688643205 69.54194276427914 0.3079591836448555 29463.47354532336 0.6251109769740218 0.5740681290363616 0.6100909402948969 0.5843095948737203 0.5984247732584606 0.5834020819683386
1540 992568.0 0.9436726998743962 0.9476665007033261 66.76731374089576 0.308084591223703 29513.859761772743 0.6223916601825508 0.5713740178420305 0.610179736320943 0.5842342526892436 0.6083310560505496 0.5835899719146125
1550 997329.0 0.9449503198269668 0.9501888112304914 66.62505470201624 0.30818962065561195 29566.722186841303 0.6208544153994828 0.571953544380298 0.6102520427452889 0.5841546159821829 0.6085322624341282 0.5842280743515812
