1 1459.0 0.2591547960864797 0.1935305561458717 885.9402862652107 0.2591547960864797 885.9402862652107 0.5771283037260876 0.5696535081206036 0.5771283057055654 0.5696535095446602 0.25915479608645 0.1935305561458589
10 7383.0 0.2659095746286113 0.195368896207058 830.7002241831028 0.26188730105662117 1715.5456035007562 0.5766678683923298 0.5691825191476001 0.577097851276691 0.5693813483062208 0.2652222814869142 0.1936452423465816
20 13566.0 0.28815629606200965 0.20151580082288276 696.8225698764761 0.26374523458505833 2407.5904351983995 0.5836459367913449 0.5632208791988591 0.5794861664209887 0.5695584633917431 0.2776201946222691 0.195876300800173
30 16602.0 0.29676532350874363 0.2018248702730908 654.275477212906 0.26622144717417806 3053.595730004682 0.5838960745925593 0.5619511041674492 0.5808556533167898 0.5674281489966576 0.2855180110282166 0.19535581162110738
40 21091.0 0.2997840745227055 0.20758877197730244 639.3825385950113 0.2642956596926056 3701.898240568079 0.5795973672957564 0.5638959487355327 0.5806733637605554 0.5662983389703653 0.28781907803894924 0.19860829423295856
50 27782.0 0.29996607997464314 0.211243736520894 639.654984504031 0.26276724896801307 4348.880246747401 0.5909930083948648 0.5738435691083222 0.5806858173961578 0.5660299835783069 0.2872243104396437 0.20192626278447945
60 34826.0 0.30865849415526947 0.22403474797634118 603.9083022285014 0.26197048282428226 4957.929326721475 0.5855019622439689 0.5628042291965873 0.5821481377794547 0.5666381037570725 0.28902064418522755 0.20800536394510313
70 47359.0 0.3149664025512421 0.2367891733784918 584.894531591738 0.2607334008393648 5552.58994021324 0.5835995695002913 0.5673258226031862 0.5826116028272808 0.5664541873586709 0.29142693683999915 0.21616741095901754
80 53742.0 0.3167876789422122 0.23803477866360745 587.1274371053412 0.2598981601856219 6146.0060116824825 0.5846812342505605 0.5662455650932153 0.5827954428997718 0.5665341091505602 0.2919319960644453 0.21743169472054752
90 55610.0 0.32078639041800594 0.24836766430745413 571.394476255362 0.2584081552603561 6731.783098618425 0.5842491129647651 0.5638454097722164 0.5829715783120897 0.5663193174491822 0.2943220382713528 0.2274055011777007
100 63489.0 0.32740689567215286 0.2540961770424254 552.2555597255968 0.2570922210100362 7299.023703091984 0.584785512914859 0.5641875888164959 0.5831386456354517 0.5660900548993549 0.2974906820620054 0.23147257031313148
110 68870.0 0.33131060633735904 0.26075746893650037 538.0766114639632 0.25662380390417777 7842.6986273887605 0.5820994639405523 0.5611135423232458 0.583181938921985 0.565663978339778 0.2991432354106213 0.23565589449136556
120 73190.0 0.3355162006433784 0.2620980851119264 529.7640734223899 0.25665128166640316 8372.135281217752 0.5776267740023167 0.5581662855687461 0.5828027346694592 0.5650436554724854 0.3034018968749171 0.2365673670984316
130 81401.0 0.3545298172580128 0.2629388136850244 468.9937405951365 0.25696876229869015 8835.327820001743 0.5750157858571249 0.5543905124911802 0.5824095864664792 0.5644338795311202 0.32038776884181 0.23718161996591136
140 85988.0 0.3644935362247908 0.26992487504117163 442.9189811606308 0.25693882714445093 9278.903134021173 0.5711042724349251 0.5615787080187132 0.5817145498278093 0.5641065782770789 0.32655061586766343 0.24260093749639045
150 95401.0 0.36464989862095787 0.270145880098007 442.4012569289887 0.2569224419524274 9721.664581898116 0.5712811703119882 0.5614071170634689 0.5810130296572736 0.5639380337129544 0.3259441436087834 0.24243625905174185
160 104981.0 0.36652398942457304 0.2709838037768419 440.43797041601147 0.25694127416248724 10161.687654491281 0.5713916595531948 0.5621303054735369 0.5804144693879772 0.5637945343047058 0.32625309979896483 0.24224848481678016
170 110542.0 0.370738161919132 0.27503186095374915 431.96474719671426 0.25676116978003566 10597.920678874989 0.568830964618685 0.570497632912236 0.5798914266125742 0.5637812380543346 0.3289589363537421 0.2440919580928979
180 121147.0 0.37536893144454436 0.2774471502705131 421.8378099147467 0.2562324049252995 11033.697122551383 0.5658616046099956 0.5703763630082521 0.5791188376161838 0.5641350754402518 0.3306970491595634 0.24455503399828077
190 126360.0 0.37596962004135426 0.28030110844126005 423.9872425519896 0.25567425762517376 11472.346263566647 0.5589329943669578 0.567187080632184 0.5782791164610807 0.5643946274922808 0.33026131359151334 0.2460909253361916
200 131858.0 0.38293050659383665 0.2962745334531814 407.20596048390803 0.25480061101369994 11906.334141688565 0.5583110187153654 0.5691107106073678 0.5772826733246014 0.564578664897039 0.3324128941498763 0.25670948229633844
210 137387.0 0.3922745835277286 0.2982775205520106 386.37138319470864 0.2543910842332186 12306.300352823668 0.5670000831573873 0.5767907124489448 0.5766392340427173 0.5649324774548611 0.33608593899124556 0.2574928870904196
220 141240.0 0.39433015246765524 0.3012055255095401 384.30320365955623 0.2540487908071796 12702.062236048454 0.568957924411304 0.5721536910705204 0.5762381503123637 0.5653163309307846 0.3361951073179677 0.25958067873217433
230 149117.0 0.39494817558571016 0.3179425671361306 383.74043644013534 0.25372889784602054 13096.585049129755 0.5671724018722886 0.5760764126416296 0.5758950957355439 0.5656886017603101 0.3360330580803255 0.2708968233315068
240 162177.0 0.3975173374461551 0.319213776916708 378.4289516147901 0.2535222350059897 13482.14537442835 0.5661473199460724 0.5762981856521628 0.5754928573674114 0.5661185360645966 0.3371495669403764 0.27146321310993055
250 166292.0 0.4010148007590217 0.32179775696819957 373.7641358046871 0.25369586452527154 13850.091411809994 0.566771973249202 0.576670525374978 0.5751359442706623 0.5665330100131232 0.33892377170301025 0.27235006942328754
260 171783.0 0.4011303999843376 0.3221241377871628 373.3772157663865 0.2538795238168186 14217.332171389264 0.5666220719838694 0.5764298946559182 0.5748108825635134 0.5669140688488433 0.3388326007030687 0.2726438352552482
270 179293.0 0.4024398708691061 0.32664547062293553 373.59274307141357 0.2534753963142105 14605.698527677401 0.5642826278969746 0.5817255522827616 0.5744372778743605 0.5673680548526732 0.3391340653483993 0.27528487259381457
280 186656.0 0.40530146722594895 0.34019091193877515 370.46905883003495 0.2531403795669554 14988.57052042465 0.563190049386602 0.5819293613842897 0.5740607980348222 0.5678785954256932 0.3403498366867299 0.2846669942027207
290 192885.0 0.40929533714391036 0.34538383312507315 363.90498111742403 0.2528592476945111 15363.3002210938 0.571370678993412 0.5890184090578934 0.5738938573412979 0.56853357466403 0.34177096301980503 0.2867895639636452
300 197766.0 0.4120461917571223 0.35350798623076685 357.7722076711418 0.2524774328726276 15736.792899062908 0.5704015004436819 0.5917528047591722 0.5737709329663049 0.5692818720800176 0.3433587251688944 0.2902631204558395
310 202589.0 0.4156000073429795 0.354866163827745 351.4844625377188 0.25211913548571485 16103.693498488847 0.5677811390263667 0.5901445034660595 0.5735767547611748 0.5699565321455435 0.34546989977822556 0.29132606405033407
320 213482.0 0.41783844517769714 0.3560672202802653 346.67570289344576 0.2517081329441215 16468.9497044102 0.5701956954229265 0.5918539555691382 0.5734669941872281 0.5706574687167022 0.34595964159652937 0.29224581453380993
330 219779.0 0.4192452767947738 0.3605318904337265 344.5761165540475 0.2513497896863486 16829.923395880753 0.5738573171806404 0.5952386630958021 0.5734059971595212 0.5713372182072284 0.34608100144015846 0.2950757974640544
340 228037.0 0.4196222336224727 0.3655851176550696 343.82771256661437 0.2509405377008534 17192.916902987785 0.5764890037079402 0.5947872906609804 0.5734419622548059 0.5720299124424105 0.34612809318009946 0.2992967232757319
350 233831.0 0.42901320389178843 0.3662248682926898 328.36213280420253 0.2506970685470937 17533.543521714775 0.5769900479690085 0.5929317400309566 0.5735446465265973 0.5726381916030112 0.3508901018358437 0.3001678960928586
360 239732.0 0.43466175472258123 0.37870040763226487 319.73337417390235 0.25035825126923983 17871.64152487533 0.5695973446432249 0.5918432640062121 0.573527625556727 0.573181561280242 0.3526558945319476 0.30787418923944154
370 244415.0 0.4387550023557914 0.38403157625907736 313.40636295086375 0.25007792177536736 18200.762394918456 0.5691407202429373 0.5907640286217675 0.5734242992412631 0.5736675228524698 0.35504529022279246 0.3111944735943258
380 251825.0 0.4467921766385571 0.39285781621447685 302.2229388428643 0.24949094398186142 18539.984871941484 0.5624879703321297 0.5925885860857502 0.5732090202887402 0.574152517754318 0.35945141445784257 0.317089589850443
390 258483.0 0.4473795479901703 0.39326569102957143 302.16977026620907 0.24892990109654964 18877.77279119934 0.5624546771329136 0.5925833598412911 0.5729346306078359 0.5746240146644 0.3594662716075257 0.31753404352178793
400 265917.0 0.4481389536294539 0.40357869406758323 302.47205759492005 0.24837892670762352 19215.447262993912 0.5607409665522257 0.5936578284408192 0.5726704671599433 0.5750861682155508 0.3596768203237336 0.3231370605950007
410 274772.0 0.45126563861185787 0.4149565958155557 297.8910941503583 0.24792861378704 19542.654489687946 0.5660389624735742 0.5953839846284845 0.5723925731903252 0.5754865670336196 0.36141180077996626 0.3284755497009789
420 281078.0 0.4598655988252977 0.4178162034557654 287.06735781962027 0.2474850674352703 19860.521120565096 0.5522638377388923 0.5810145346769834 0.5721277182381694 0.5758930049961297 0.3642714722747485 0.328895762945889
430 285487.0 0.4649064760024355 0.41793185796364013 280.472910737016 0.24715607458028918 20164.398152866706 0.551060699602595 0.5807592060805807 0.5716589318580605 0.576010033955878 0.3675023956165488 0.3290605514864555
440 291198.0 0.466710086421257 0.4188391286644268 278.17071190402396 0.24691843708770525 20459.5268155587 0.5528045314352492 0.5804965705729385 0.5712198481382278 0.5761136382148955 0.36815067448407596 0.3294707667100367
450 297816.0 0.4677986142014422 0.42392025513233933 277.31551303859493 0.24656250950468522 20763.013296853525 0.5581251515543301 0.5840598037175272 0.5708708648284974 0.5762772082442953 0.3682014587294627 0.33159778391010164
460 302663.0 0.47407460544214236 0.42447540647373444 268.41381107489235 0.24617603464226037 21061.63535188513 0.5582842373283942 0.5753815855297808 0.5705961080222609 0.5763440728305614 0.36845626684291705 0.3319263830752306
470 310438.0 0.47753589324756773 0.4254883041593401 264.02806377900004 0.24572178996377483 21362.684683598534 0.5532272095221106 0.5745692172387574 0.5702262968298385 0.5763090640247005 0.3707685424468509 0.33198437992749896
480 318246.0 0.48180194863576603 0.42886024394187816 259.20513330337184 0.2453111566984853 21656.22099876838 0.55188813939268 0.5711613575919994 0.5698526374794541 0.5762216244201239 0.3720349469382584 0.3327037856416728
490 329509.0 0.4828089183900277 0.4312241998907669 258.34491787684453 0.2449963403093028 21940.769909215647 0.5489395649204301 0.5684469668276318 0.5694784984078797 0.5761115750732981 0.37176903195689204 0.3325132728941622
500 336473.0 0.48333196523569627 0.43137553198239204 257.9215778467486 0.24469773738622289 22223.679063435768 0.5489771222265512 0.5684108899074218 0.5690703107038304 0.5759592307633755 0.37190484035730437 0.3325030714181059
510 345820.0 0.4996418069685009 0.432679320232312 241.21437248845527 0.24449078409758648 22483.54750969734 0.5497468475805364 0.5681912965064623 0.5686954474299691 0.5758071928810218 0.3809366269867602 0.33243445843669656
520 349974.0 0.5085070596248067 0.4370685201930062 232.04130986363765 0.24423045985413722 22740.461302570577 0.5606079707440326 0.5738226884416897 0.5685035370780752 0.5757480082907437 0.3813687803063395 0.33286412461984605
530 352722.0 0.5130101824120914 0.4394205050258625 228.96996502947783 0.2440230052472844 22989.440530420834 0.5690626491279941 0.5835835972198289 0.568386051591461 0.5757473668815263 0.38315002161035244 0.3336216817568951
540 360753.0 0.5133625780993126 0.44058240018168676 228.6411955230357 0.24383679713708264 23236.079285558164 0.5691142850269761 0.5835825892552411 0.5683987335287942 0.5758922090090516 0.3835220144301507 0.3341771961010566
550 365399.0 0.5150208659164321 0.4528192358223845 227.4439286732574 0.24366264744298052 23480.47234217739 0.5689969091335982 0.584863315071781 0.5684075074826265 0.576055760806817 0.38527052960124586 0.3436516345560696
560 378038.0 0.5441725355323044 0.47523782874691023 202.55461029137672 0.24364570693062046 23684.849655893726 0.5904963755772638 0.59482571754744 0.568528292783021 0.5762508160487363 0.4015401245127243 0.35152821615760804
570 386585.0 0.5449296847915892 0.47753983579103987 203.0820721571528 0.24361043927773135 23891.720896543105 0.5904658130036324 0.5970453963210566 0.5689229566534889 0.5765903916518056 0.4022126830908314 0.3521121875303285
580 393663.0 0.5462131479472156 0.47860439120286685 201.9143545168237 0.24353572038121818 24101.76416490381 0.5861593110779664 0.5906482599897247 0.5692713289189197 0.5769119166743697 0.40309570067231515 0.35243193929121547
590 401385.0 0.5469748277329256 0.47893168889443816 201.5371046840941 0.243446752785633 24313.02904369212 0.5857412395091484 0.5910337967619689 0.569554455233475 0.5771464336233517 0.403568601882729 0.35248472301544453
600 406301.0 0.5531302749212409 0.4857377610895176 197.1459989772321 0.24340626182797384 24514.66945234631 0.5869513075377437 0.5920383484700589 0.5698393998996497 0.5773921410147184 0.40735178637533176 0.35798586526216614
610 415082.0 0.5555541833989223 0.4881028044999029 196.02337010578333 0.24340087445621794 24711.290544569434 0.5894466086446792 0.5947951730419156 0.570120261877177 0.5776342409460307 0.40808116519471743 0.3591966448552036
620 420111.0 0.5592630901654704 0.5027239643120105 193.46578627276554 0.2433326200456826 24912.502691738493 0.5894415248105901 0.5948065293821356 0.5704314570713881 0.5779107441224136 0.4114485249190265 0.3688515522461977
630 424055.0 0.5603258331452085 0.5042816557253957 192.64042310609184 0.24328406621399296 25110.66609762703 0.5909756807720355 0.5967570599925653 0.5707498749707203 0.5781971378782915 0.4121532721382255 0.37006630290473713
640 429282.0 0.5653536532561203 0.5227463006069231 188.8546612274735 0.24320339392653467 25308.93298740945 0.5888954735264628 0.5993444476072465 0.571052380955175 0.5785059914308034 0.41626451469615394 0.382797883514632
650 434881.0 0.5679316577164015 0.523469077521574 187.3751615515301 0.2431066981752325 25507.712893902153 0.5885492953610545 0.5998051824727242 0.5713230460678977 0.5788375958806166 0.4175584129704801 0.3831772018325477
660 440368.0 0.5707532147164863 0.526738062439448 185.40229639180598 0.24314194049950835 25689.000174361176 0.5922565313511805 0.5985530185095801 0.5716172071144071 0.5791428559664236 0.4202964750047902 0.38448351952235815
670 448905.0 0.5828980495605782 0.5345487955944839 177.3404494767389 0.243264544970483 25851.632702356495 0.6003315841764902 0.603043540282063 0.5720030314974818 0.5794653582345286 0.4226591054682147 0.38683402382131504
680 454045.0 0.592021843787685 0.540684529018938 172.5069868463758 0.24312486980733092 26041.961052275146 0.5945334664621121 0.6044891088408623 0.5723215816611649 0.5798149967006888 0.4258558677189407 0.38911546451614065
690 459481.0 0.5930787107316925 0.5421688355704578 171.97100442697717 0.24296542958636655 26234.435615908715 0.5963911237102285 0.6068976203113173 0.5726678833342929 0.5802037735808295 0.42630265121484845 0.38944627615544103
700 465093.0 0.6005363256668766 0.5609177694151352 167.66270362710085 0.24282388365233643 26420.675123583565 0.5891267973872822 0.5879659720459981 0.5729543930554359 0.5805032919626981 0.4297928977530994 0.3960643792226127
710 471846.0 0.6025304179845514 0.5678711947273513 166.7434460048091 0.24269566276127216 26604.321290205095 0.5938338313944247 0.5960920217606461 0.5732346915190873 0.5806846351535117 0.4305766594364573 0.39906657496502773
720 475673.0 0.6040142690086805 0.5702470251857629 165.73780155152082 0.2425561147319523 26788.62319282008 0.5850350579233435 0.5854092825533825 0.5734452678531664 0.5808135964407145 0.4312852507596271 0.40017422040961187
730 480851.0 0.6053578872514117 0.5717931408770619 165.08800077266318 0.24249200808318025 26962.183097585174 0.5852119781363092 0.5847721661473786 0.5736054067127057 0.5808718691528336 0.4317168817751667 0.4012492949340353
740 487939.0 0.6138863385876687 0.5784596558556985 160.01306921653207 0.2424004546631006 27134.67783694104 0.5904769327217736 0.5877757802641794 0.5737812567434355 0.5809319040064046 0.4346536670056883 0.40326942038668406
750 494176.0 0.6208545567411551 0.5834747103602912 155.9977051521934 0.24248204820991387 27279.607624859218 0.5898460392104266 0.5821512786740483 0.5740299292889952 0.5810348775486985 0.43872238359111765 0.4049886991972699
760 501129.0 0.6209039345748141 0.5835716212481876 156.21642386021364 0.24249458664424733 27434.109492187774 0.5893690936342483 0.5817310450686128 0.5742371275255715 0.581048995324605 0.43893020567002666 0.405240663963628
770 505325.0 0.6314427739202588 0.5844045523536482 150.65370329701656 0.24271537008172955 27554.702143061288 0.5938185912978255 0.5815071567992849 0.5744855139129476 0.5810554119666966 0.4453036107528015 0.40569151362410577
780 512494.0 0.6396451212953081 0.595430359122529 146.99040763960718 0.24285849042922877 27681.66420142947 0.5982869543980294 0.5842725166841869 0.5747487379444653 0.5810863815409121 0.4496695337177266 0.4098223293187463
790 520669.0 0.64790446426166 0.5996964286891148 142.9015668058471 0.24305993933431846 27796.07774753323 0.5995521288400465 0.5876897980131645 0.5750510064023456 0.5811360488746178 0.4540518181896221 0.41336321421051153
800 526645.0 0.6509440483319955 0.6081357484060075 141.75347769212783 0.2431734292230309 27921.527083839388 0.5984646188978787 0.5795107940454779 0.5753697907102948 0.5811801074512482 0.4551390879720955 0.4171938934313237
810 531582.0 0.6542905158301228 0.6082710253507435 140.39539983285863 0.24341000746156907 28028.417898044034 0.5991504904133724 0.5798337317041081 0.575664383414628 0.5811640250527107 0.4570612474228261 0.41735563317140134
820 534561.0 0.6601193805765091 0.6312565101863118 137.5996212237186 0.24351788124618406 28150.24898460301 0.6031643530833711 0.5870582823134147 0.5759671737109204 0.5811934148368328 0.460349655934296 0.42764328931780465
830 541373.0 0.668606702942194 0.6334070415132692 134.00687561418644 0.24358693693698866 28273.930730961485 0.6021886974282417 0.5848414195814433 0.5762759341017949 0.5812418676197403 0.46417004339636825 0.430176378782885
840 549442.0 0.6687791968898247 0.6334708959360027 134.0047594202975 0.24361256068871234 28404.084032571445 0.6019567339082537 0.5845917472948006 0.5765839778242102 0.5812844868411147 0.4644992920578803 0.4305118790594594
850 554346.0 0.6690554089715203 0.6337375770739476 133.88785651679217 0.24363714975214829 28534.274711779748 0.6015940419902261 0.584604745954388 0.5768813692399343 0.5813238249926096 0.46491688208428594 0.43089539479324196
860 567629.0 0.6787139777881294 0.6385210339866325 129.88153120896396 0.24371116753648386 28652.882339553034 0.6053681743799761 0.5869495354999521 0.5771815211826468 0.5813701124491585 0.46734115854063085 0.432074347328673
870 577439.0 0.678905924060042 0.6397558669097453 129.83118194527594 0.24369260787969252 28785.577587491884 0.609460579660767 0.5887023820686246 0.5775284654982945 0.5814440974441075 0.46781408170433475 0.43262619042761885
880 586212.0 0.6823484330457458 0.6404497035183616 128.5029280845106 0.24370580369662448 28912.03968858111 0.6095892643253193 0.5836827216491218 0.5778640810630589 0.5814989244200506 0.4690853973603385 0.4329049967028506
890 592942.0 0.6857844191488215 0.6415768384157059 127.23920523588208 0.24368677764115243 29042.254314004233 0.6020606756571483 0.5772785491685539 0.5781781036221897 0.5814947367107057 0.4711442009732401 0.4335308861734911
900 599713.0 0.699384223507484 0.6486714156669859 121.94105013839757 0.24373653038008225 29156.27628850085 0.6114175612819446 0.5777049290993871 0.5785242373991919 0.5814700256246671 0.4768888107797266 0.4362962432447733
910 607350.0 0.7042498926832524 0.6537531482562815 120.13690970848701 0.24377337820769482 29270.486006881438 0.6104108332541011 0.5771899328249388 0.5788821636422513 0.5814184607518864 0.4781676844456205 0.43891049295231765
920 615576.0 0.7129791621670711 0.671089511861619 117.03264168060949 0.24385909464763558 29373.61314793355 0.6158355225174459 0.5845012424489628 0.5792882043371588 0.581469041246249 0.4798275471158599 0.44657209633454614
930 621435.0 0.7232994289043639 0.6883387610277674 113.53084216620309 0.24389662075052548 29480.91003695254 0.579116216120437 0.5662745679692018 0.5794141409904627 0.5813794525364663 0.48572462240847664 0.45716375050637026
940 629877.0 0.7237171370187343 0.6889413211834426 113.52583709480186 0.24394734630053921 29586.032017138652 0.5790677690310975 0.5668639733110951 0.5794103173815941 0.5812246734258516 0.48583268339606184 0.4572955000095641
950 633051.0 0.7246189317599491 0.6907549417593003 113.23971596827387 0.24399009964135399 29692.175772646435 0.579925882879121 0.5665054423793553 0.5794109789754 0.5810702236592589 0.4858452291385639 0.45839828194560495
960 637799.0 0.728602734483436 0.7091878315720703 111.79085293943055 0.24403680718769094 29796.162684510917 0.577018136066998 0.5704533394388592 0.5793900212599163 0.5809184454619135 0.48516415863572093 0.4646946758498714
970 643394.0 0.7306613704985705 0.712344366744768 111.22468647582583 0.24410747254773663 29895.59786753388 0.5800095773602549 0.5757330973839858 0.5793706789519918 0.5808197391507796 0.485944202291352 0.46599747170893363
980 646383.0 0.732494484597845 0.7197015930634842 110.9687647753446 0.24416641337088407 29996.720054528756 0.5799272115474742 0.5756172267544004 0.5793744437018681 0.5807644705260026 0.48651082541661245 0.47085626006467424
990 652719.0 0.733095506886597 0.7221515969224793 110.74557520638393 0.24423364842094383 30096.2439835175 0.5769728694514911 0.574986749470508 0.5793500733619061 0.5807052759132546 0.48681838826437057 0.4722973806357689
1000 657646.0 0.7341036862276908 0.7239173758270786 110.66105752141402 0.24431835705747373 30192.82121789988 0.5748874184287832 0.5727740521825733 0.5793177200650564 0.5806394363061962 0.48691986904999895 0.4732188151653047
1010 663394.0 0.7350732458584798 0.7260765598293983 110.35118087173227 0.24442737074128237 30285.11101468662 0.5754347029446321 0.575571177865503 0.5792805872289671 0.5805872211723415 0.4872753960180397 0.47397664014896
1020 668746.0 0.7363878885662112 0.7277675227323721 109.82878847428111 0.24447485765039625 30386.982407316904 0.57534320244532 0.5771587939654936 0.5792424745523806 0.5805444221447166 0.4878882028590437 0.4745925124428157
1030 672239.0 0.7370713917491889 0.7289970570119578 109.6791889437044 0.24445921801510495 30499.308955278768 0.5689389808058075 0.5751159426631494 0.5791668387081201 0.5805019361490621 0.4879091782860619 0.4750068092018585
1040 679611.0 0.7483344182695575 0.7364739926609922 106.0998324973651 0.24449527222772233 30599.23200105314 0.5703483723559823 0.5743463626880575 0.5790803083299193 0.5804411600550868 0.49418391476904194 0.47913657992878406
1050 683848.0 0.7496779915782764 0.7383577960915477 105.74228444972657 0.24451337645743074 30701.859750524585 0.5709877643475944 0.5741061399735657 0.579003342262728 0.5803809196815981 0.4949620131531788 0.4801457423373705
1060 688837.0 0.7514210877043275 0.7426464993451006 105.64610593801837 0.24450133344311115 30809.58643514054 0.568481642818635 0.5730769272223124 0.5789057686503573 0.580310968227367 0.4955623497222734 0.48251317689790285
1070 692167.0 0.751644586900243 0.7428966711451847 105.66452719779446 0.24448292242207528 30918.434747766412 0.5678188227444657 0.5722172172533156 0.5788053171361363 0.5802393926108083 0.49548977035802777 0.4828768927160698
1080 697916.0 0.7528357602419697 0.7456206760056829 105.26400977904021 0.24442728543154413 31033.40436079287 0.5670939615478248 0.572745375143156 0.5787088694207796 0.5801692062594794 0.4954781411954577 0.48461093773208425
1090 706099.0 0.755685639831213 0.7567311932131133 104.54936425263378 0.24444940173222288 31134.127485729423 0.5703804077914271 0.5767160631652861 0.5786275396753537 0.5801225507220797 0.49651659245412644 0.49349671460716354
1100 709318.0 0.7798145839256813 0.7755054436873684 97.88440923254699 0.24461124838976395 31203.5761127281 0.5733927890139932 0.5819629992574274 0.5785725288314372 0.5801317763280215 0.5163549778339178 0.5104363809396668
1110 715436.0 0.7798632592109993 0.7755580653093989 97.93318869966697 0.2447429885571816 31278.319709884414 0.5733655093922791 0.581944967220306 0.5785257201418522 0.5801480470593743 0.5163792328619482 0.5105561342380969
1120 725715.0 0.7854314814568712 0.7846621251516285 96.45341447001435 0.24480272813426654 31364.064517622726 0.5678573349754035 0.5805248559193005 0.5784635014948446 0.5801579212143777 0.5177087203142529 0.5147308598640778
1130 729131.0 0.8120791449241387 0.7858680044171752 89.59138571755494 0.24490292154740784 31435.097642540586 0.5807305355880207 0.5667673103787947 0.5784113947243855 0.5801257397104386 0.5253245761616192 0.5159478956833834
1140 737621.0 0.8178443765947395 0.7865278407480969 88.20066379403258 0.24501650868874483 31502.163210315546 0.583075722273119 0.5659590743631664 0.5784481666377617 0.5800030011766625 0.5251286032597213 0.5155715924923183
1150 744692.0 0.8195637269323538 0.791828999688089 87.78015897275907 0.24512482337762928 31569.759474282597 0.5826432359006586 0.5668485885235663 0.5784871447070298 0.5798866922631181 0.525746850132438 0.5159582091459093
1160 749956.0 0.8240143596936081 0.7926340591587792 87.01280487463279 0.24520548459116073 31641.64748102839 0.5818393152475292 0.561772990126027 0.5785186854844148 0.5797559392119903 0.5271571757017506 0.516408414343921
1170 759693.0 0.8259714176545765 0.7928371437807652 86.62603605628374 0.24530620856950472 31709.426024702698 0.5844247944565729 0.5592057835719249 0.578558984464897 0.5795969932852947 0.5281485673933648 0.5162587891665397
1180 768756.0 0.8262080173590971 0.7934008994013471 86.5684044296476 0.2453507763035205 31787.595310075165 0.5844153852606104 0.5592012226024329 0.5786085956889078 0.5794243056640119 0.5281972156869815 0.5161264504707482
1190 776475.0 0.8272235483757094 0.7954938949790079 86.38525154992863 0.24551586361781327 31843.423872543466 0.5848292814140548 0.5586722616799706 0.5786600793684611 0.5792490515862386 0.5290873783750081 0.5173628516739915
1200 782246.0 0.8275865324772747 0.7969162863181015 86.54189138615583 0.24565160931445715 31904.827390105525 0.5847698218994384 0.5591010534515732 0.5787113273022311 0.5790783847524569 0.5292920997472168 0.5184787448947803
1210 787161.0 0.8319204028086733 0.8033653133489566 85.63042632708854 0.24560814441295037 31998.758909553668 0.5872527386006788 0.563541230246502 0.5787709631698039 0.5789261258099984 0.5302703687205513 0.5206080922517768
1220 796267.0 0.8373970742479991 0.8065226001170896 84.49845168870432 0.24555139497446593 32094.19281594354 0.5873574586703991 0.5637392157989864 0.5788407289858272 0.5788011780038622 0.5321064204946329 0.5222470476202241
1230 808079.0 0.8548897517513342 0.8124940011856597 80.93323334743468 0.24558498239768312 32168.60423476884 0.6055221528972197 0.5742650011915251 0.578976074468299 0.5787088086198733 0.5378062339174918 0.5253475333993237
1240 812288.0 0.8577707092589003 0.8173053933573988 80.38998223370724 0.24563863263291272 32238.580682984724 0.6076850867814592 0.5755755059019603 0.579201085740049 0.5786800237629757 0.538597848297299 0.5274174004072457
1250 819321.0 0.8586236365844863 0.817704523602938 80.23538371263504 0.2456931145256868 32308.24186523189 0.6071337223652883 0.5752794892061629 0.5794250249848268 0.5786531501789991 0.5391451547572095 0.5276288958625862
1260 823328.0 0.8635560071147791 0.8180415084544325 79.15443932772588 0.2457145239304843 32383.196473794917 0.6095036909888946 0.5728625405697084 0.5796445141339995 0.5786221205980128 0.5396368798141188 0.5276240147651153
1270 828309.0 0.8672482352013798 0.8229910869134165 78.56595915519446 0.24572401540304661 32459.89194518936 0.6050455419317714 0.5746711310232722 0.5798721018231667 0.5785807689320501 0.5421255529210812 0.5309703113493585
1280 832866.0 0.8693333963217174 0.8432335303417995 78.20582113045836 0.24574351051224572 32534.25437598736 0.6031571953266088 0.5772662335824458 0.5800568894738067 0.5785665620858482 0.5429257249832653 0.5403419482694174
1290 837792.0 0.8720191365585334 0.8435788979870358 77.68827881583486 0.24577953523091078 32604.838446023583 0.6035278889179696 0.5742944859882199 0.5802371683279864 0.5785442487834591 0.543907065955451 0.5403697439126229
1300 843096.0 0.8738746466606153 0.844153010615637 77.3233336797495 0.24589360910208846 32659.895765682806 0.6030574377905041 0.5737113301352512 0.5804142884536702 0.5785087284109892 0.5455277456534747 0.5406236337946436
1310 846303.0 0.8781729339755816 0.8491360458903 76.59632385824781 0.2460306870608185 32709.76170038937 0.6026267329876913 0.5671987144055232 0.5805798358581505 0.5784404989157497 0.5465232285727842 0.5417096398259129
1320 856053.0 0.8786032124447274 0.8527580428342298 76.54420574462044 0.24616545855007446 32760.06389645244 0.602669342139787 0.5673893309905335 0.5807469898474252 0.5783565529756796 0.546791962620437 0.5436485936170385
1330 868016.0 0.8791891596224923 0.8621586742535965 76.5206991003999 0.246261565117993 32817.79528025087 0.5964195655614526 0.5646076694443096 0.5808948035371548 0.5782698260891806 0.5472866677625543 0.5469752432983223
1340 872464.0 0.8880996235310067 0.8641776930688729 75.00601596975582 0.2463618072193444 32873.062157421904 0.6052541558661125 0.5655484154076912 0.5810408722444877 0.5781699287785542 0.5496123721079891 0.5462889291161632
1350 877674.0 0.895061304162964 0.8680871421372217 73.76748563029798 0.24646828044085195 32925.750970565336 0.6057727543569882 0.5626080953123194 0.5812164082657753 0.5780697797445097 0.5529175363669407 0.5465561983346786
1360 881955.0 0.8951629669192607 0.8699941703994852 73.75508126901684 0.24662601446089794 32968.58114817448 0.6062071882127499 0.5633904578440514 0.5813974742616903 0.5779573249667752 0.5531442783475601 0.548127539446969
1370 889548.0 0.8958621381530701 0.8816612070749216 73.62932420578457 0.24676064816580867 33015.7570331176 0.5997145899370965 0.5550965753626638 0.5815526056308905 0.5778043859579036 0.5532392345709161 0.5505429869162256
1380 896766.0 0.897119313326848 0.8823322785704067 73.5232290409551 0.24688488838769648 33064.867741230635 0.6008763068798693 0.5547584513695382 0.5816845211202958 0.5776376998484066 0.5534768426341544 0.5506061367365451
1390 903439.0 0.9014743334329524 0.8867852995120438 72.89852822119873 0.24701111019050148 33112.92542470262 0.5969802900726697 0.5500307563691446 0.5818183112966344 0.5774668766172928 0.5545322662899542 0.5519920147859473
1400 909146.0 0.9026654235273509 0.8884136273233548 72.80891987546772 0.24711572488163855 33165.10542333825 0.5976248528288273 0.5513290878666992 0.5819289271958091 0.5772759444208792 0.5551457452675639 0.5530419609323063
1410 917989.0 0.9028998747659943 0.8894194692669407 73.05010768716195 0.24722068604460246 33217.54056180359 0.5980134634512809 0.5519541475445239 0.5820403639950363 0.5770927521708058 0.5553509827268365 0.5536347451949065
1420 926341.0 0.90516880919909 0.8909543008454125 72.73853877475163 0.24738631310269837 33258.07898366451 0.6007798801366154 0.5517432649292191 0.5821717299677507 0.5769153510697068 0.5562855446797171 0.5540827970212538
1430 932565.0 0.9063541884624965 0.8930875783046486 72.4984940882878 0.2475408113783428 33300.504462014665 0.6000383768168068 0.5512737329092743 0.5822956218091114 0.5767361032538925 0.5570683626241092 0.5544759073899785
1440 935814.0 0.9066700972742728 0.8932353811860275 72.44701247262739 0.24769325654949448 33343.32662122176 0.6063726429064414 0.5492964967304181 0.5824223395126386 0.5765575849343643 0.5573579430281408 0.5543134992712873
1450 946386.0 0.9243621262103352 0.8988745783960258 69.73808579730343 0.24787765655646063 33376.85026923796 0.6069307258811246 0.5506817392188396 0.5825883665821154 0.576373445110689 0.559925293507148 0.5558077849592352
1460 951036.0 0.9301835307045008 0.8992385705568131 68.82420554737008 0.24807279497766727 33407.281538942814 0.6087399025214247 0.5524815743875392 0.5827612508535308 0.576203953645044 0.5622336930333713 0.5558380456250824
1470 955083.0 0.9311481808024951 0.8995849390307193 68.71059339519964 0.24828811214148028 33433.87279569764 0.6083980887992763 0.5503101519072071 0.5829360500418831 0.5760317743107687 0.5624897000987636 0.5557574778050378
1480 961218.0 0.9460751166399575 0.9148706206949282 66.55436515451291 0.24857089542318725 33445.08626955693 0.6125399493282025 0.5426666898493108 0.5831319501320998 0.5758212266620593 0.5666502663087213 0.5638027351907987
1490 965659.0 0.9470178855800122 0.9213032151938637 66.43874012628032 0.24888264930097997 33451.034206535944 0.6127696756860653 0.5436047779061811 0.5833292280141201 0.5756023864181627 0.5676550874453049 0.565492058215749
1500 972723.0 0.952499605467965 0.9333522409635043 65.68169747002628 0.24921475087911182 33452.44515531369 0.6147906357441439 0.5460693926598676 0.5835309657338349 0.5754006209360137 0.5712103070529876 0.5726152392711618
1510 979377.0 0.9611110525091158 0.9354807657571836 64.42584806098492 0.24960746287968694 33441.31026236277 0.6156092302694054 0.5437558781515682 0.5837394973890874 0.5751961891797663 0.5768874127310738 0.5737432315640066
1520 986380.0 0.9636092602623375 0.9357365464624763 64.07561477823421 0.24999481909698512 33431.007464668175 0.6165292751598981 0.5437050185465087 0.5839500898966788 0.5749893020514241 0.5772047009012937 0.5734914116229588
1530 992218.0 0.9726213639100502 0.9374678349257283 62.77944454079207 0.2504352395857826 33409.596513864424 0.6160659226048688 0.5442601341064269 0.5841607704588384 0.5747896362294684 0.5818513183081936 0.5736455372288305
1540 997329.0 0.9740823948035949 0.940084677082167 62.630203837028056 0.2508613808539287 33390.998639623926 0.6146913949755903 0.5457132106315847 0.5843638113084272 0.5745973409689291 0.5825518191353687 0.574586911694829
