1 740.0 0.29486338741794854 0.16985422918214574 50 0.29486338741794854 0.16985422918214574 50 0.29486338741794854 0.16985422918214574
2 748.0 0.29486338741794904 0.16985422918214765 71 0.29486338741794854 0.16985422918214574 50 0.29486338741794854 0.16985422918214574
3 1118.0 0.29486356889400317 0.16988812972117537 74 0.29486338741794854 0.16985422918214574 50 0.29486338741794854 0.16985422918214574
4 1216.0 0.2949394911687132 0.1700314404260865 86 0.2945450971517664 0.169637328965023 50 0.29478381485140304 0.16980000412786506
5 1332.0 0.3053127389867217 0.17104588901744924 88 0.2862435144343548 0.17059274758445825 50 0.2930757547679934 0.16995855281918368
6 1511.0 0.3053127497109125 0.17104589299768042 97 0.2862435144343548 0.17059274758445825 50 0.29193704804572035 0.17006425194672944
7 1815.0 0.30540031249601635 0.17106762665636188 115 0.2865153782890885 0.1707481060185253 50 0.2911625237947729 0.17016194538555743
8 1865.0 0.30540031249601635 0.17106762665636188 115 0.2865153782890885 0.1707481060185253 50 0.2905816306065624 0.1702352154646784
9 1933.0 0.30540031265314743 0.17106765602636076 121 0.2865153782890885 0.1707481060185253 50 0.29012982479350974 0.17029220330399472
10 2036.0 0.30540046504073404 0.17107154180758802 129 0.2865153782890885 0.1707481060185253 50 0.2897683801430676 0.17033779357544776
11 3098.0 0.30540103067408914 0.17107194209497634 157 0.2865153782890885 0.1707481060185253 50 0.2894726527017968 0.17037509470663662
12 3162.0 0.3054212560763403 0.17114361482981608 169 0.2865153782890885 0.1707481060185253 50 0.28922621316740443 0.17040617898262733
13 3187.0 0.3068427360642675 0.17176688866303827 205 0.28773771884030397 0.17028801162575685 50 0.28911171360378135 0.170397089185945
14 4460.0 0.3068499039306439 0.1717698630596024 211 0.28773771884030397 0.17028801162575685 50 0.2890135711206758 0.17038929793164587
15 5739.0 0.3068499039306295 0.17176986305960823 305 0.28773771884030397 0.17028801162575685 50 0.28892851430198435 0.17038254551125326
16 5932.0 0.30816279130892266 0.17305440254296234 341 0.288939894272836 0.17201234924949754 50 0.2889292255501626 0.17048440824489353
17 6006.0 0.30817359800039024 0.1731230410394776 361 0.28883286606150305 0.17127778830770507 50 0.2889235573449473 0.17053107766035303
18 6137.0 0.3103996978209057 0.17566884012244807 365 0.28883286606150305 0.17127778830770507 50 0.2889185189403115 0.17057256158520595
19 6495.0 0.3103997920318858 0.17566897360777808 513 0.28883286606150305 0.17127778830770507 50 0.2889140108940584 0.17060967878112696
20 6755.0 0.31039981809728995 0.1756689977671982 514 0.28883286606150305 0.17127778830770507 50 0.2889099536524306 0.17064308425745586
21 7340.0 0.31039982124549725 0.17566901742812252 536 0.28883286606150305 0.17127778830770507 50 0.2889062828147674 0.1706733082598487
22 7637.0 0.3103998212454863 0.17566901742811106 604 0.28883286606150305 0.17127778830770507 50 0.288902945689619 0.17070078462566035
23 7994.0 0.3106507195687503 0.175890468730177 606 0.28911006657847327 0.17206529611581942 50 0.28891195094565614 0.170760111212189
24 9073.0 0.3106510498922568 0.17589219908760767 742 0.28911006657847327 0.17206529611581942 50 0.2889202057636902 0.17081449391650694
25 9566.0 0.3107396522609852 0.1763562896223963 830 0.2862572631672564 0.1714352424000624 50 0.2888136880598329 0.17083932385584916
26 9568.0 0.31073876166658015 0.1763560030492915 1030 0.2862572631672564 0.1714352424000624 50 0.28871536402550296 0.17086224379985737
27 9612.0 0.31073998681295995 0.17635649580254975 1310 0.2862572631672564 0.1714352424000624 50 0.2886243232529753 0.17088346597023532
28 9799.0 0.31691828352188495 0.17657707466757436 1326 0.2862572631672564 0.1714352424000624 50 0.28853978539277103 0.17090317227130059
29 10212.0 0.3169708473955908 0.176616547685574 1902 0.28646429646599203 0.1714387837165814 50 0.288468216809089 0.17092164163148268
30 10231.0 0.31811717400602 0.1772965047205745 1962 0.28641742624989047 0.16879796101440533 50 0.2883998571237824 0.17085085227758012
31 10260.0 0.31813760235464217 0.17731956760365022 2028 0.28641742624989047 0.16879796101440533 50 0.2883359077407536 0.17078462997876803
32 10265.0 0.31813811088985444 0.17731983383824482 2377 0.28641742624989047 0.16879796101440533 50 0.28827595519416416 0.1707225465736317
33 10340.0 0.31813820620186295 0.1773190546282631 2473 0.28641742624989047 0.16879796101440533 50 0.28821963613524676 0.1706642257991097
34 10570.0 0.32191186376199776 0.18132330101713134 2665 0.29077918676861203 0.16866079753576696 50 0.2882949170362281 0.17060530143842315
35 10947.0 0.3227437155953465 0.18171073920354253 3049 0.2912904535302861 0.1690743365675386 50 0.2883805037932012 0.1705615595849693
36 11156.0 0.3227443502447415 0.18171096353758867 4681 0.2912904535302861 0.1690743365675386 50 0.2884613357303424 0.1705202478344851
37 12603.0 0.3227454587068656 0.18171169369456122 7657 0.2912904535302861 0.1690743365675386 50 0.2885377983735841 0.17048116915159467
38 12910.0 0.3227463566274792 0.18172868452336485 8681 0.2912904535302861 0.1690743365675386 50 0.2886102366671815 0.17044414724148793
39 13346.0 0.32274629565168295 0.18172865116393652 9908 0.2912904535302861 0.1690743365675386 50 0.28867896017649186 0.17040902389087384
40 13545.0 0.32274628952488676 0.18172866864934512 17172 0.2912904535302861 0.1690743365675386 50 0.28874424751033667 0.17037565670779045
41 14677.0 0.32281034192699876 0.18173752466210435 17430 0.2912904535302861 0.1690743365675386 50 0.2888063500961891 0.17034391719217454
42 15765.0 0.32281022412003835 0.18173754252001215 19150 0.2912904535302861 0.1690743365675386 50 0.28886549541604856 0.17031368908206415
43 16276.0 0.3228103075515213 0.1817374406429693 26672 0.2912904535302861 0.1690743365675386 50 0.28892188979079825 0.17028486693056355
44 16465.0 0.32281026442609295 0.18173761417812295 26936 0.2912904535302861 0.1690743365675386 50 0.2889757207848775 0.17025735487685845
45 16634.0 0.3228103577468621 0.18173746651145858 27584 0.2912904535302861 0.1690743365675386 50 0.289027159290331 0.17023106558109577
46 17883.0 0.3228106453651995 0.18173791892510457 28508 0.2912904535302861 0.1690743365675386 50 0.28907636133902564 0.17020591929819237
47 18225.0 0.32281076709458256 0.18173790858842767 28652 0.2912904535302861 0.1690743365675386 50 0.28912346968352054 0.17018184306988057
48 18358.0 0.3228107188589972 0.1817377335463808 30164 0.2912904535302861 0.1690743365675386 50 0.28916861518032816 0.17015877001774846
49 20099.0 0.32285739151089904 0.18193409770000532 34388 0.29146320410463766 0.169862783943447 50 0.2892154435257222 0.17015272948561985
50 20579.0 0.32286076071747255 0.18194354213064268 36692 0.29146320410463766 0.169862783943447 50 0.28926039873730053 0.1701469305747764
51 21130.0 0.3228939689929373 0.18195590655888474 37276 0.29146320410463766 0.169862783943447 50 0.28930359099940517 0.17014135907220132
52 21453.0 0.32289407383043944 0.1819563258625207 39628 0.29146320410463766 0.169862783943447 50 0.28934512202065965 0.1701360018581868