1 104.0 0.29526953869032857 0.16991878231112886 50 0.29526953869032857 0.16991878231112886 50 0.29526953869032857 0.16991878231112886
2 740.0 0.2952697895295144 0.16991879546030256 75 0.29526953869032857 0.16991878231112886 50 0.29526953869032857 0.16991878231112886
3 748.0 0.29526981420276766 0.16991880079311258 96 0.29526953869032857 0.16991878231112886 50 0.29526953869032857 0.16991878231112886
4 1118.0 0.2952708364581593 0.1699595593959187 99 0.29526953869032857 0.16991878231112886 50 0.29526953869032857 0.16991878231112886
5 1216.0 0.29530603376449865 0.17008107482054188 111 0.29492766555884686 0.16974104412317234 50 0.29520116406403224 0.16988323467353755
6 1223.0 0.3056670413557309 0.17109664072780054 113 0.2866097792810686 0.1706956288413111 50 0.29376926660020497 0.17001863370149983
7 1332.0 0.3056670974575446 0.17109664865084181 120 0.2866097792810686 0.1706956288413111 50 0.29274648269747117 0.17011534729290143
8 1379.0 0.305667113500228 0.17109665133695548 138 0.2866097792810686 0.1706956288413111 50 0.29197939477042084 0.17018788248645264
9 1511.0 0.3056671598385449 0.17109666544695165 206 0.2866097792810686 0.1706956288413111 50 0.29138277082715947 0.17024429874810357
10 1815.0 0.3057673537408733 0.1711175552181292 278 0.28688288974013765 0.1708423585259202 50 0.29093278271845724 0.17030410472588525
11 1865.0 0.3057732922542339 0.1711196718379096 502 0.28687963285439794 0.17086926328729793 50 0.29056431454899734 0.17035548277692275
12 1933.0 0.3057735171931736 0.17111871301843043 514 0.28687963285439794 0.17086926328729793 50 0.29025725774111405 0.17039829781945404
13 2036.0 0.3057725074866107 0.1711241240961496 546 0.28687963285439794 0.17086926328729793 50 0.28999744044213593 0.1704345259323651
14 2810.0 0.3057739670295772 0.1711245778261006 658 0.28687963285439794 0.17086926328729793 50 0.2897747399001546 0.1704655786005746
15 2837.0 0.30577940224381744 0.1711245221345687 684 0.28687963285439794 0.17086926328729793 50 0.28958173276377086 0.17049249091302282
16 2848.0 0.30577964247408324 0.17112528225040521 1260 0.28687963285439794 0.17086926328729793 50 0.2894128515194351 0.170516039186415
17 3098.0 0.305779677899459 0.17112475877139235 1964 0.28687963285439794 0.17086926328729793 50 0.28926383865678584 0.17053681707470222
18 3162.0 0.30580024360296854 0.17119628564726017 2114 0.28687963285439794 0.17086926328729793 50 0.2891313827788754 0.17055528630873532
19 3187.0 0.3068958604600768 0.17178370300148654 2258 0.28791284902723 0.1703642084471599 50 0.2890672494235257 0.17054522957917873
20 4460.0 0.30690320254150555 0.1717865392208696 2312 0.28791284902723 0.1703642084471599 50 0.2890095294037109 0.17053617852257777
21 4945.0 0.3069766185928785 0.1717870846678565 2688 0.28794300208035645 0.1704698582696399 50 0.2889587423883131 0.170533020415295
22 5739.0 0.30697651484521027 0.17178680740679686 3260 0.28783150394946555 0.17045468654961496 50 0.2889075042774564 0.17052945978503684
23 5932.0 0.3082379218117558 0.17307727801828285 3692 0.28894212326779645 0.17201313889624192 50 0.28890900945094944 0.17059396757248052
24 6006.0 0.3082710495863312 0.17318524047854017 3852 0.28894922041968746 0.17169563979269264 50 0.28891068490798016 0.170639870581656
25 6031.0 0.31049728082894273 0.17573115073150208 3892 0.28894922041968746 0.17169563979269264 50 0.2889122263284485 0.17068210135009745
26 6137.0 0.3104972115046681 0.17573122370521993 5364 0.28894922041968746 0.17169563979269264 50 0.2889136491781115 0.17072108359788957
27 6495.0 0.3104973403981215 0.17573118852634945 7732 0.28894922041968746 0.17169563979269264 50 0.28891496663150323 0.17075717827177114
28 6755.0 0.31049752170832556 0.1757310638941371 7748 0.28894922041968746 0.17169563979269264 50 0.2889161899810812 0.1707906947546612
29 7340.0 0.31049737916508585 0.17573117189106083 8100 0.28894922041968746 0.17169563979269264 50 0.2889173289617228 0.17082189975597262
30 7637.0 0.31049743980139816 0.17573123900082394 8712 0.28894922041968746 0.17169563979269264 50 0.2889183920103216 0.17085102442386327
31 7994.0 0.3106909919076388 0.17589853563622995 8744 0.2891300369842122 0.1720819505958634 50 0.28892521926754383 0.17089073171973426
32 9073.0 0.3106928355625636 0.17589879267296774 9968 0.2891300369842122 0.1720819505958634 50 0.2889316198211897 0.1709279573096133
33 9566.0 0.3107701731461653 0.1763816972967103 10760 0.28648251024068366 0.17153131603366606 50 0.28885740437935614 0.17094624090731186
34 9568.0 0.3107702637773189 0.17638174000324378 12560 0.28648251024068366 0.17153131603366606 50 0.28878755455174815 0.17096344899926344
35 9612.0 0.310770917753632 0.1763822874248331 17040 0.28648251024068366 0.17153131603366606 50 0.28872169614286053 0.17097967377167494