1 1459.0 0.18317702817065434 0.2529170338641056 25877.504605183418 0.18317702817065434 25877.504605183418 0.48149065592929063 0.5404743558475369 0.48149065592929063 0.5404743558475369 0.1831770281706536 0.25291703386410563
10 17350.0 0.1979132577273488 0.25962691960906903 21144.11597002235 0.18794561114763775 46753.92660250169 0.47823013399322273 0.541057171317274 0.47857034120152964 0.5409977739786428 0.19587805124934737 0.2584605596357091
20 43931.0 0.20368297423904713 0.28355264003774544 19905.491353555684 0.1801831934642855 68208.84880637261 0.4734124521801764 0.5438711626217347 0.47638619727404474 0.5419806081937854 0.1987925335967536 0.2806731434316645
30 62418.0 0.20436641745959502 0.2865521654320428 19794.556721477296 0.17449101879836348 89593.37518139374 0.47323586740028306 0.54482016400973 0.47540826373328227 0.5427429372392366 0.19764311899877024 0.2826918266564011
40 80523.0 0.2350046341294073 0.2940993565815237 13120.095997681743 0.17807887365191868 100857.43403737257 0.47369361376962055 0.5467318080509765 0.47520939193767353 0.5434664104917268 0.2161557855216095 0.2888498054448697
50 88764.0 0.26822539302953985 0.30521885697400825 9456.222024634517 0.18265264728402805 106975.18055728647 0.48112227514825373 0.5475739404167236 0.47653508449733556 0.5441702042398168 0.24690625012553716 0.2962972479272962
60 109102.0 0.26853954296896854 0.3058015913510779 9572.727072041087 0.18556723571383912 114578.79816578205 0.4799300605733322 0.5467607098958593 0.477328358077903 0.5447037143849649 0.24839213298158716 0.2969373291394952
70 123647.0 0.270788976059939 0.3063875454790026 9469.3571981181 0.18769139424038084 122653.15146565504 0.48290773535202947 0.5465117554607803 0.4782029506216487 0.5449663469100546 0.250122478276189 0.29733863656672493
80 137495.0 0.2759833856789238 0.31426710235431005 9162.807784463028 0.18907622329064924 130861.60145085561 0.4799652269839508 0.538109566430931 0.478595543002961 0.5446133404947042 0.2546484544146639 0.30390778007822716
90 153007.0 0.27948638885682003 0.3185746754213417 8890.124987666208 0.19018402276312413 138963.03478720092 0.48475105847579053 0.5391045364229978 0.47878027490574765 0.5439371900107026 0.25677302946744857 0.30537606816915713
100 179293.0 0.28376187821905896 0.3311718272488327 8774.24644984085 0.19108702278017012 147090.81313445186 0.490021373596149 0.5408549869373543 0.4794687236643214 0.5435739137952659 0.25905788478140745 0.31366464327926946
110 195562.0 0.29032508804674956 0.335323993591838 8288.12282137133 0.19172319934003287 154869.51770183627 0.48865618082469564 0.5257425054701852 0.480414532930652 0.543230469375428 0.26529113537811844 0.31723568715297
120 204318.0 0.2917802508820628 0.3433391868240882 8213.757573908319 0.19238398698546935 162559.98298346726 0.4885928404568065 0.5256638785900644 0.4810927258449299 0.5417845210779919 0.2668859444782154 0.3236763274759724
130 227245.0 0.3005234221659647 0.34764356757012776 7782.04111768769 0.1938841521165507 169205.68650634566 0.4961784587165199 0.525516208854712 0.4822066760422249 0.540502292829856 0.2716217173608129 0.3265901697120558
140 242226.0 0.30879514015348 0.3510129322907295 7286.251077626656 0.19562102242132362 175110.624921318 0.495924444763388 0.5345384651578857 0.4831897143259239 0.5399563223251642 0.27625529889360795 0.32878590572746397
150 265536.0 0.32126902467378443 0.3529301741516516 6618.086192688979 0.19656974721790316 180765.72764394683 0.49028913932224477 0.5273963277950743 0.4837180195806257 0.5393282054201067 0.28215152272662153 0.32920198348810015
160 286297.0 0.32851907951948667 0.35624956893945947 6330.328590069888 0.1951680975492711 189029.79919750473 0.48632333614038603 0.5260310000383807 0.48406804975336576 0.5385795559464466 0.288170041692412 0.3325131420320933
170 298499.0 0.3307243639848187 0.3570057219900194 6311.262826930097 0.19365685035709682 197551.65692741197 0.4894798804038325 0.5287354850966863 0.4842623997065397 0.5379054933418204 0.28970029001544545 0.3327824612155175
180 310438.0 0.3350415347727177 0.3590596796173283 6082.176306900312 0.19250058099932735 205404.87512429737 0.48458153912362584 0.5202026714839321 0.48434779415656604 0.5370254136832457 0.29118179148349954 0.3329010339688084
190 330317.0 0.336527978487062 0.37114268614880397 6008.109445635672 0.19147075773084066 213045.85418452616 0.4838324834602398 0.5216562323005719 0.48445144903563264 0.5361726661565057 0.29170055097221 0.3371235852065137
200 347419.0 0.3465204335529856 0.39663125182554054 5515.498071307479 0.19033702509670633 220597.0757549727 0.47651666085239897 0.5154512712059891 0.4842955085748002 0.5353888218006141 0.3004992753665551 0.35795532146527614
210 366352.0 0.37279341816058237 0.43048598164334406 4436.58210901036 0.1900138347916451 225689.09923195324 0.47348140065005206 0.518965085315837 0.483696078346069 0.5345948773036319 0.31678929278814527 0.3843555796335673
220 393432.0 0.38747606834138126 0.4353594354779676 4007.415432590742 0.1898184020782951 230119.57354140907 0.47548317603361634 0.5156474941160668 0.4833170157726011 0.5337960569532431 0.32685825546189146 0.3866378099508568
230 414323.0 0.3940129471285789 0.43874166314361046 3831.013725095275 0.18972920484150438 234148.41430415207 0.47371026498057445 0.5248420896881871 0.4829332327293749 0.5332491361108525 0.33135710159137177 0.38707497567070853
240 437629.0 0.4346066568496302 0.4552358705458668 2889.0843778610792 0.19106518379115614 233921.776046553 0.4735193888795412 0.5061415934200482 0.48251489570310563 0.5326932365255888 0.3665487853742266 0.4005025911547049
250 449049.0 0.43942371868958885 0.46378934936301036 2811.4624363108355 0.19230133993571663 233882.12846286388 0.47176515130853525 0.5077462667529522 0.48232392663448576 0.5316939752683223 0.3693006498109063 0.40299978602530556
260 471554.0 0.443044583295807 0.47613052646000226 2746.694419396669 0.19331383161043617 234294.3772661729 0.47091996485094006 0.50018218942607 0.48192922207922134 0.5307340364666565 0.3718602342647934 0.4111199923176665
270 481542.0 0.4443710064125106 0.4771608447134932 2751.411732781237 0.19393305664378377 235609.64824850007 0.46600812254220264 0.4949843101716725 0.48142236886718887 0.5294482724108803 0.37206763260084436 0.4108506705719966
280 496514.0 0.4456419063962761 0.48201848521141755 2750.6044401274057 0.194125700246049 237904.27989293126 0.462686637366335 0.49199410144386513 0.48085235436729995 0.5281927267439533 0.3728422798220682 0.41428532417252467
290 512494.0 0.45347059066195455 0.49620005691084446 2656.718027457297 0.19414832732524623 240505.99006521452 0.45963125235104835 0.49448209461491965 0.48000055872871256 0.5269602903763443 0.3764775646673277 0.41568426586156226
300 530683.0 0.46861591255827206 0.49715095471807336 2459.4082406990983 0.1944604840158792 242197.0126121246 0.4573724305371157 0.49557998074528276 0.4792985706691925 0.5258959659123397 0.38162066707538816 0.4156500646074059
310 547444.0 0.47438185664850674 0.509113815115494 2376.607153500399 0.1943658152990232 244816.48963816094 0.45738729703321895 0.499717073399305 0.4786050845537654 0.5250127901024364 0.3841495947591665 0.4236952871278901
320 572447.0 0.4761931104791964 0.5095373011557367 2357.970391450677 0.1943620906474132 247183.99933322932 0.45821796137793186 0.5082487426889221 0.4779831458633349 0.5245165102092163 0.38508556975609165 0.42324658316236086
330 592423.0 0.4862131203342953 0.5212797522623326 2235.528363962668 0.19469999115072134 248558.41764850376 0.4564697000251897 0.5085154656094008 0.4773254520275015 0.5240611772514642 0.38871755560703847 0.42631366133293436
340 609810.0 0.49345979121654876 0.5556465894445975 2183.0730560112443 0.19488422571853542 250264.42659371445 0.462469219472577 0.5229187108076373 0.47675229355488924 0.5236782972154839 0.3916608952293674 0.44276402823093325
350 619583.0 0.4935702337689348 0.5642779038440721 2191.1131101942215 0.1950321891914343 252073.54382918277 0.45201599633539064 0.518986042331588 0.47624889815971394 0.5236413229440121 0.391360022787908 0.44730730638696325
360 633821.0 0.4937749465876001 0.5650265836500882 2193.0151749979595 0.19528036669287574 253634.59523190145 0.4521226500218479 0.5191334224333733 0.4755782474649001 0.5235132085044883 0.390904048077621 0.44730651813283057
370 649619.0 0.49549559530214266 0.5705092668621883 2180.436743033316 0.19550837872231305 255235.18172378186 0.4500395193060178 0.5218150349131225 0.4749337891212897 0.5233381624051838 0.39132816478095755 0.44916908719503335
380 666095.0 0.5043892459470949 0.581691665289961 2086.0483153878786 0.1953519939708007 257740.73633533544 0.4386915642403266 0.526153611598198 0.47407128552571015 0.5233524126953395 0.3953750864858085 0.4544537753056659
390 682619.0 0.5141880458010154 0.5833683580597655 1976.5046110756684 0.19517807272411103 260197.18508920466 0.43830058093039936 0.5206073383409743 0.47316999460990233 0.5234024077236061 0.3992785426254938 0.45526880903640304
400 697283.0 0.5159299623254173 0.5899914673587102 1980.1332126833663 0.19494556380538774 262824.6877672363 0.4292278533991006 0.5211737983364076 0.47224332157218407 0.5233331891246978 0.39831987350743264 0.4572865725850187
410 713699.0 0.5211998221554727 0.6104605658907605 1943.6868028536576 0.19454815334847833 265907.1356034359 0.4293335469769034 0.522900352417084 0.47120519074384465 0.5233057472709585 0.39835531720661005 0.4694889259171629
420 738057.0 0.522460833354946 0.6120742101632721 1941.2757056791804 0.19423602658366887 268744.5567664646 0.43217458331164965 0.5234658886823175 0.47026097565839253 0.5233126807009086 0.39813635858732865 0.4698734129176841
430 751839.0 0.5397571500369773 0.6251969479353566 1797.4770825247076 0.19436045905418783 270186.395378561 0.4401758091842101 0.5162049475420701 0.4694492945821341 0.5232887340358329 0.40152833403869775 0.4733108613465035
440 765887.0 0.5421816915617265 0.6287557308834321 1783.5041642749545 0.19440163815899075 271851.1672449369 0.4404172113495076 0.514687836900576 0.46878348604339193 0.523143374390939 0.4018655359129621 0.47341260070268465
450 787161.0 0.545818901044404 0.653025827349282 1764.7188744173336 0.19411550867709607 274471.48861684604 0.44455360555398094 0.5220477276244032 0.46821993565879433 0.523051062681763 0.40395942154674946 0.48581628320931497
460 809379.0 0.5875492906948627 0.6783917781883357 1438.9324457735083 0.1938270933843487 276840.1626143662 0.45350034442099135 0.5195491746061474 0.4678959677074976 0.5230220991553509 0.41392728380225996 0.49618936473320735
470 826579.0 0.5897221637384176 0.6864103475494917 1423.9816365048316 0.19358585578028387 279046.49248547613 0.4548747694407597 0.5234635166845464 0.46760538310784683 0.522989479164909 0.41441056278058164 0.501727553645716
480 845300.0 0.6040497954807993 0.6988507656122914 1341.7670932967576 0.19346546806914955 280783.8454449538 0.46377873672607445 0.5275695683938963 0.46745594848461225 0.5230592543218862 0.42087140751459895 0.5092670030124299
490 866109.0 0.6074681197314535 0.7018320111905411 1323.315563869415 0.19327193624153233 282751.2798039396 0.4650368435007069 0.5317056527853481 0.46740091019907254 0.5232185925150894 0.42218610663477263 0.5102811158116035
500 872464.0 0.6168657136440893 0.7022965015533608 1280.9798783853757 0.1930516067097177 284777.18118648505 0.4642642855173722 0.5318270155532273 0.4673519604513813 0.5233871368599937 0.4236281703071188 0.5106314510541385
510 882647.0 0.620470273172813 0.7063044996626473 1268.2765130595121 0.19282785217950876 286808.1258110523 0.44869749675310266 0.5282887122712112 0.4671722324833485 0.5235037017231768 0.42441521506882546 0.5123792700644132
520 894658.0 0.6258135951813147 0.719243861716972 1242.2235118636206 0.1927003068237716 288486.3355559255 0.4488162991652448 0.5156709656146664 0.46685777408367146 0.5233769051441216 0.4248268382967792 0.5157541587569048
530 914594.0 0.6361654785552868 0.7221026353139028 1186.1049045329241 0.1925543010667546 290180.16771994333 0.4500984408597213 0.5141452219449874 0.46655441533497066 0.5232192600797495 0.4301045764368323 0.5168641341450045
540 929071.0 0.638396735683285 0.7225374653753487 1180.7786790455643 0.1923970409846344 291910.8352945204 0.4509236911043329 0.5142162290963672 0.4662531558607659 0.5230513120912587 0.4306236484263537 0.5168946315586715
550 946386.0 0.6463218141657885 0.7245143941914617 1163.193957052932 0.19227874332541406 293489.4308773209 0.4497310758794359 0.5077694619565777 0.4659599866872728 0.5228030337756187 0.4357410536106978 0.5185911621472734
560 958524.0 0.6590276813502531 0.7280653291321622 1106.3365220046778 0.19217269173178844 294973.7710452145 0.4527729187294415 0.5086069868959952 0.46569135908712983 0.5225444849850907 0.43959233079719784 0.5193679833470876
570 976085.0 0.6731884384623714 0.7282863342893109 1039.9283663686324 0.1920559528199655 296437.71904229984 0.4540752791706921 0.5074459543353383 0.4654788017474989 0.5222881957096877 0.4433764502896601 0.5190803544694811
580 990028.0 0.673489204591126 0.7290902172152233 1043.54747338553 0.19193124188863775 297935.3667935305 0.4535680356717805 0.5077445317602667 0.46527545352272603 0.5220367560700759 0.44322177630907894 0.518926283997002
