1 1459.0 0.2075912437243456 0.13442497170985854 17008.07468423012 0.2075912437243456 17008.07468423012 0.46459449471442427 0.4361552031586788 0.464594494714424 0.43615520315867884 0.20759124372434645 0.13442497170985726
10 13686.0 0.22435582811242583 0.1399176578473164 14347.248823279218 0.20824950130807784 31331.515968996067 0.4708852937780266 0.43977602870924437 0.4675984002252896 0.43804471625240365 0.2169646685911269 0.13740787232427892
20 34826.0 0.24027443171033563 0.1573881397319109 11813.940174768251 0.20917315548338802 43049.64383960725 0.47736019554898595 0.44685569272739867 0.4701107141848162 0.440442105627085 0.22741718543654593 0.14805578174473188
30 54803.0 0.24417172768779288 0.16274526009417978 11339.265216248054 0.20613954119738082 54869.23463879121 0.47347568603115947 0.4474374422867692 0.4714690573370178 0.4428933730377088 0.23056583965907088 0.15505264384127324
40 72224.0 0.25046090917678954 0.17134985095415178 10717.438526008065 0.20542458949736772 65717.38356362587 0.47010262202812814 0.442633207039364 0.47165906189443685 0.443479217288992 0.23592303808215798 0.16445279945302185
50 85130.0 0.2689681212569406 0.17330324841294598 9183.559793368515 0.20514333503800497 74982.29160780238 0.4628435476488024 0.4418728734835954 0.47085159199796733 0.4432661278277388 0.25108818052299775 0.1664421092454161
60 104354.0 0.26906372538742773 0.17370842439560832 9240.021593328394 0.20493089307149104 84283.06755219371 0.4645769293849997 0.4424887662409094 0.4695672193401819 0.4430478294634855 0.2502129794704909 0.1661631834643989
70 123381.0 0.27056189829411875 0.1739824665840523 9261.253920176507 0.20318530993045955 94146.22405940223 0.46078166800674525 0.44284717070362384 0.4685054934806981 0.44300630858471024 0.2494797506300043 0.16584560675724233
80 135197.0 0.27082808677328307 0.18451167135996194 9474.125946517683 0.20135284382906027 104271.84596842973 0.45505643952933633 0.44843360731048487 0.466445952664387 0.4428865400677826 0.2484856774403413 0.17431883249194413
90 157207.0 0.2834488869980678 0.20049314051674488 8455.158205048285 0.2006880407801328 113025.2934981556 0.4543318506520745 0.44895569048772216 0.4651853034175348 0.44334225719943754 0.254443455650969 0.18626720470701438
100 183159.0 0.2855400805144861 0.20370170866745305 8319.994191629963 0.19959687611488713 121902.94669518806 0.45336849599805906 0.45252260660112303 0.4640959147812182 0.4441161031692981 0.25510602553032696 0.1880016499111943
110 196543.0 0.2915828533953173 0.21619869333528657 7887.033755816552 0.1991446640303389 130039.93446562886 0.4611589642899984 0.4613244391757152 0.46361365966972806 0.445430231014352 0.2586309154438738 0.1926566137841796
120 221462.0 0.29272326940560656 0.21854850761257286 7858.52357965248 0.19885955178407258 138056.16790927132 0.46251882917748105 0.46140878947968483 0.46346698586112695 0.44672545156291027 0.25935799496059575 0.1951025696435389
130 233709.0 0.30278483501297077 0.22632149508492908 7210.438547762615 0.19889535873384873 145243.30796034646 0.4703164983458533 0.46555153295154056 0.4637977995512907 0.4480212983141841 0.26518178958059707 0.2012898529667766
140 247015.0 0.3068882252910121 0.23891071996161212 6993.846023767947 0.19861974517597128 152438.21831990007 0.4632761895732449 0.4707002032788383 0.46392139599334636 0.4492631424900236 0.2666182359427791 0.21011888432111525
150 265917.0 0.3164454152017973 0.2395968359988382 6511.299438427419 0.19751957309661688 159984.4153072813 0.4507556350860768 0.4698305476322887 0.4630500710996758 0.45061376443883966 0.27130280764670345 0.21103912994198717
160 289517.0 0.32866415962535084 0.25275861328516397 6130.948698532945 0.19652607507811365 167155.90861137206 0.4413075572217352 0.4658873917780799 0.46195642999512265 0.45177737511208615 0.2779384937090471 0.21769996820452014
170 298812.0 0.32985909605033614 0.2533996924872386 6202.00445442488 0.1950354704681205 175054.43367511383 0.44584756901542877 0.4647948594177235 0.4608393981735804 0.4525744667014321 0.2776477819114743 0.21883322769277386
180 313950.0 0.33252463137254473 0.25600472667562646 6063.418937257953 0.19383616066808865 182539.49089607334 0.4350897666207337 0.4503046380924954 0.4596925903306419 0.4528237115960314 0.2793829068737308 0.22034120853248784
190 330589.0 0.33672104672399306 0.25950476722515053 5854.014589570588 0.19299041831004288 189432.81371314055 0.43269227643314584 0.45049918438684095 0.45839030190417607 0.452720238690797 0.28050586454477355 0.22184689449480524
200 347419.0 0.34214036851131796 0.2600960319700921 5584.300683612778 0.19238718526576848 195799.13954045356 0.439975003165477 0.4537749774542592 0.45721586131726255 0.4526577333142055 0.2831010031835382 0.22250887263314237
210 373243.0 0.3531412412559289 0.280039645412996 5112.772475971667 0.1919693164862357 201509.66923062428 0.4459607730498201 0.46016463905032023 0.4566200162371949 0.45292315848366904 0.2878681462532351 0.23699362843376845
220 393743.0 0.38234215861759074 0.30466779263591465 4189.634025110017 0.1915633347559064 206407.72649573616 0.4633329112217242 0.4668231657773041 0.4570283222764462 0.45354036215201043 0.30392642675118897 0.24689019266037998
230 415546.0 0.3905201220647735 0.32662234843287025 3971.6642315124454 0.19056045887432904 212332.28920618328 0.4682985253046477 0.4706320787504098 0.4573521235585171 0.4541750935790882 0.30954636673604463 0.26298044507824353
240 429282.0 0.39237990317450683 0.34561151439487836 3944.9258336198527 0.1897871661599425 217798.53681283866 0.4657420814545788 0.47331970114681243 0.4578076084888487 0.4549455986300499 0.3112033788342488 0.2774119499605077
250 448905.0 0.4077520246596288 0.3539448649732304 3566.635264941248 0.18955455768224017 221839.0686824534 0.4789316568945114 0.47444063423095156 0.45828491010564 0.4556653209902569 0.3159143153381787 0.27992274868819605
260 466335.0 0.42206951258806463 0.3595496138480353 3253.0103119703836 0.18921426636447516 225838.87606568812 0.47530114512258204 0.46263167371466296 0.4588376682909315 0.45618494683552085 0.32105647457650904 0.28190087268537667
270 475600.0 0.42273764913543815 0.3646524149982927 3242.9755882055747 0.1888937042861565 229791.83172115826 0.46367024397921247 0.45226751794203035 0.4593111885152046 0.45633220036431427 0.32205076378202613 0.2851171339463671
280 487905.0 0.4289641287206236 0.36789819631134735 3133.5530026615047 0.18843665971609264 233980.99432089616 0.4702703431439347 0.4543794734502591 0.4595027115880153 0.45615733767708805 0.3242108222035547 0.2872195417568018
290 501503.0 0.4405630087551236 0.3680935802601599 2938.7214132714676 0.18834673626379883 237130.00492280477 0.47205156399475245 0.45023219611991466 0.45989976045811165 0.4560352920732373 0.33248294796643996 0.2875807803921825
300 521204.0 0.45272159943167845 0.37454161047765816 2739.9706077602837 0.18843173433073662 239666.33020032907 0.4761336210103723 0.4495515577710151 0.46034100363828495 0.45583784451377213 0.33720529408076433 0.29040485617948764
310 534244.0 0.4533469313405417 0.3833891832296113 2773.518760911085 0.18851462352520304 242243.06297091415 0.48046593086287875 0.4457291286070527 0.46092206120611867 0.4554818709701944 0.3380446327097438 0.2955653932773694
320 565499.0 0.46920754730397574 0.40244110932227245 2518.5058598742285 0.1884014388254624 245049.523386349 0.4839164480000195 0.44307358223274274 0.46161142039763914 0.45510484228980924 0.3464044115867094 0.3047475409839446
330 586563.0 0.486252650976823 0.4051838132026029 2314.7450400396974 0.1883985771994756 247371.78987031773 0.48985551331261845 0.44500022502559583 0.4623815564739835 0.4548130499135081 0.3534750581162442 0.3060457279072244
340 606950.0 0.5031315063337605 0.413904047428218 2109.524181870277 0.1886660939523551 248765.72653680216 0.4914871001141515 0.4468975138782827 0.46321911314124703 0.45456812010386893 0.3616499503816177 0.3097401303039156
350 617548.0 0.5089818597947542 0.45798694519292255 2068.359511720978 0.18896168379846304 250043.90742891695 0.4684065456090883 0.4546905866135579 0.4641011766827089 0.45464163281269737 0.36471593916737005 0.3266604839036062
360 633821.0 0.5183728157438332 0.4670639583187954 1965.1857179132064 0.18917547657120573 251424.64541167795 0.46162664694870387 0.4427791353853152 0.46402837482632125 0.45432278914589114 0.37077465906188617 0.33335768788007336
370 646383.0 0.5199535878971698 0.48458248186711267 1977.367293932862 0.18929334003491824 253079.59913411856 0.46274263901686097 0.44952252635395923 0.46398803100791136 0.4541723245764665 0.3702660027397602 0.3401467743275519
380 659310.0 0.5206041801174899 0.4897279935429115 1982.2176494031755 0.1895142947176073 254465.8753444523 0.46330398557708735 0.45060957566128373 0.46396256468769004 0.45406037533969795 0.37075941311218935 0.34283415992471356
390 671302.0 0.5224803131572502 0.491402139550113 1963.5030277704388 0.18964092075170544 256085.00853942987 0.46263545120379 0.45086774773089744 0.46393524178535894 0.4539801768056946 0.37104828903960496 0.34370182573075203
400 691217.0 0.5411790329939048 0.49694059193232165 1789.0789030527528 0.1898116293176423 257394.43347112628 0.465409170501947 0.447432675702667 0.46396612344063803 0.45383748929698686 0.3789960793894419 0.34766372935665685
410 713534.0 0.5663749409854015 0.5440848219940264 1574.9507224295435 0.19040684552764842 257283.90724989423 0.4656300730909975 0.45629683809425486 0.46395594910006005 0.4538099355712093 0.3998290327403067 0.38338911230388006
420 738057.0 0.6057042236430273 0.5539214118094853 1286.3501072331492 0.19092754611871 256998.58991098485 0.47376277757154694 0.43607411462276785 0.4640685700311174 0.45359024868133596 0.40933495872553755 0.38816314863488954
430 759693.0 0.6129162062981427 0.5597674387798799 1246.6232887208025 0.19133053710963702 257021.3557853725 0.4729196529313696 0.4300426953959286 0.4642663307530169 0.4531121814807006 0.4127949693455791 0.3886974765223323
440 785034.0 0.6130807084428788 0.5599003288978524 1257.387111434356 0.19168355053066988 257215.54516238873 0.4714570515850218 0.4296572088884828 0.46445433856210344 0.4525846256794159 0.413052858362252 0.388365478454063
450 809379.0 0.6509647323763559 0.5787797572129127 1059.701306925348 0.1918092400367508 257875.5692621783 0.49431679306456117 0.43295426479500226 0.4648899374206331 0.45215532733716507 0.4235057083915588 0.3967208044181676
460 824997.0 0.6628401119846185 0.5827002212951464 1003.5611310332816 0.19173127965099498 259132.6148103245 0.4963352322985513 0.4336727999625078 0.46553621408002543 0.45174387564825513 0.42672593209043813 0.39886340537177484
470 844419.0 0.6668601636551236 0.6111260928590321 994.4363414755182 0.19183960004475206 259777.64556314427 0.4873033669357252 0.4367534861002083 0.4660523166930122 0.45141292784289205 0.42904699741700075 0.4129062291558366
480 865349.0 0.6688894985486215 0.6156604434944839 1000.2494648602772 0.19194691955844417 260433.0505098329 0.48877066896038884 0.4300053228950636 0.466515228045026 0.45095593490934927 0.4298814249847596 0.4144768016691907
490 872489.0 0.6773191110492728 0.6191568268398927 983.3820997130397 0.19201446526785435 261198.49453555077 0.48592476961573233 0.4221691426741967 0.46688974803859973 0.4503836298890991 0.43310136809986405 0.416158837959088
500 882789.0 0.6825489709925273 0.621242297156613 965.0779305522867 0.1921775238224542 261639.42807171962 0.4844991502577779 0.4144332817062565 0.4672505755275558 0.44979570771155625 0.43669014918679827 0.4178463438593054
510 902978.0 0.6940118019606386 0.6408572722794856 925.8564942814767 0.1923237218117522 262091.92638923036 0.4792003431542488 0.409668348641824 0.4675143409088731 0.44905637486299727 0.44094783723462494 0.4229194588807653
520 928639.0 0.6957843213015981 0.6466374776409053 928.8561649137254 0.19254151069984332 262322.15591250686 0.4767607992035221 0.4062530155889669 0.4677255996174161 0.44825600684619565 0.4423156719583383 0.42451362584353536
530 948943.0 0.7097893257569132 0.6486097799347489 888.669544467205 0.19286849323180644 262164.3099294388 0.48417748923200415 0.40513324471252354 0.4679943432333651 0.4474508121231889 0.4448914136046724 0.4242361285169702
540 963143.0 0.7356523975221093 0.6789428925210594 806.7518237914969 0.19340971839613297 261238.22781733682 0.491484472841228 0.39799637022721496 0.46840465432189843 0.4466077380328503 0.45150004579577 0.4367320544317919
550 979294.0 0.7522068948294155 0.6928576502320177 754.9550560299416 0.19417339371596848 259577.6464674837 0.4920245227547678 0.39400162565393193 0.46883420607185966 0.4457216163753991 0.4608175424773709 0.4442134773794052
560 994005.0 0.7726839118883061 0.6944333024479313 699.9547101063663 0.19507175528683535 257459.57723745093 0.4941809071431998 0.39489971698390575 0.4692746702928894 0.44480810737608445 0.4682540704767552 0.44380157978697604
