1 1674.0 0.2599399858598834 0.16661722781608193 8145.292004167251 0.2599399858598834 8145.292004167251 0.5203218433733771 0.4368836906761316 0.5202108234201392 0.4369194123942158 0.2599399858598851 0.16661722781608282
10 20113.0 0.27467952294496356 0.1715203806787276 6990.318029563269 0.25932165239496086 15143.929828364795 0.5174058344919732 0.4378235270271198 0.5200161315666143 0.4369964149290199 0.271361524191969 0.17094348816668384
20 47192.0 0.2837189418132396 0.19927030653211703 6408.727006516739 0.2593729713061798 21551.312197352465 0.5150219688979982 0.4396187032744535 0.5182638679794694 0.43800793499164553 0.27742482494028786 0.19416811414832552
30 69312.0 0.2954272670531667 0.20916313271947565 5749.682238895645 0.25484124955213155 27589.39540907178 0.5148006122947588 0.4392031431726645 0.5171444034838839 0.43855180953455847 0.28520442060646245 0.20270025552215457
40 81401.0 0.2984487096106596 0.2142057795344881 5600.278960502479 0.2522227954625757 33382.53442322891 0.5080794325381602 0.4389302805335839 0.5155682783249794 0.43865554655044137 0.28753034511208686 0.20752838624546785
50 89749.0 0.3084735013963707 0.21609527403337908 5302.726991725614 0.2519272825772965 38709.42369768469 0.5071436220347827 0.4379162465634581 0.5139961215383572 0.4385495761687318 0.29592814525995 0.2083321359074281
60 116533.0 0.30900517808381167 0.21640891650463587 5507.143794430941 0.2512299021228845 44267.29519559693 0.5056360672719528 0.44073099124049525 0.5127486951058348 0.4385147458317985 0.29609902471737143 0.2084882099056067
70 128066.0 0.3105417507863521 0.23062455842910584 5431.677024964405 0.250360953543204 49772.33963153891 0.5034503579723733 0.43628193922092917 0.5116698483111666 0.4386804340469656 0.2970637717357725 0.2185459737846481
80 144277.0 0.322684882846496 0.2552845676783147 4928.698797935401 0.25000879563185263 54745.481356792734 0.5003914323951911 0.43362753923871666 0.5104190901957769 0.43810386309561083 0.30564173086116986 0.24065999906711927
90 159541.0 0.3251948142265802 0.25794762575030333 4913.863640173247 0.24972026627439323 59696.36662266185 0.500198166357585 0.4355796594521168 0.5093233503272566 0.4377519575920062 0.30729872972324523 0.24186019701467754
100 185035.0 0.3361139649021318 0.2635807859815073 4453.48107804149 0.25041938301206196 64037.57973648223 0.49592044071469715 0.4359664248062615 0.508229964098605 0.43757921479484735 0.31594595388793556 0.24616322316026687
110 203862.0 0.37682694966503183 0.286233287286971 3270.0330862397605 0.25384969128670615 66444.03195473751 0.5077431827108669 0.4279319825013645 0.5081209090772819 0.4370376108116915 0.34283863281840443 0.2559401838551279
120 229874.0 0.3992298818545421 0.3126210327151875 2936.0584619073115 0.25676201360712175 68530.57715533723 0.5166793791153607 0.4349878019750119 0.5086346742857697 0.43653588189243187 0.3551884916351217 0.27805217160736595
130 248267.0 0.40211750133161944 0.312891813627214 2902.9630270003045 0.2594276986812602 70682.75519746929 0.5030729786301774 0.4344593208249909 0.5086549119605667 0.436393428260089 0.3570871116889646 0.2778616308847785
140 278399.0 0.412350394102997 0.32073797777833896 2716.3905433807267 0.2612798268388547 72811.73188822911 0.5001859458210741 0.4464118992114104 0.5081418159869638 0.43643532228664245 0.36160956505904185 0.28279562186884816
150 295994.0 0.41246913455166667 0.32185108555102393 2790.330136778186 0.26224189357211214 75298.42280180103 0.49991714674383325 0.4461169366821172 0.5076125853868537 0.43708791357681476 0.36152959654954264 0.282870730995755
160 310208.0 0.41824191738517996 0.3281675608859151 2708.5141021752197 0.2622477610873721 78004.85811915717 0.49266634608209064 0.4335545907687963 0.5070005631232685 0.437351707102774 0.3658707430293245 0.28739636762428966
170 329016.0 0.4186559431469233 0.330119871708297 2729.4134681286296 0.2621964387973011 80752.34828473761 0.4920130522010259 0.4415246433859669 0.5062332291925582 0.43744492905976645 0.3653578866955977 0.2883346172394001
180 345820.0 0.41935979452934036 0.33977488838591424 2721.203463260147 0.2621514789852406 83489.47015712019 0.486558565992777 0.45237946416544456 0.5052213694023127 0.43803244389706797 0.3650109335445017 0.2942366933971097
190 359893.0 0.42361899519108354 0.3421578920118554 2732.0923637786136 0.26187532449228856 86321.54272821057 0.4909628901831277 0.44418576567009 0.5044176949159732 0.43859801090638223 0.3665467374826734 0.29461109195494883
200 390888.0 0.43174645542097545 0.37032237629081566 2638.3576536469095 0.2616048366739402 89063.98411419711 0.4997206138135906 0.4499085087170561 0.5039186600881066 0.4390760142596762 0.3690392379103164 0.30604339552626914
210 413709.0 0.4372418546098194 0.3755130636238637 2546.3410412283615 0.2615620930416267 91627.3039786746 0.49792531432704634 0.44153095130569625 0.503677006058344 0.4395314128878006 0.37014076193323386 0.30684232315758325
220 431239.0 0.4441940305459671 0.37931267471288665 2467.576997033482 0.26139397317147167 94166.09067590312 0.49846900798639354 0.44696488650285976 0.5033928849461881 0.4397133334797783 0.37163454028446796 0.30734895210628205
230 449049.0 0.44486086059841606 0.37945560136142115 2500.3713707470974 0.2612398610516186 96730.57123435203 0.49620358586622637 0.4483645286736587 0.5031764869742326 0.44003640825091966 0.3707787785454866 0.30614502453986664
240 465661.0 0.4587365212902305 0.3984499215030843 2290.817518611328 0.26082219867431505 99225.59096640881 0.49151178140548973 0.4510082675825167 0.5026281294098276 0.4405503665808096 0.3748317152673114 0.31258113047898933
250 479765.0 0.4596698715324428 0.40030341721483054 2286.074947868505 0.2601691286002258 101844.77345076633 0.49037875713868745 0.43818902075170546 0.5022258877900337 0.4406587919268954 0.3748453107326309 0.3131190819495293
260 491683.0 0.46357845414651505 0.4023763213590057 2277.931266586349 0.25930553946418855 104584.26119775763 0.49536465405903024 0.4460300690949577 0.5017755501841756 0.440602206477345 0.37425923465389116 0.3143519993770339
270 510786.0 0.4656955646573001 0.4032703366127688 2318.540849591425 0.25834524309100126 107422.56125639417 0.49127542702077276 0.4421382167931641 0.5014730072184106 0.4407429296359866 0.37427948259630417 0.3141650364553562
280 530683.0 0.4712476404342082 0.40422581399270696 2306.3644650530964 0.2571922120613351 110389.17727692302 0.4875268090185558 0.4427926498706545 0.5011371995132684 0.4407947577870632 0.37453178017299804 0.31356395503829987
290 542211.0 0.4728599913123866 0.4045050328675128 2297.923957574651 0.25589643534221557 113469.2181150901 0.48479159236027025 0.4434010558737866 0.5006268495942812 0.4408746278205653 0.37406007328614455 0.31268582112900656
300 568785.0 0.48057920937306725 0.41135921316479596 2201.2517537866825 0.2551456788519795 116124.57562398785 0.49321606674680696 0.45265006828913207 0.5001942798498359 0.44126453850076447 0.3797848028272225 0.3173646535277787
310 581206.0 0.49890413460158667 0.4199914549281235 1977.2870081123338 0.254740942111088 118368.81431057437 0.4963549391415068 0.45213437048100436 0.4999883506791855 0.44161416069916787 0.38735239848372854 0.3190487698639166
320 597138.0 0.5167039752884601 0.43987488475253683 1828.6898149248636 0.2542623314471227 120544.02993369974 0.498346864203026 0.4619614908923167 0.49984631049204203 0.44203294822799044 0.3929811321308183 0.3230269690278227
330 615205.0 0.5196669632771306 0.44144847770854256 1854.8298228436915 0.25376521998992213 122758.67257182716 0.5088385968478213 0.4654171306988857 0.4999938207113915 0.4427005732722539 0.3939080339836052 0.3229322528857457
340 633051.0 0.5206611529561438 0.4520959462248842 1848.6007222072221 0.2535850686324436 124733.93696370603 0.5111643878504856 0.4625214314521003 0.500307953246871 0.44331746921489174 0.39426135408268426 0.32710381209139844
350 649323.0 0.5250728030904801 0.45890312495947333 1832.5750912250398 0.25323129873974126 126824.84393274595 0.5091485498027932 0.4625659988068854 0.5005697454708479 0.4438604035667118 0.39523593425153286 0.3302460987085042
360 659815.0 0.5253191957441457 0.45895221666525904 1837.11515853401 0.2528969220605999 128906.82422583358 0.5078893803833109 0.4623648743394173 0.5007789383878185 0.44437669383448364 0.39531082628952474 0.3298937483741383
370 678604.0 0.531079128806003 0.46210059270669956 1780.590464386817 0.25280307228460464 130756.29564460689 0.5044131302515676 0.45822966956638533 0.5009303363169078 0.44481979134124244 0.3992233363535418 0.3319720364461675
380 691241.0 0.5365392516042664 0.47214257628503226 1728.1483665959013 0.2526398853328596 132609.52379021692 0.5011265525091708 0.4452836225193033 0.5010165196573608 0.44495321967277696 0.40044394690204227 0.3392983831547805
390 715450.0 0.5500413063703157 0.47769197715394845 1614.5409861345097 0.2524560646504881 134375.1405740249 0.502104514213749 0.4495838850337872 0.5010408116136991 0.44501898933014516 0.4079886729918893 0.341758298546524
400 739935.0 0.5588517562198165 0.4837938531782737 1546.0952406837587 0.2523695275427433 135994.34155732405 0.5001249982533051 0.44670591480113103 0.5010759315986852 0.4450555947108809 0.412379568075035 0.3456691889130255
410 756261.0 0.5787514564981193 0.5176886666914818 1399.8605894456036 0.25239757430638365 137368.90010522454 0.5050517843723945 0.4522640712693902 0.5011342449570576 0.4452426849206267 0.42120475524298034 0.36395336278414203
420 770013.0 0.5791299690703222 0.5200520120090472 1405.3912168556044 0.2524271914851627 138747.67712556422 0.5046614878257047 0.452720373227449 0.5012237459680144 0.44540935650282154 0.42118331853674096 0.36303450655548497
430 801316.0 0.5848128549208126 0.535984942204197 1376.0423877015824 0.2519197177430587 140619.16308988383 0.5038369445587046 0.45242081899992365 0.5013017951182315 0.4455824015892288 0.422054217509666 0.37019315823575827
440 821155.0 0.5857180276848059 0.5388547593792883 1370.9152761025546 0.25145437947591076 142448.00392593225 0.5042496664359868 0.4506592682795945 0.501366950132107 0.44570435380465784 0.4222239905463337 0.3718803010623364
450 830039.0 0.5942241144504534 0.5509052995671755 1318.0705070760935 0.2510184896634851 144208.80435339484 0.5041882776312233 0.4502985509009856 0.5014531793438757 0.4458074991400922 0.42619665873405166 0.37958009282557675
460 846051.0 0.6379652037701008 0.580541957806997 1086.4233844392975 0.25130684106235257 144989.81057903855 0.5179938014062584 0.443034702155213 0.5017511405717054 0.44577624285560496 0.45221802908033715 0.39577667976996067
470 866109.0 0.6414202356965157 0.5817120850286215 1071.8701196153231 0.2511063597126442 146285.77421071756 0.5130333777794777 0.4433495352480651 0.5020607399644679 0.44571955888578174 0.4535664379456555 0.39603834538783084
480 873373.0 0.6525312733339942 0.583773903113845 1019.1056022362978 0.2509153924055581 147524.40634402123 0.5124137491748865 0.4430980129704003 0.5022836455041031 0.44566578556327774 0.45576002763196627 0.39757490267762413
490 879358.0 0.656825551634923 0.5863409298963448 1005.9761966210009 0.2507842707972083 148681.7054149836 0.5097200525144264 0.43259285717548024 0.5024609877981547 0.4455194656348259 0.45757673439584867 0.39859216847917894
500 898367.0 0.6614074305735008 0.5957487338637656 997.1633210458316 0.25081119724384565 149648.0963159688 0.5124615260557193 0.4330634848211835 0.5026455952714887 0.44526695616555445 0.46051371943055075 0.4054037542544582
510 910551.0 0.6669738997322888 0.6207467372467703 984.4429890696161 0.25040109726349985 151125.8059282062 0.5045425258723156 0.4371888798013515 0.5027769931267978 0.44505390748277934 0.46211192630743464 0.41417240684342727
520 926092.0 0.6708376406346918 0.6217496677301074 977.8410509940915 0.250032378775871 152550.12864065164 0.5045373844181336 0.43747108116061734 0.5028083410921601 0.44490222260198015 0.4624269952621351 0.4142056823473964
530 943901.0 0.7048448263760675 0.6407356794613028 855.5162959687246 0.2496586549199184 153887.8599476605 0.5134282478903561 0.4396631196485529 0.502950981518227 0.4447866474665745 0.47651116493847945 0.421397827449262
540 967013.0 0.7275251838693423 0.6428597472486933 791.6325623662365 0.24935967481988486 155076.63948762548 0.52034392382973 0.44055639297398075 0.5032085270976696 0.4447048015438701 0.48262143061506385 0.42275120418739454
550 985575.0 0.7448608952738734 0.6808292961529279 740.650222610875 0.24913830703225903 156117.93425954 0.5225925005811429 0.4381591789572443 0.5035302059471025 0.44464089555109304 0.4916670459960644 0.44361762653980485
