1 661.0 0.22267649211707838 0.1479737232422891 13532.51412041288 0.22267649211707838 13532.51412041288 0.4634789964973099 0.39271411678334744 0.46347899649730984 0.39271411678334744 0.22267649211707785 0.14797372324228913
10 14106.0 0.23431681082343758 0.16469996698197767 12065.38541968314 0.21485419534410422 25851.35488887976 0.453075352386712 0.3999869295659542 0.4563463515848424 0.39742205657747437 0.22600528136978792 0.16109559004787105
20 34826.0 0.2570351194180175 0.16989857242490536 9470.419442861943 0.21319963861763683 35490.33915298488 0.45697326988044906 0.40045972719034173 0.4555393470388306 0.39965616623566447 0.23885908931033098 0.16644673485807915
30 50921.0 0.27316929474109114 0.1883691320659039 8069.646458003884 0.2137709841806969 43473.548828440245 0.45799592398538147 0.4000947395991765 0.4561769182752029 0.399583594143854 0.25366738218351875 0.17762563965394604
40 63190.0 0.2778104672702562 0.1949033050925928 7710.783463270917 0.2128874387943557 51346.526942639866 0.4547572915870547 0.3966827375900141 0.45622129652680415 0.3993029472979384 0.25592860936939366 0.18387884514977476
50 81401.0 0.29590519613922955 0.19936592495405608 6450.046170815387 0.21539778390444533 57225.14690124683 0.45698302158686205 0.40123077155136144 0.456012698625476 0.39921282260205815 0.26615109077245663 0.18716094708293443
60 100678.0 0.3048252929283866 0.2059551654850754 6075.782238944014 0.21703462047999914 62885.88260071757 0.45565092318887296 0.4013491538979456 0.45599734080472315 0.399562165778261 0.27433835103938187 0.1929934174708356
70 120760.0 0.3070110231578015 0.20843016762255367 6039.8892179582745 0.21822671917460545 68626.09939087767 0.46003869492825344 0.4015265420791114 0.45636645841741513 0.39987406311393686 0.2751341417189087 0.1933023050225969
80 131946.0 0.30772124256912564 0.21101570746027715 6062.95284415951 0.21909807914058355 74475.01973330694 0.456015814157927 0.3999411873191001 0.45647033449359664 0.39995573482549895 0.2758619797869438 0.1951296352348506
90 148507.0 0.308357389734073 0.21713665735001572 6045.0298674972055 0.2188143608647871 80599.00054333078 0.4575118368258844 0.4063485994175057 0.45650922558058704 0.4004712959149542 0.27636873355656816 0.19967453209460836
100 159541.0 0.31697711214877344 0.22908703724530866 5593.9451355425435 0.2187124491483771 86227.03229667859 0.45605903896420247 0.4085276566990625 0.45648545308247546 0.40122032728827345 0.2807945890761233 0.20872522934099094
110 183425.0 0.32153174671569273 0.2367617893604743 5449.414998182277 0.2183072187398327 91826.64343239638 0.4509083347501315 0.41083819614710326 0.4561827440992528 0.4018674735747658 0.2842818811192002 0.21355382380728918
120 198754.0 0.32486737335724797 0.25173874032605903 5326.9128447031235 0.21805351788866897 97251.9560904468 0.45138970536430634 0.4114831141922967 0.45576444749971895 0.40262984889242565 0.28669669198394965 0.2258756205456061
130 221462.0 0.32813878820829145 0.2793792795505443 5185.410625855588 0.21845398241140782 102286.3513075054 0.4544184793347313 0.41191149751861145 0.4555531663459024 0.4033619193113812 0.2901071463318518 0.25082649898918113
140 236544.0 0.3377760155678542 0.28467434419857907 4782.758663535599 0.21934441819495945 106697.823824091 0.4553797144178069 0.41239756526245697 0.4555107566910706 0.4039739595837383 0.29545435524928565 0.25296238446490016
150 256517.0 0.3423526058910234 0.3026589072507417 4751.809463678517 0.22007799516788726 111141.46231831216 0.45424113050319836 0.42227589787721054 0.4554191635645516 0.40510578240365513 0.2979274694483378 0.26143314882921376
160 282132.0 0.34896447342490816 0.30404684329668685 4753.689057087347 0.2196765756617682 116094.73324706394 0.45514988613843177 0.42196976885881976 0.45537726015956204 0.4061670962771513 0.30244893820262464 0.2626224754196037
170 296378.0 0.3644337882573091 0.31259098960090675 4258.592716893341 0.22025357901318043 120045.2925873516 0.45714969615584244 0.42507581421903984 0.45538807449386687 0.4071561698521193 0.3164293842507136 0.2672467053665485
180 307206.0 0.36978347125617445 0.3155648369106588 4184.379866593629 0.22062055309078374 124024.10590138081 0.4568013510487631 0.4203267137863555 0.45549483186823725 0.40803097305420366 0.31942892217466956 0.2686250738245525
190 328580.0 0.3714355509723328 0.31957230493636096 4175.091258727696 0.22114432111909837 127916.45771814759 0.45364013247131063 0.41627562500381876 0.455415916590666 0.40850347977883095 0.3203221814656153 0.2702498240346714
200 340958.0 0.3729279987292475 0.32202216854805443 4136.6170507228235 0.22132885047492085 131946.65542825699 0.4556350292643874 0.42056417565474846 0.45535118743214353 0.4089092019634071 0.32233805758477807 0.2706131726791691
210 359861.0 0.3792213302015977 0.3270699360236021 3940.384163922426 0.22173220081175238 135643.37251686925 0.4557003765474157 0.41972278922762746 0.45537363178496204 0.40944501265536437 0.3277361678889915 0.2736061693173991
220 393023.0 0.38762646396608913 0.3327857735142816 3765.688620154464 0.22205905096425482 139194.2641712533 0.46851010202056026 0.4178622507490401 0.4555707165901466 0.4098941497245037 0.3327224661767643 0.2762399157576996
230 411848.0 0.41017869332287965 0.34125099583585644 3182.3506337884023 0.22210997481597128 142332.64697959655 0.47127609852124275 0.42177731622552256 0.456237266191734 0.4103732273447117 0.33613718346944554 0.27853282532812496
240 426523.0 0.4117444648169775 0.35622334926401544 3148.9011724110333 0.2221414823034457 145453.97657446898 0.4666768111495683 0.4219773013087352 0.4568353187644172 0.41090047239267535 0.3375251249744666 0.28678114468711874
250 450642.0 0.41373721620135784 0.37194717078736445 3183.913915440874 0.22218870864688448 148597.2690444251 0.46489872731903986 0.4172222455085749 0.4571491243918853 0.4111640894623762 0.33935773076929326 0.30156604682950655
260 467973.0 0.4182437563753309 0.38058685314566476 3097.1712820008097 0.22194828004500933 151917.22586675832 0.4629541183636977 0.41705359300543265 0.4574092718799012 0.411361728387001 0.34202795969586364 0.30444507125542675
270 481290.0 0.42062307292890444 0.3833955520070106 3093.8393859941975 0.22171240600654252 155231.15150823895 0.45698372881468224 0.40952294227882236 0.45746322531200057 0.41139226145763325 0.34259311949379845 0.3056641278517491
280 494176.0 0.42983652133682443 0.3917675505830372 3002.0657839884525 0.2208956901621238 159094.99011902764 0.45903749766877333 0.4106642005891043 0.45756008496641737 0.4115057350192583 0.34717705147219063 0.31105568985318904
290 512494.0 0.4299700817788278 0.39407906928941144 3027.798947985433 0.22017028334926486 162888.686825225 0.46031170381008535 0.408949056290352 0.45754902974243744 0.41144976938916067 0.3470885641526464 0.31269731840004744
300 533447.0 0.4406515775747985 0.3987255079987523 2853.4474793940426 0.2199933467454771 165928.52187575283 0.46162639222197194 0.4097211127926353 0.4576291352894606 0.4113691360894495 0.35189132408452184 0.31420925850226433
310 563533.0 0.4526757834278483 0.4064093488971464 2664.847040706689 0.21919545201464785 169577.21361921297 0.4697707809002005 0.4059933639650753 0.45791268578860767 0.4112540256479491 0.35807579990415495 0.3169205468517458
320 581206.0 0.45294864173680155 0.40921256606695666 2661.0602050940083 0.21834168678439136 173322.18640366357 0.47087668732238314 0.40577972228285086 0.4582804708673134 0.41107910838804346 0.35835241723743 0.3185274873073095
330 599713.0 0.46823124957885137 0.4116890829874568 2444.933405570067 0.217914355738528 176327.84864399207 0.4677816862210334 0.4050803091045541 0.4585888370448965 0.4108993727358606 0.3643691874231848 0.31977973569239715
340 615576.0 0.47720313389546026 0.4229788067868304 2342.056635766349 0.21783840509111527 178769.36634623862 0.47963421135198103 0.4146907962923417 0.4590986562305501 0.4108567250704084 0.36866000219317613 0.32282648764236055
350 634706.0 0.4773828393900341 0.4362535058216836 2350.6107884627827 0.21777525649115434 181202.42423781467 0.48019160261917193 0.41167669809658536 0.45968530279032666 0.41095737069440735 0.36877843003655275 0.32615422299791913
360 652719.0 0.48145958300177694 0.45036497300013933 2293.4558060042946 0.21785466997494068 183392.03543310895 0.4758335973112425 0.4110564886142955 0.4602320910478534 0.4109803921261559 0.3707277398093372 0.3329401305940757
370 672230.0 0.48418749602706795 0.4586359295303161 2257.64790028931 0.21767779501715143 185892.73018471609 0.4672026898632024 0.4186939377847219 0.4604256468211987 0.4111779829735081 0.3725118314661665 0.33579119871445684
380 688937.0 0.4917359838369731 0.4635419955843969 2167.4879650713397 0.2174015427465841 188459.36605831975 0.46308706727695054 0.41670035377544623 0.46059155514786804 0.4113309251691033 0.3765716031255439 0.33927466569223313
390 700730.0 0.49229394400425236 0.473134226127184 2167.9143797951274 0.21718768340390757 190935.5745961841 0.45784735973583446 0.41912886595735416 0.46060339508641956 0.4115041309886385 0.3764593256513502 0.34183026528716426
400 737784.0 0.5062900782356303 0.4793260172792555 2002.5282230660137 0.21682770077913652 193501.52041972918 0.4554783365700014 0.4133673348959095 0.4605184132985656 0.411633845860537 0.3865381977407863 0.34659333579818324
410 756261.0 0.5165525678268773 0.4876931006634589 1900.3308140515699 0.21638126106068747 196138.16594139955 0.4565830013451424 0.4140675468392544 0.4603848003566311 0.41169963352378985 0.39010838105133055 0.34900273294276846
420 785034.0 0.5172141071704938 0.4948906118202529 1911.1108852725981 0.21591206020779188 198830.9850840533 0.458796335658882 0.41602673274667296 0.4603105806885199 0.41176850898311107 0.38980236354323494 0.35195020606700933
430 807982.0 0.5430345059706173 0.5066548659317555 1662.9619445495255 0.21516438620504677 201892.72269587626 0.46696703044369303 0.4177395920238423 0.46028796170508357 0.41190100096026333 0.39624009848051717 0.35811530418762844
440 826827.0 0.5462922247550632 0.5113774610651823 1635.2785121111876 0.21450564737185415 204779.66520997917 0.4696786439808075 0.41806920825615657 0.46047068197977314 0.4120368959523521 0.39736320902914035 0.36119502497277045
450 843298.0 0.5552458153275629 0.5291971751041397 1583.0020195374327 0.21394029701595815 207458.38072889182 0.45698372481146926 0.4165364099834293 0.46049918042141297 0.4121801180386937 0.4003388870431482 0.370812930510184
460 853127.0 0.564358305031394 0.5386448178314102 1513.712479606765 0.2134419277128271 209963.0916347112 0.4619709354765174 0.4136421051991255 0.46048009182411387 0.4122655792136194 0.409516104194524 0.3763269701332809
470 870173.0 0.5671973542487456 0.538814932920742 1491.908214558462 0.2129350707590599 212481.73313999898 0.46195061902521817 0.41327038534339466 0.46051140009686914 0.41229084926174153 0.41025651729274704 0.3763538554989383
480 880879.0 0.5681522082314923 0.54045499440144 1499.3231579717358 0.21243031157467335 215012.91832867815 0.4590240787159528 0.41319519082044787 0.46051266997824597 0.4123130092059545 0.4100208375970081 0.37677394946947174
490 890150.0 0.5721391385202391 0.5537891668752123 1484.7072484638484 0.21212264691252564 217122.50743456077 0.45427614721181153 0.4037579743776766 0.4603792893709835 0.4122312660126396 0.41237084745907554 0.3822741249374254
500 901976.0 0.5956191685287525 0.5588896191713999 1327.867381872528 0.21202595770860233 218653.3418444576 0.45910413485678175 0.4006118930774628 0.4603185955111096 0.4120348400009768 0.41925522902882795 0.38499893657489415
510 929071.0 0.621115178635008 0.574475424023296 1186.1612760292724 0.2124134319896312 219027.64125952517 0.4739088111199945 0.3983668355887549 0.46038030173329847 0.41180230242443205 0.4254439353567169 0.39243280111801043
520 949380.0 0.6256227496457982 0.5760039746531919 1185.5357954265419 0.21271308117125498 219584.64682999253 0.4768139208788154 0.401119258750693 0.4606745724837668 0.4115540829352612 0.4267798005095715 0.3935072374982171
530 967009.0 0.629962009495404 0.5870673251036107 1182.1825138719794 0.21297182875117637 220224.62994236022 0.4773179959516971 0.4045027674324646 0.4609906186651365 0.4114123981421174 0.42806801627481 0.39752403522915786
540 978934.0 0.6421404741626203 0.5947686440206565 1118.8451330041692 0.21345310127684164 220341.8480047174 0.47693050596185643 0.39996870616117697 0.46131035467218245 0.4112666880504697 0.4347701779005827 0.40244287653494776
550 994005.0 0.6815276013727258 0.6041406646420238 941.6582112305446 0.21457451482057088 218962.25392679241 0.47617701016868713 0.4026264423702588 0.46157710152673553 0.41108364402073116 0.4593168091355284 0.4094011738665736
