1 1794.0 0.15230747200295047 0.046158047235668784 0.15230747200295047 0.046158047235668784 0.15230747200295047 0.04615804723566875 0 0
2 4628.0 0.1523076878708221 0.0461581136871547 0.15230747200295047 0.046158047235668784 0.15230768787082222 0.046158113687159046 0 0
3 4667.0 0.1528747249512157 0.046158755199808874 0.1523851472180587 0.046151501349281164 0.15286595091885855 0.04615511317022121 0 0
4 6280.0 0.15288464972257593 0.046238292865930675 0.15242398482561284 0.04614822840608736 0.1528758853601742 0.046234668453446225 0 0
5 10930.0 0.2291669970755978 0.07229044817778874 0.16752026510333007 0.05131034439509682 0.1921247211161595 0.05596885232485418 0 0
6 12116.0 0.2291692609974167 0.07230542991723954 0.17758445195514158 0.05475175505443646 0.19214721403541724 0.05600507136048751 0 0
7 13648.0 0.23169118560109644 0.07297171723786448 0.18477315684929266 0.057209905525393345 0.19273073357186205 0.05607889283614738 0 0
8 13749.0 0.2316911952900696 0.07297254361838308 0.19016468551990595 0.059053518378611 0.19273160206692463 0.05607889287449506 0 0
9 14220.0 0.23306354894556836 0.0730705190506094 0.19435809670816073 0.06048743948666919 0.1942582057307766 0.05615212185136996 0 0
10 15671.0 0.2330635525602791 0.0730766693527542 0.19771282565876458 0.061634576373115736 0.19426020859831641 0.056154388468339755 0 0
11 16055.0 0.24260258506503224 0.09569405141857076 0.1983972396986737 0.0643709717617519 0.17275257581656478 0.06697682224492171 0 0
12 16351.0 0.24260638766936277 0.09577556910585788 0.1989675847319313 0.06665130125228204 0.17283970008386212 0.0671344552831912 0 0
13 16482.0 0.24261979941851783 0.09577560605464089 0.19945018437545695 0.06858081082119216 0.17285322793502572 0.0671344793226686 0 0
14 17350.0 0.3249236180123507 0.15926760411013113 0.2019248168293984 0.0734614972181002 0.21101272703853208 0.0891823064479961 0 0
15 18676.0 0.3255139420210459 0.15958432567490938 0.20087054994923798 0.07762984833788406 0.20879904749656406 0.08753676294336961 0 0
16 19715.0 0.3263971038909218 0.16435023575761692 0.20003300616091174 0.0812580428868208 0.20900672835444162 0.08811706741677466 0 0
17 21091.0 0.32639887841289583 0.16447825711269964 0.19929399693591798 0.08445939101823557 0.20918367848166097 0.08821199721755774 0 0
18 21606.0 0.3264059606031989 0.16448324407745246 0.19863709984703462 0.08730503380171538 0.2092009490815526 0.08821597909979059 0 0
19 22316.0 0.32651351998017586 0.1651919562279987 0.1980403424556667 0.08984243147795368 0.2096336416349009 0.08825831235461638 0 0
20 22824.0 0.32651361335528817 0.16519258706567166 0.19750326080343558 0.09212608938656816 0.20963385333375312 0.08825868877890448 0 0
21 22865.0 0.3265225074553192 0.1651926080807391 0.19701732978475026 0.09419225606579078 0.20964128205835464 0.08825870997027434 0 0
22 24434.0 0.32652255415652415 0.16519292370385175 0.19657557431321815 0.09607058941053861 0.20964138795034987 0.08825889830719855 0.34499734270264276 0.20756064041878383
23 26452.0 0.32656108794982647 0.16548733498658016 0.1961790091970271 0.09774451458495999 0.20926090705592312 0.08990018890213684 0.3467085857576581 0.21219581138176985
24 28555.0 0.3265611051838987 0.1654889192496148 0.19581549117385202 0.09927894599484625 0.20926288382390798 0.08990128159693708 0.3467076769627556 0.2121635881686453
25 32236.0 0.32676119596936465 0.16564905857455706 0.1954810545925309 0.10069062289194161 0.2097704454248394 0.09002268830662827 0.35217477864088587 0.23054699420124453
26 34720.0 0.3267635539513882 0.16566590700417516 0.19517234390208063 0.10199370925849117 0.20977539971869436 0.09003207702987362 0.35217583132414687 0.23053342432398885
27 38396.0 0.32677011663343924 0.16566642249170074 0.19488650067018223 0.10320027070900002 0.20980589239813918 0.09003373894483795 0.3497295486105105 0.22996688346130637
28 39309.0 0.32677038192422186 0.16566980457175023 0.19462107481199084 0.10432064919875825 0.20981141196599537 0.09004039339115033 0.34992383404871474 0.23116330224726483
29 43462.0 0.32677560389787275 0.16836928858684994 0.1944208818182013 0.10541979798665943 0.2094121844820594 0.09439615356454145 0.3495489104038807 0.24146325729903148
30 47359.0 0.3267756216071469 0.16859625839153577 0.19423403502399772 0.10644567018870052 0.20943742436854365 0.09450041145756104 0.3495675567463362 0.2414271204134099
31 47922.0 0.3267788313437306 0.16861501706018872 0.19405924286167825 0.10740535708738413 0.20944350532468636 0.09450978007475576 0.29108073053623007 0.223868141159783
32 48568.0 0.32677897831340336 0.16861818459818798 0.19389537520950384 0.10830506355490006 0.20944718919402622 0.09451522313512427 0.29216694089932865 0.22391350609644162
33 48842.0 0.329626883698278 0.17026885683741563 0.1937330393218158 0.10915515109179212 0.21671093682374254 0.0937638912810815 0.29282599276188737 0.22419835026181456
34 50007.0 0.32962825386289046 0.17028178428041302 0.19358025260399175 0.10995523347945524 0.21671251460138966 0.09377064686094444 0.2903079203635658 0.22387549170689583
35 50178.0 0.3296292207236732 0.17028269197759713 0.19343619655575767 0.11070959687353761 0.21671412795302106 0.09377144580853083 0.27056574677562084 0.21548479336028858
36 51875.0 0.32962933544771617 0.1705560132387728 0.19330014362131434 0.11142205119017096 0.2167375536814967 0.09389275552603762 0.2705642849496904 0.21466540066185727
37 53742.0 0.330416578028955 0.2040106608329196 0.19306466585952498 0.11287652575495179 0.21689679364150294 0.12951709402268788 0.2703352936609364 0.214630054643421
38 55119.0 0.3318462830745458 0.20446073519245692 0.19248545879323914 0.1129663397162946 0.1975035614843284 0.11419962860505546 0.2761475973790203 0.2252347910361164
39 55213.0 0.3318471050984911 0.2045123964534616 0.19193595465342947 0.113051547833466 0.1975423258052305 0.11438007724924426 0.3206168867925718 0.23022590454869163
40 55261.0 0.3319031791489434 0.20752445364091798 0.19141392572061028 0.11313249554477885 0.1991756648516924 0.11507469731048006 0.32064308023682114 0.23024408659411616
41 55610.0 0.331903738863169 0.20756026027489538 0.19091736161378228 0.11320949458724713 0.19920220710657816 0.11519705476455466 0.3206434409745656 0.2302435399305358
42 59458.0 0.34499734283936034 0.20756074401987362 0.19062963004904207 0.1132335621404769 0.22075550380409203 0.11833642971987288 0.32209020756539797 0.23024486012561912
43 62319.0 0.3467199608609494 0.212478592663716 0.19035162032119585 0.11310849103060568 0.2192665851050232 0.12120828309498932 0.3220836413428283 0.2302165110787695
44 63489.0 0.346720449346368 0.21247883028858833 0.1900862473991608 0.11298910497118313 0.2192778136955381 0.12121117979548109 0.32209190866947035 0.23022361185388443
45 63505.0 0.35351165296491793 0.23117367978715797 0.19007605658819307 0.11343418887258125 0.2218605238335139 0.13821954803924366 0.32203059000064926 0.2301736037860714
46 63899.0 0.35351359279424727 0.23118147935767053 0.1900663088559631 0.11385992130000554 0.2220988343932861 0.13826856171658153 0.32199164987597517 0.23017335597654007
47 65034.0 0.3535223742312509 0.23118268254035096 0.1900569759208493 0.11426753745392242 0.22210748489950016 0.13827167884854513 0.3286487674325801 0.23017516370375693
48 66560.0 0.3535224017142552 0.23310552026298642 0.19004326763751034 0.11465183881831725 0.2237788910864697 0.14064734288494626 0.3292706698332819 0.23021040962567274
49 69540.0 0.35364175359277567 0.24264002743546778 0.1895182980833674 0.11453479232529497 0.22386015174495794 0.13324428394144022 0.328721512884384 0.22936994346847675
50 69865.0 0.35365845052053646 0.24264237471494474 0.18901432731139017 0.11442242769199358 0.22386291871702596 0.13325368512001778 0.3287249777552144 0.22854905168150372
51 71382.0 0.3586781356327458 0.24631871304453518 0.18826027863296538 0.11507817901285539 0.25196078660575805 0.15360499244395182 0.34006545919725334 0.2318370715868252
52 72101.0 0.3593710524438103 0.2465142148063148 0.1875352318267877 0.11570870912906865 0.247882428629398 0.1532654335472949 0.3401868982304956 0.23184445825039063
53 72371.0 0.3598159712568922 0.24658119769734438 0.18683801185666565 0.1163152292971675 0.2512016268728329 0.1545097508249195 0.3392712985640291 0.2309326245698257
54 75437.0 0.3598202004275056 0.2465848186886 0.18616661764558634 0.11689927082341385 0.25121773565143435 0.154514979969732 0.33969743380430906 0.2320386186968201
55 76352.0 0.3599725543416521 0.2465966678940843 0.18551918774665546 0.11746228293129629 0.25157170564537606 0.15399221500643162 0.3432227219552207 0.23489994779630616
56 82331.0 0.359974451562981 0.24662067854048458 0.18489488034411497 0.11800518746389724 0.25157370072476437 0.15410500459279924 0.34325264110501236 0.2352825856337827
57 82834.0 0.35997581267107714 0.2466243538879928 0.1842924784644706 0.11852904271465252 0.25157376283015737 0.1541063637188319 0.3810680139025887 0.2291717214681815
58 84381.0 0.3789388520401086 0.2515596785426066 0.18295420651931876 0.11911238009828491 0.2433157143248587 0.15997137900230984 0.3776769373487549 0.22578156712335168
59 85033.0 0.41206033601987613 0.2603679155074058 0.18243444452362303 0.11920778675918166 0.2493079836549533 0.15869911519330088 0.3776642230980418 0.22577078766388778
60 85988.0 0.41207430672878526 0.260378072886268 0.18193200792778383 0.11930001319804852 0.24981494849434532 0.1588322395066229 0.3868265696452065 0.22551971070739704
61 88540.0 0.4120762595985622 0.26037852410994744 0.18144604466295575 0.1193892158192476 0.24981584695588296 0.15883235843033558 0.38683116926281924 0.2256336413536911
62 88817.0 0.41270823197754647 0.2603829583504119 0.18099034781992623 0.1194844949587227 0.25002720557570224 0.15882507164278764 0.37710557497380004 0.22679987556698572
63 91660.0 0.4127082711285334 0.26038428044061057 0.1805491175433421 0.11957674936361128 0.2500275168313826 0.15882555678614266 0.3770980011983083 0.22230422302240954
64 93754.0 0.41271040396371894 0.2603894954961443 0.18012167571290122 0.11966612081834709 0.25004680478145314 0.15886058389189409 0.3771088675712569 0.2223069471676705
65 96049.0 0.4127403832778633 0.2603895026093669 0.1797073859387816 0.11975274238216795 0.25008251620818067 0.1588672857002225 0.3751051967458197 0.21440573488664602
66 96550.0 0.41275381933244687 0.26040259158159096 0.17930565040024138 0.11983673905011545 0.25008620158705985 0.15886760433674524 0.3752501047676376 0.21473476556249005
67 100591.0 0.415382893390572 0.26054571890197015 0.17896182643344735 0.11993794072701024 0.2506147716336911 0.15886866993829749 0.37531007076039213 0.21473498578802816
68 103618.0 0.4155245988430239 0.26066328979690906 0.1786281149362649 0.12003616588399633 0.25086106737384395 0.1588998095077547 0.375086568106288 0.2108245803763269
69 105115.0 0.41552478731337716 0.26066452602115847 0.17830407623610223 0.12013154393498286 0.25086121599199596 0.1589007939156139 0.30773776713369005 0.18245996236747894
70 110077.0 0.4155256566791722 0.2606664490099929 0.17798929578451564 0.12022419689879835 0.2508684163611916 0.15891396461924728 0.30978691655809587 0.1824893910218828
71 111843.0 0.42987457337759655 0.2654324538576568 0.17768338238790332 0.12031423991997114 0.2566457112496344 0.159640040986324 0.2597044687187305 0.1760253584280776
72 117997.0 0.42991186047801716 0.2654590388652731 0.177343235971337 0.12038343828867573 0.256491717280109 0.1596544578960314 0.25957909334038365 0.1758988810609965
73 120760.0 0.4299118886778423 0.26545938511123 0.17701240863467657 0.1204507408116624 0.2564917939990432 0.1596545788357086 0.25986067755727077 0.17581744502542135
74 121147.0 0.4299706530117321 0.266499351125167 0.17669052257738535 0.12051622434754133 0.25653931224428195 0.16013524647348415 0.26000231049458195 0.17783820609990278
75 123067.0 0.43078287745321386 0.2686004449232705 0.17637722014828858 0.12057996165579683 0.2630589982762311 0.17275032712851168 0.25973614396527067 0.1778097763449604
76 123590.0 0.4308034876668761 0.26879430220348843 0.1760721625199575 0.12064202166646665 0.2622282423521832 0.17331020717842646 0.2597082171403177 0.17781032314537085
77 127733.0 0.44811650755954907 0.26902511817464597 0.17603233841620877 0.12015497750592066 0.2694110733621559 0.1569709118508669 0.2597081435435488 0.17910468643363006
78 127925.0 0.44812030926948687 0.2690282609214806 0.1759935354433254 0.11968042165718355 0.2694157025231948 0.1569711747651485 0.23993387637197183 0.17852517830644857
79 129208.0 0.44812121801447785 0.2690314987830028 0.17595571482418593 0.11921787988056637 0.26942236070345943 0.15698891952482613 0.24275225714952828 0.14858956603870943
80 129790.0 0.45514090469490975 0.2699057923672393 0.1758210396694447 0.1187082289119484 0.2753357874652719 0.15301177283499484 0.24228508446996228 0.14859193971929388
81 130828.0 0.45514964735213315 0.27002458026551956 0.1756896898271662 0.11821116191786422 0.27534812207782905 0.153058054830644 0.24231084704028877 0.14861683465045428
82 131858.0 0.45597778373647524 0.2727451006026371 0.17556154363957743 0.11772621850900161 0.2769026534571847 0.15362678378422684 0.2411384829368858 0.14861882866655654
83 132598.0 0.45597781148981775 0.2727452230132211 0.17543648531193057 0.11725296048348509 0.2769073101667564 0.1536311611026498 0.25461864752484875 0.14940156979886807
84 135743.0 0.4559799351295495 0.2727573614222699 0.17531440456351338 0.11679097050619515 0.27652608289642217 0.15370273267943294 0.2546177912236112 0.14940424259859014
85 139374.0 0.45599066544823996 0.27281063433146824 0.17520556770983114 0.11633700078766991 0.2764832728870851 0.1543588582430741 0.2546105986168173 0.14940762824737525
86 139660.0 0.4560647866439834 0.2733601567798081 0.17509921409588006 0.11590229861728131 0.27680235200896225 0.1570875240608997 0.2546160412156306 0.14939493610130364
87 140740.0 0.45607448061940303 0.273365279119234 0.1749953053925945 0.11547758960023498 0.2768046644937617 0.15708768437777226 0.2539292794973394 0.14933903212411953
88 141142.0 0.4560760728449272 0.2733654317790129 0.1748937582507473 0.11506253306084883 0.2768049303199986 0.15708768578427423 0.25362108089913343 0.14928505502111195
89 144584.0 0.456076153172298 0.2733659237452982 0.1747944930671438 0.11465680363470727 0.2768052521374783 0.15709001465679756 0.2553150325973473 0.1492862819164565
90 145024.0 0.45765704306938115 0.2733660213578993 0.1746974337765093 0.11426009041803553 0.27870691073534515 0.1573334388793307 0.2553970961354951 0.14937582609761113
91 145499.0 0.4576570436229854 0.27341122622612 0.17459904821593875 0.11386427171071885 0.2787827419580263 0.15714312308969042 0.2543210402263845 0.15520166682962774
92 146298.0 0.4576667155918731 0.27341980763254903 0.17450292392564254 0.1134770680140158 0.2787834486579955 0.15714358110130694 0.2505913891707621 0.15520279977941678
93 151596.0 0.4576973033217393 0.2734369967356139 0.17440886682438494 0.11309819127853217 0.27879097576562945 0.15714401166492817 0.2506541376117774 0.15520276087985502
94 157207.0 0.45773823969925687 0.2742524716223967 0.17432016136518208 0.11273495038679869 0.27866688311957005 0.1577718164719723 0.2502310460078529 0.1812772957023519
95 161363.0 0.45774404013727726 0.2743339340129449 0.17423332338933087 0.1123793566717333 0.27868580624573036 0.15779096595900557 0.24931013122039453 0.18072952288572394
96 162227.0 0.45774405623608894 0.27438813775622756 0.17414829453797656 0.11203117115906507 0.27868590728174064 0.157812760298188 0.24930452527062438 0.17490856301801033
97 162449.0 0.45793951098498686 0.2775261424604502 0.17406982497851747 0.11168381015814224 0.2766809331585578 0.1721306306656936 0.23039112528010164 0.1366652026175965
98 163810.0 0.46444464296893023 0.2855464961880655 0.17398140524038727 0.11134252940589394 0.3164445984331208 0.1742264812226665 0.2312740710973001 0.13669005731211256
99 164955.0 0.46481423851101045 0.28639363642779914 0.17384109479169274 0.1110146259751157 0.3174025421283774 0.17467171878752835 0.247367166341454 0.13779600050600244
100 165626.0 0.4649080551714678 0.2864069785116059 0.16009067081962822 0.07888008975884866 0.3174196241555396 0.17467554343922986 0.2377960968065433 0.1376913564238636
101 166292.0 0.46491144167222115 0.2864147389741175 0.16009067081962822 0.07888008975884866 0.317425751968261 0.17467743179453266 0.2380252945715252 0.1377033947845641
102 167108.0 0.4649114417265173 0.2864150844715069 0.16009067081962822 0.07888008975884866 0.31743369379107567 0.17467762822498406 0.23788102859894272 0.1353817701732511
103 169082.0 0.46737107138395395 0.28757397151661157 0.16550208410302486 0.0789214694535046 0.3259476870068938 0.17390404849533364 0.23791392749596527 0.13538262183889732
104 171199.0 0.46737113413287223 0.28757541560434635 0.16910969295862266 0.07894905591660856 0.3259477213766841 0.17390617781142897 0.23782240843687222 0.13852900963272002
105 171260.0 0.46737139692547675 0.2875842212088576 0.17168655642690678 0.07896876053311139 0.32594782452481763 0.17391256816118894 0.24244257057326388 0.13811392403676523
106 171517.0 0.46737481571734546 0.28758459501215305 0.17361920402811987 0.07898353899548849 0.3259553684333656 0.1739126073151243 0.24210033697226288 0.1378390014921781
107 171783.0 0.4673751945181741 0.2875855996523182 0.17512237438461895 0.07899503335511514 0.3259597510150197 0.17391312144322105 0.24208991199578364 0.13783649769398382
108 174664.0 0.4673752789066167 0.2875870880019787 0.1763249106698182 0.07900422884281647 0.325959865303913 0.1739138028533792 0.2601877632082435 0.1557207205138372
109 174824.0 0.467381027435652 0.28759597599812436 0.17730880399407212 0.079011752423663 0.32603035074952796 0.17394050280287987 0.26019971483279897 0.1557205347060615

