1 1674.0 0.359068139629596 0.279382193771710 50
2 1794.0 0.366989572483839 0.299922228691935 51
3 3505.0 0.366989572483839 0.299922228691935 72
4 4387.0 0.386400650396099 0.301526115676292 74
5 5510.0 0.394097749620895 0.301639950705534 78
6 5744.0 0.394100219039042 0.301734641378783 79
7 6280.0 0.394100219039042 0.301734641378784 81
8 7547.0 0.405938983662408 0.307269219852905 85
9 8367.0 0.405938983662408 0.307269219852905 86
10 8394.0 0.405945703551504 0.307744582897843 88
11 12057.0 0.419080518754703 0.309798001797979 89
12 12116.0 0.419080518754704 0.309798001797979 90
13 13566.0 0.419526804962700 0.310006638942028 91
14 13749.0 0.419526804962700 0.310006638942027 92
15 14106.0 0.431180327322775 0.318617934468194 95
16 14978.0 0.432124625320658 0.321138277907475 96
17 15671.0 0.432124625320658 0.321138277907475 98
18 16602.0 0.432449688354698 0.325863398131747 105
18 17350.0 0.432449688354698 0.325863398131747 105
19 18676.0 0.432481430492173 0.326360452173204 111
20 18956.0 0.444782689210620 0.326363936667934 127
21 19715.0 0.444792571756077 0.326370837878839 130
22 20113.0 0.444815473297380 0.326555883735153 139
23 21606.0 0.444941392590956 0.326596088624299 140
24 21950.0 0.457654003807839 0.335927405442137 146
25 22316.0 0.457692673915599 0.335954438578257 152
26 22865.0 0.457692673915599 0.335954438578256 153
27 26452.0 0.457692673915599 0.335954438578257 155
27 26847.0 0.457692673915599 0.335954438578257 155
28 27807.0 0.458064980582250 0.345667694472258 163
29 29031.0 0.458064980582246 0.345667694472256 165
30 29055.0 0.471537480011139 0.355834391368503 169
31 29557.0 0.471608419926899 0.355835240983679 175
32 29901.0 0.486025826030998 0.358279103193217 183
33 31054.0 0.500753881365272 0.369136045714222 184
34 31693.0 0.509795351634596 0.375549353072143 187
35 37736.0 0.522861752272677 0.377569959017832 191
36 38303.0 0.522979701255141 0.379065879767718 193
37 42327.0 0.522984642779965 0.379066483243918 202
38 44035.0 0.522984642779965 0.379066483243920 206
39 44650.0 0.539327912866838 0.390912310845292 210
40 47192.0 0.539544888425668 0.416386947480654 212
41 47359.0 0.539568423593965 0.416393403161493 220
42 48568.0 0.539590064308466 0.416841830435650 224
43 48842.0 0.556996195415189 0.430288341094868 236
44 49108.0 0.556996449939663 0.430290250050873 251
45 50611.0 0.556996773958534 0.430290679223306 253
46 50921.0 0.557015669493875 0.430294681680335 255
47 51875.0 0.557072883961446 0.430322518444683 257
