1 1459.0 0.550203481182387 0.199553242711646 20
2 1794.0 3.06079732072877 0.199910396794136 21
3 4387.0 0.550203634172551 0.199703611131527 28
4 5510.0 0.585702632466032 0.200248048500558 34
5 5744.0 0.585718215738315 0.200835407194451 35
6 6280.0 0.585718215738314 0.200835407194451 36
7 8367.0 0.587721219992781 0.226292354412694 37
8 8394.0 0.595395324909184 0.226420794923422 39
9 9454.0 0.649522172628202 0.247004503552824 40
10 12116.0 0.649523432049268 0.247020510016886 42
11 13749.0 0.649586640235988 0.247823847039004 43
12 15671.0 0.714545304259586 0.272606231742904 46
13 16602.0 0.714561785199614 0.289089244929051 48
13 17350.0 0.714561785199614 0.289089244929051 48
14 18676.0 0.721997285382608 0.294283842154698 51
15 18956.0 0.775144721304354 0.295212133855084 59
16 19715.0 0.775215998878139 0.295230943432551 62
17 21606.0 0.775217018863774 0.295828430592089 65
18 21950.0 0.861352243181973 0.328698256213433 69
19 26452.0 0.861652787530957 0.328777692530153 75
19 26847.0 0.861652787530957 0.328777692530153 75
20 29055.0 0.969359385972328 0.369874904096422 79
21 29557.0 0.969769189551087 0.369883386942011 88
22 29901.0 1.10830764520124 0.422723870790869 92
23 37736.0 1.29302558606812 0.493177849256014 93
24 41799.0 1.29590019917554 0.511309085819393 95
25 43916.0 1.29830516511037 0.512309809608752 99
26 44035.0 1.31485479073589 0.565037756723608 102
27 44650.0 1.57782574888307 0.678045308068328 103
28 47192.0 1.61995719218265 0.761907749198232 105
29 48568.0 1.62013633944680 0.761918790563224 109
30 48842.0 2.02517042430851 0.952398488204031 114
31 51305.0 2.02517279651838 0.952398968998784 119
32 51875.0 2.02522283566192 0.952399824057137 123
33 54803.0 2.09048858284212 0.959045060624983 124
34 55610.0 2.17566279991097 1.11857401063996 127
35 61197.0 2.90088373321462 1.49143201418661 132
36 63159.0 2.90095925793097 1.49143359607903 150
37 63190.0 2.92361083061112 1.49433532296821 154
38 63489.0 2.92435432958817 1.49435045298007 190
39 63899.0 4.38653149438228 2.24152567947011 191
40 65034.0 4.38653149438226 2.24152567947011 206
41 65107.0 8.77306298876451 4.48305135894024 210
42 66560.0 8.77306298876451 4.48305135894021 212
43 68737.0 8.94223936145712 4.69095783299698 214
43 70737.0 8.94223936145712 4.69095783299698 214
44 71042.0 zoo zoo 218
45 72224.0 zoo zoo 225
46 73190.0 zoo zoo 273
