0.121283698318261 0.195291008605848
0.116154581872180 0.130937215259248
0.237254770556344 0.0823260911192324
0.204391482100023 0.601077700587314
0.133328416809967 0.149421933554917
0.132689347667714 0.156484751927770
0.314901696373913 0.0665392467648692
0.215123766446193 0.482709576402714
0.126676088005796 0.281933946206885
0.126472956982949 0.180013669052417
0.146055786052260 0.130145515479061
0.170350350243664 0.132588315537347
0.228512132952187 0.0739769694443481
0.0943863599281326 0.343229203594177
0.117786934678397 0.208765032038448
0.122846635447677 0.270079188554745
0.240551476094322 0.166815599270493
0.135593093071390 0.146753708742840
0.121006835316580 0.454393661970341
0.126106034876313 0.253079148811996
0.0609804677874436 0.207443528478142
0.113091617555099 0.155060587534503
0.138398871011923 0.164679070056038
0.274742870224021 0.190006712518075
0.201536209449851 0.0987407529714907
0.186500147765703 0.0787212637305190
0.187028011590442 0.340534792251952
0.323605550381055 0.178653333184283
0.121282521325986 0.141629609505504
0.181350838128352 0.344730143684755
0.104662180679384 0.229512042239225
0.119453465445738 0.131943117510206
0.102726287195453 0.425363170355223
0.108819979316644 0.293899619670435
0.110401891527808 0.167189056148212
0.193067855406212 0.172073089528283
0.0776248892925598 0.253393637208540
0.239190757701940 0.171450362258231
0.0951352093993253 0.230115195917635
0.141251990912575 0.209903477742529
0.298046931757318 0.0802448777533519
0.0647721739014090 0.178670570983602
0.200425610392449 0.224422072581185
0.140310355807131 0.300566958333702
0.0667601719946483 0.415415233697637
0.221637496739609 0.214247184178915
0.146003858022457 0.0748730984472585
0.107896606499997 0.327487506070881
0.136498576637280 0.254499338282755
0.0923877903698927 0.202661495895913
0.149331835260117 0.206310506744844
0.148371343505234 0.376434021689502
0.221290330928212 0.221475714116845
0.0816942239627100 0.266978155713979
0.163739067259186 0.126622403924857
0.162073505038481 0.132890816630298
0.0434365339617480 0.178192767250476
0.115968429373716 0.284924620088605
0.174068224709959 0.158621556867604
0.0957719132972108 0.166576549004907
0.124633008262568 0.0803865030227197
0.167078224020550 0.0424642097348540
0.262117783434244 0.328969190078481
0.114360525133422 0.290518002237481
0.0913072188341167 0.114812300766288
0.232171435508365 0.248782851011864
0.0948069778157374 0.139368040071254
0.0650806123949403 0.191889572955230
0.152654529310102 0.375543919569668
0.0682286089637458 0.191874943154542
0.186414036137937 0.153329085220052
0.150897300235694 0.321960564639357
0.139414226442310 0.273564806080135
0.231819520314268 0.152626521565590
0.156781627297309 0.118544503647093
0.107453816159706 0.245304520276190
0.0701202572938130 0.251801767691239
0.154336612153097 0.163121610465836
0.121785792519758 0.251639487620804
0.156993082937344 0.268474174008142
0.132767234697873 0.154583175021634
0.0891479936663392 0.181856345966603
0.0416065691903897 0.223867675344273
0.0565110399237789 0.254037668201397
0.0497952908422531 0.163000122548618
0.129396144110257 0.0981353273695105
0.125983731778584 0.191659381314743
0.150758350231133 0.0582180564138595
0.151398521881185 0.259894592790297
0.106101092139279 0.244146428348590
0.142624449604873 0.201215902536527
0.0940706311304338 0.205852255265386
0.184249787621588 0.226596537408954
0.172632140391884 0.412806629357140
0.143604566903804 0.210135087830490
0.193829378905085 0.264714583572713
0.0547220955003321 0.335020764778965
0.109813166813135 0.426639268544682
0.157753612996686 0.195787395620206
0.0670893567186592 0.150342787486313
0.101660042887720 0.114917594862502
0.115653313859571 0.301058514019290
0.117229235693220 0.321332249902317
0.0563272948718900 0.252952852725867
0.125827670335094 0.156009544647046
0.0945333342029624 0.173230805253982
0.107605042692201 0.252721376370929
0.238290676150284 0.268045337888607
0.209605666543121 0.313723646117866
0.117570238474894 0.103412378665653
0.109989960985566 0.141441529188978
0.0733137902024154 0.194692508171239
0.191653873012256 0.246632095033740
0.176491623529949 0.398328199225587
0.102336415498131 0.227499090295490
0.113098603506288 0.334689689830456
0.116535904034813 0.190441101926950
0.242973845476511 0.140449099915796
0.164691848102163 0.156867383985797
0.0802294978883868 0.216160415082413
0.160088650906613 0.311654315969257
0.0747820009048995 0.223036902649765
0.0874268284062193 0.0793248273292500
0.210356226230273 0.327072578436389
0.0850220268892763 0.527770202983932
0.124898380774482 0.156124799507213
0.141330906088172 0.445014333575415
0.143237661608935 0.248307081704412
0.0955698762276261 0.236089163678708
0.0872916037001182 0.291423608710004
0.0999176272485719 0.254122090814203
0.0606229968852875 0.273046879095166
0.0797189734676346 0.295899747052546
0.328374464249208 0.284548685073229
0.119994383323341 0.163766050578408
0.0869739700937086 0.139448641115987
0.0892346836331651 0.290414235085431
0.189529119826319 0.209565253122632
0.263568112940657 0.0785155278285998
0.250220838590966 0.160636173119925
0.106115297290137 0.249867007080977
0.0417333917815868 0.0979780575959297
0.0988130057678791 0.177989250104885
0.122009740571847 0.124767434729281
0.119450115640329 0.198330739452397
0.110747208817689 0.125291587363232
0.131098534862921 0.176587741364819
0.115668196742182 0.170304800792104
0.153401004021166 0.423402345352158
0.0868387655167444 0.123272108566788
0.172992453207720 0.181068890951190
0.116741343061403 0.185394813689582
0.121637196612877 0.161261631158922
0.198591201663994 0.246875763978329
0.174675128036726 0.186653067893666
0.291508300887620 0.387942913692766
0.111574456169648 0.0656235918544026
0.0919773863257955 0.100838382345056
0.167508896941011 0.0879064348348962
0.0738844784169845 0.0978265953739268
0.0554270655317181 0.257358282466690
0.195044524368757 0.173470722332942
0.122854493758556 0.155845335727796
0.261313269972894 0.277266686224204
0.253220962963538 0.174022090453593
0.120357661600323 0.151891827121264
0.161212382438045 0.0301756526183541
0.231129404648364 0.455831284923729
0.192463698690620 0.369524862564313
0.206720757338999 0.297337146547833
0.116608930734951 0.212345657150605
0.241768723033040 0.317354860728578
0.212100563514393 0.199424855885519
0.110971170809015 0.183287227521319
0.110314828111676 0.0783494100128857
0.185343924991319 0.316634280405483
0.246473438653457 0.189034616333590
0.146589501360884 0.157749434783569
0.0933493468280685 0.228520124174274
0.122961683034343 0.163283099256410
0.171173926423264 0.169346926805711
0.107619335908837 0.0827492950050978
0.133095687017214 0.154693109025929
0.271251248480372 0.141752032441276
0.0939566252648650 0.183418200382724
0.0996814263717626 0.281721125631444
0.225467479830458 0.301738415991400
0.101120399109321 0.400233192393970
0.107899703580942 0.215262525140290
0.0729245435462177 0.290646529526780
0.0913061716639836 0.127513221294173
0.128367787343746 0.300343502121535
0.134119574036214 0.221950317385759
0.0858350431049773 0.152696826914472
0.220151702280386 0.120846126307052
0.0591165995984234 0.233887717504875
0.336433460696526 0.250879647138322
0.137557185856390 0.187069408481930
0.134281840414566 0.121204424708096
0.139649647884036 0.175530013787997
