1 1674.0 0.320649475006577 0.244961458534718 50
2 1794.0 0.325305752102675 0.252186801913469 51
3 3966.0 0.325305752102676 0.252186801913469 70
4 5744.0 0.333866429789588 0.258823296700666 72
5 6280.0 0.333866429789588 0.258823296700666 74
6 7383.0 0.357230199646160 0.261901489148726 79
7 8367.0 0.366885069906865 0.268979907774367 84
8 12057.0 0.369839160782071 0.269081638124400 86
9 12116.0 0.369839160782070 0.269081638124399 87
10 13749.0 0.370781400659013 0.269205778864154 90
11 15671.0 0.381080884010651 0.276683717165937 94
12 16482.0 0.381326487485032 0.277093110590114 101
13 16602.0 0.389399221145593 0.282463838754496 104
13 18233.0 0.389399221145593 0.282463838754496 104
14 18676.0 0.389435126241368 0.282463838755209 106
15 18956.0 0.397888064368040 0.284903546091350 112
16 19715.0 0.397913360779142 0.284908221043010 115
17 20113.0 0.397913527926144 0.284960184202426 123
18 21606.0 0.397971605725086 0.285169062377599 124
19 21950.0 0.409342223031515 0.293316749874101 135
20 22316.0 0.409440902678268 0.293335030224129 141
21 22865.0 0.409440902678266 0.293335030224130 143
22 26452.0 0.409440902678268 0.293335030224130 147
22 26482.0 0.409440902678268 0.293335030224130 147
23 26847.0 0.409579182924160 0.293832236303688 149
24 27807.0 0.410079156226247 0.306260491982382 159
25 29557.0 0.410079156226246 0.306260491982383 161
26 29901.0 0.422140307879960 0.315268153511275 165
27 34815.0 0.434932438421776 0.324821733920708 166
28 41799.0 0.440990398595530 0.328633517601399 170
29 43916.0 0.446206278241570 0.332311409212851 174
30 43931.0 0.449671761093564 0.346846455329332 178
31 44035.0 0.463724003627738 0.357685407058375 179
32 47359.0 0.478682842454439 0.369223645995746 184
33 48568.0 0.478705474619093 0.369911596413264 192
34 48842.0 0.494662323773060 0.382241982960374 203
35 49108.0 0.494665257845471 0.382244016212163 208
36 51305.0 0.494665775360916 0.382244423537728 210
37 51875.0 0.494677650181681 0.382256160089149 214
38 53742.0 0.495103626650573 0.382997956682663 216
39 54518.0 0.495123048149808 0.386720388334191 218
40 54803.0 0.495235532956594 0.386981458861010 253
41 55311.0 0.507094618390958 0.408347251381791 257
42 55610.0 0.507099195040548 0.408351844378982 259
43 62112.0 0.524585374179874 0.422432942461020 268
44 63159.0 0.524989499291688 0.433277069672468 274
45 63489.0 0.525034707010339 0.456380547652849 278
46 63899.0 0.543785946546424 0.472679852926173 281
47 64252.0 0.543789264013668 0.472681695506856 302
