1 596.0 0.349734202199513 0.326290885426035 50
2 1459.0 0.349748881435157 0.328787645944960 51
3 1794.0 0.349758099348356 0.328801417191454 52
4 3966.0 0.349758099348357 0.328801417191454 68
5 4387.0 0.359751187901167 0.338195743396923 69
6 5510.0 0.372932658183329 0.341163631359719 81
7 5744.0 0.372937281795447 0.341219886479947 83
8 6280.0 0.372937281795447 0.341219886479947 85
9 7383.0 0.378419172908117 0.341238957831133 88
10 8367.0 0.389549148581886 0.351275397767343 89
11 8394.0 0.391865526574723 0.351450273162619 93
12 9454.0 0.393373117878973 0.371466260270456 94
13 12116.0 0.393374464596752 0.371695908977181 96
14 13749.0 0.393572884386333 0.371696573376401 97
15 15671.0 0.405499335428343 0.382960105902959 101
16 16351.0 0.406449413171665 0.383543433687222 106
17 16482.0 0.406449413171666 0.383543433687225 107
18 16602.0 0.410486335530294 0.398647627262774 110
18 17350.0 0.410486335530294 0.398647627262774 110
19 18676.0 0.413514272115031 0.398663425146786 113
20 18956.0 0.428380771919111 0.402138116386102 129
21 19715.0 0.428399031630887 0.402138116647746 138
22 21606.0 0.428645095167217 0.402549631366643 145
23 21950.0 0.442040254391192 0.415129307346849 151
24 22316.0 0.442111591362574 0.415129307775497 169
25 22824.0 0.442111591362573 0.415129307775498 170
26 22865.0 0.442111591362574 0.415129307775497 172
27 25345.0 0.442111591362571 0.415129307775498 174
28 26452.0 0.442111591362573 0.415129307775498 175
28 26847.0 0.442111591362573 0.415129307775498 175
29 29055.0 0.445206002552753 0.427520626434891 191
30 29557.0 0.445319847774584 0.427547357440473 209
31 29901.0 0.459685004154409 0.441339207680489 221
32 34815.0 0.475007837626224 0.456050514603172 223
33 37736.0 0.484012529889783 0.456405281519812 225
34 41799.0 0.490205194376131 0.460895298717379 229
35 41869.0 0.491527090343932 0.461258751207763 233
36 43462.0 0.491528277441265 0.461260316222663 237
37 43916.0 0.491528277441268 0.461260316222663 239
38 44035.0 0.494375634717395 0.477603730880184 247
39 44650.0 0.511423070397306 0.494072825048468 249
40 47192.0 0.515682947425413 0.497422063428540 251
41 47359.0 0.515717916873919 0.497422148028901 255
42 48568.0 0.515851717510830 0.498055927231461 259
43 48842.0 0.534274993136215 0.515843638918297 269
44 49108.0 0.534275801623852 0.515843850243342 274
45 50178.0 0.534275818452073 0.515843869866103 276
46 51305.0 0.534275818452071 0.515843869866104 280
47 51875.0 0.534283458487702 0.515848357239418 284
