1 596.0 0.313878563734032 0.232426043174925 50
2 1674.0 0.314222477297175 0.235962265258329 52
3 1794.0 0.328206287132005 0.243782429276293 53
4 4387.0 0.328206287132002 0.243782429276293 71
5 5744.0 0.340453866315718 0.257714229592309 73
6 6280.0 0.340453866315715 0.257714229592310 75
7 7383.0 0.358169574116910 0.267032606488302 80
8 8367.0 0.369023197574998 0.275124503654613 85
9 8394.0 0.369119222476597 0.275795656907196 87
10 9982.0 0.377031826213701 0.275940934987569 88
11 12057.0 0.377039526727300 0.275943203493247 90
12 12116.0 0.377039526727300 0.275943203493245 91
13 13566.0 0.377726841163818 0.276304727573313 92
14 13749.0 0.377726841163819 0.276304727573311 94
15 14220.0 0.389530804950186 0.284939250309980 97
16 14978.0 0.389530804950186 0.284939250309979 98
17 15671.0 0.389530804950188 0.284939250309978 102
18 16351.0 0.391312726921632 0.290308276979852 109
19 16482.0 0.391312726921633 0.290308276979853 110
20 16602.0 0.409661322811128 0.311526352968556 113
20 17350.0 0.409661322811128 0.311526352968556 113
21 18249.0 0.410644871140200 0.311870415607889 116
22 18676.0 0.410741807150985 0.311951354381314 122
23 18956.0 0.427500598506905 0.317013749135638 128
24 19715.0 0.427503922386593 0.317014275754777 131
25 20113.0 0.427560734257335 0.317281517015701 142
26 21606.0 0.427665738677591 0.317484152957022 144
27 21950.0 0.441461407667189 0.327725577245959 151
28 22316.0 0.441474430218171 0.327727619986429 157
29 22824.0 0.441474430218174 0.327727619986432 158
30 22865.0 0.441474430218173 0.327727619986431 160
31 24671.0 0.441474430218170 0.327727619986430 162
32 26452.0 0.442890285721017 0.332303260838993 163
32 26720.0 0.442890285721017 0.332303260838993 163
33 26847.0 0.442916714564946 0.332316054952765 169
34 27807.0 0.442970006996414 0.344326627433480 177
35 29031.0 0.442970006996417 0.344326627433481 179
36 29055.0 0.457735673896298 0.355804181681262 187
37 29557.0 0.457830343913086 0.355888381842286 190
38 29901.0 0.473617597151465 0.368160395009260 194
39 34826.0 0.490532511335445 0.381308980545306 196
40 38303.0 0.494452233746414 0.388603164022967 197
41 41869.0 0.494462360694851 0.388606953999204 203
42 42327.0 0.494463281345269 0.388625777150396 205
43 43462.0 0.494463281345267 0.388625777150398 213
44 43931.0 0.494463281345268 0.388625777150398 215
45 44035.0 0.497106103694643 0.389437394806422 216
46 47192.0 0.515517440868523 0.403861002021473 223
47 47359.0 0.515522015968333 0.403865510313279 227
