0.210837795862297 0.324463425752595
0.203648892658859 0.295696855938078
0.275011619184653 0.259750253702478
0.251023033449928 0.301630247163406
0.208569227119950 0.364423868196849
0.194418271397033 0.263817170589708
0.167659934142922 0.268583125276723
0.245551358556988 0.389518192595484
0.266972555188365 0.307670075591326
0.230071230576282 0.334587084256011
0.133091201089214 0.374668949745488
0.277628058119009 0.388848543866430
0.267520896303015 0.322458530315573
0.237150640464783 0.336161487738785
0.243401856308231 0.332339032373279
0.286910259473436 0.422944565687197
0.224451639393585 0.317494065020869
0.244970631725896 0.253243003682054
0.280613964595875 0.275118011868309
0.268055517310169 0.420933633366989
0.185939591078419 0.262699637030996
0.324622083943815 0.374985173802086
0.219911074498437 0.324164338447915
0.276875283867294 0.346745470106888
0.244195632961735 0.259864171999237
0.284168410340159 0.334325993759418
0.282288287345622 0.324695956208997
0.368307378963678 0.371760546320990
0.225840431249675 0.316059648703054
0.260986660240876 0.271975969115565
0.251702456037468 0.374048975386553
0.243115102677075 0.263514186851905
0.202429612134008 0.341048499988754
0.317569002318545 0.294295929081372
0.193508420770794 0.326565474099831
0.354463761191722 0.333639455635519
0.345642046522516 0.380026282891540
0.290810683787655 0.268886972139088
0.221864527438541 0.300997688233668
0.282931234358801 0.356064173873045
0.197361066662551 0.290326753510913
0.277765023160474 0.239556399723663
0.389979902903781 0.318967327343917
0.192355303271921 0.304191273789542
0.294078997160587 0.416903616568410
0.252052945731906 0.370992717382081
0.274477275851977 0.235594972340173
0.260744343637895 0.337945770450889
0.306952031954039 0.224465624997509
0.247579766931502 0.340368384293764
0.297452181557733 0.448434972895335
0.221888100379143 0.326542693689478
0.290359816646283 0.378576310856100
0.271684506731595 0.298254223663713
0.264532815128520 0.286380804672598
0.217841841227999 0.257622232901351
0.265360402227644 0.332715766978504
0.280290743875155 0.286202509082191
0.196877290448655 0.254957134470684
0.274058566365370 0.302788033266175
0.289086699205684 0.290736441235755
0.252019383533150 0.287340937753478
0.359654903448429 0.252705141744796
0.351839708112943 0.216964936844469
0.150920467945351 0.264626983711899
0.237043586540957 0.266508627761301
0.172877278436796 0.375569857975336
0.384214766386162 0.209000499709932
0.283726256647603 0.268663744318250
0.246928524290964 0.342254648345883
0.217227380624887 0.374173301553269
0.273833689396900 0.294006546969264
0.334158216349342 0.274468897472175
0.317742194470054 0.325539414175433
0.245702387028118 0.246203356347920
0.199863140479025 0.211114430539948
0.313447149409464 0.355585565208336
0.246378309390774 0.310091050005295
0.297351905961570 0.312486990505506
0.246052770709524 0.290466947846610
0.327774351276106 0.234700505019902
0.277136144120726 0.314699447533577
0.329849963858675 0.300245549908683
0.285039061347306 0.292166961503728
0.152123043954924 0.346946692592829
0.212453283332684 0.282701327465850
0.289674211760322 0.255902589527645
0.215051672379244 0.281505281787193
0.303851563198746 0.382830006493507
0.304255605360676 0.366140880673698
0.288347849486725 0.399489182725615
0.191739349914402 0.408256561590419
0.252610179280420 0.239959086532160
0.253273670542591 0.375890299097941
0.231907545175811 0.360456410937949
0.117508237873033 0.338341540263922
0.362766466254393 0.264157063843077
0.236565788449835 0.309192245961186
0.204755371446732 0.356927004008328
0.303707328775735 0.309031930249992
0.230548584899126 0.374913388199060
0.300935817916007 0.395036482165950
0.281727535065120 0.400261537746360
0.137979797701730 0.325994212017121
0.300132458537679 0.323318574562686
0.268593527309533 0.390879312436481
0.191886101849866 0.324245096530351
0.224125542250953 0.256492091705918
0.235230011515748 0.233084612486575
0.188846241435503 0.293167086243213
0.184341493288094 0.372254933474949
0.242771764249991 0.330404455715828
0.274206266544748 0.308073487033326
0.233916888309414 0.354423334364306
0.198391945571925 0.295210401010176
0.289157463121260 0.322246689995720
0.268738058220546 0.276593803367936
0.266715189873525 0.250691738591435
0.239641885556266 0.362311037207655
0.198014633928718 0.338105843835051
0.293645164612585 0.321773252448070
0.212121579092929 0.343777290178651
0.217855387013262 0.445457527068087
0.231136215282691 0.313007020307728
0.246088586957490 0.320850776939244
0.198457278503567 0.291629276605982
0.316016647827683 0.306381598333147
0.290243444387924 0.287878321857310
0.214837706827553 0.240276619302975
0.361923978964013 0.317826521597574
0.288890291086495 0.330312342635140
0.298754452721586 0.315531363064866
0.245472142965518 0.215660081804182
0.268149191490242 0.331671321407194
0.219313412722957 0.340064509446604
0.308304207621611 0.360599541351244
0.237612765777929 0.278905637604165
0.194747708245590 0.255359998144008
0.202902063257368 0.440803638421395
0.256817455761525 0.319119027455901
0.258771809619236 0.261030977204801
0.173135857018391 0.360167866892759
0.246562173438880 0.281807697290826
0.193438214276642 0.327231374133100
0.272316734766665 0.385377261340003
0.224244318907731 0.318786767788319
0.282166374152119 0.379595864624248
0.313024147752759 0.440013197757731
0.260202123353563 0.371333298822424
0.310883304237935 0.402025509318562
0.243853570715086 0.262928260090770
0.314817261994334 0.334334973995696
0.259025148393998 0.297001275605252
0.228463046448391 0.219104732133071
0.215770599948578 0.391271688430931
0.235190061916281 0.371583754924810
0.146546084520921 0.233282808922992
0.285300332132358 0.296695974777174
0.286643261514836 0.255558556653273
0.306080347881813 0.366792305874957
0.260058184455187 0.281447019205344
0.259946554201674 0.287807162060611
0.253555119994642 0.370603831799702
0.179210710832047 0.296657331612509
0.224344190797815 0.331837544693413
0.251261968102375 0.324789520984782
0.212082703582426 0.362116190167419
0.246326562555781 0.335310979179430
0.310480869250467 0.329687748078997
0.185636928907947 0.299983589093990
0.284957242275475 0.297798532060577
0.263188981493367 0.278080116387612
0.238494864322719 0.391218722852545
0.305363295173161 0.366697501557549
0.269619782320046 0.357327709710858
0.300034557271916 0.291500419818509
0.267216177157330 0.410532677932372
0.292481076478459 0.348353859488991
0.249298609368016 0.314851091827261
0.200905259381998 0.275157415059557
0.257393069639696 0.297350693700896
0.338672388449627 0.300131228066378
0.225628976074563 0.275857643373951
0.296419816228087 0.345051687556335
0.164316855796607 0.421516130296880
0.274857464666665 0.311743589002414
0.298184153048052 0.298264434564663
0.387016557161488 0.304415746960654
0.283574003197269 0.277770133966790
0.314167204827916 0.285307154989498
0.290710199063533 0.329426607565679
0.205217553994416 0.276947146132322
0.281650238403555 0.326226531083456
0.310242490887659 0.482207728889576
0.186030874909920 0.412408683194767
0.233800090580127 0.409031077747428
0.245282908806279 0.228231965243946
0.252495649904584 0.328394055903625
0.188611746997092 0.188312829186464
0.182000646324413 0.277139208652635
