0.210485933284819 0.401867980412352
0.255519943020811 0.234420479105561
0.289637865685693 0.379986393526756
0.215707046683775 0.322625802784216
0.142044355940947 0.317095301674218
0.284297597912417 0.369199912950534
0.200911722668818 0.313567502644257
0.228567410592352 0.354471112561906
0.323912751241844 0.303883987450232
0.248812759210203 0.301223913680403
0.266775929944308 0.293852313415052
0.324355612903858 0.273755916518703
0.336407014354744 0.465292648332828
0.239079527837170 0.369481289182753
0.218406706612257 0.307735894606536
0.251219772249984 0.308235944140573
0.269074266422504 0.242282983002964
0.250175134539681 0.270861497932878
0.205604969325987 0.246021277044908
0.229571186890082 0.305257276574220
0.241298953255814 0.274918037634172
0.181625383473745 0.328014152108574
0.301218257165979 0.343185700324492
0.256228291824623 0.256461705934713
0.156802710926179 0.306240381724961
0.227652007049204 0.296730853211653
0.245288394536349 0.165501527482856
0.256715803568843 0.326790347215455
0.210429386002557 0.260971194463146
0.212746557613451 0.262723175710006
0.305312554776034 0.326956710176651
0.204988198893024 0.230431478133051
0.186200736590601 0.361117089448936
0.219563601692786 0.295988842220786
0.304660728252421 0.289472407718468
0.214784545175630 0.341801738966415
0.257185356146719 0.275344180999212
0.244680394030059 0.336143995844232
0.232138220186484 0.277462992473972
0.213444052155204 0.345724207102649
0.166803695565038 0.367702576588024
0.329860098671053 0.369632794439036
0.198448676262776 0.336466082045014
0.216549582786113 0.354626009616567
0.199895485681129 0.331272496080595
0.276042206048520 0.300693483239785
0.249536953282482 0.271446657273411
0.256329686889772 0.318506943293903
0.216015744084527 0.256822483777457
0.245055873642504 0.332563633037724
0.277314532578373 0.375523888854415
0.321190649514735 0.267335790409040
0.274665346415185 0.333243208166333
0.316392954853259 0.316026063644582
0.212205141192227 0.300273428375648
0.207338748041191 0.361223359065878
0.291183278485426 0.308740424511628
0.357271450397180 0.328954776254414
0.282729251952569 0.376089845588616
0.334414938919684 0.266393424056556
0.198160719080927 0.308750908544690
0.182587385853942 0.363867867669991
0.175214894532336 0.242051416978534
0.295896403031402 0.388457181458190
0.211895122205116 0.338975764455369
0.252933500672776 0.306212077986304
0.180112709273445 0.326798862461977
0.259903246078484 0.315502399998272
0.217980652726907 0.282874609558726
0.255519523500975 0.288193835143799
0.204121655886916 0.294975371309022
0.225639547063300 0.215509925337199
0.261899868694967 0.254131852779211
0.196342585407056 0.291548680776627
0.174044487248745 0.307579224198123
0.188234072534353 0.334144048471289
0.274225616878929 0.348073168202701
0.189143884802761 0.265596790189143
0.221303485731328 0.302859144002424
0.203917449647814 0.299975881446013
0.368248686074547 0.319230984037478
0.272142916011766 0.316242896173030
0.323403121080307 0.336008313610258
0.288996163776302 0.384472173700012
0.310480993271098 0.283128538285509
0.223750504521385 0.281937279369534
0.241652086698732 0.309923652982087
0.147358450808977 0.302501241667582
0.155407533574221 0.315935880068050
0.230248869723104 0.337050391180272
0.256099811623351 0.317682825509133
0.240231173066515 0.407432852497644
0.205980188610971 0.269849542441210
0.181851249310114 0.315371324275525
0.248192462550726 0.207469916622653
0.222504983981592 0.278526663616513
0.289461311389436 0.359469794691123
0.219067024882840 0.349129531955319
0.243348870736200 0.237255151286293
0.200706850839033 0.368097476245266
0.203181585060731 0.356063464113037
0.258915805055242 0.347293532946097
0.287825255219021 0.229258253690353
0.279573261800822 0.263646825471483
0.180672840307386 0.253851089847063
0.267608574322024 0.299884060247929
0.245368611650030 0.267209806329968
0.305778671719166 0.356828600240851
0.306860671548139 0.326731012342784
0.240708029900219 0.357247669303918
0.129363304018271 0.323286764188589
0.214541784365753 0.294351499931731
0.276150730130233 0.385714274314259
0.320043494381540 0.379018551270230
0.202752969215311 0.278880626644661
0.340856906776989 0.247424757691814
0.152282376531060 0.379773651001403
0.279605181536450 0.427813589491012
0.286785387004699 0.316680797995720
0.364758654744723 0.362635672359316
0.224210085072548 0.383643845192193
0.232995526903419 0.339852782712449
0.232683382294604 0.269013738030606
0.179395476307511 0.224195289013806
0.243980996987057 0.210638040719949
0.318679097586243 0.427076400324277
0.201383839110202 0.318644879506899
0.200009357196409 0.219333235451250
0.322326946809269 0.226459726393835
0.302215328571530 0.290040661374297
0.222044761285100 0.352222702108037
0.279021496444047 0.322292885697986
0.259635827106747 0.313219513658489
0.186473759852936 0.306496105632012
0.299700150741550 0.341551881342235
0.276238460007270 0.221263431706994
0.283460851195789 0.278249436678814
0.237821222731915 0.373679508556462
0.254677815749615 0.209331783607107
0.212058790112427 0.316235765583877
0.311263918327414 0.346853413893696
0.273791395037246 0.323383009327036
0.194163953994799 0.341618735960298
0.224658355842811 0.254778175972704
0.425232360948411 0.307668909154414
0.222786781283221 0.241699428191230
0.225070474552179 0.324097112051690
0.261543009621833 0.318378684597920
0.284111530253313 0.236669671426150
0.268213884079665 0.461450077670336
0.220519664711069 0.316949176915243
0.280475958987545 0.364854391512863
0.279995391572774 0.203867937879163
0.247167698392120 0.297762218707850
0.338618093725928 0.270287178398511
0.243374205248090 0.304663214079622
0.256784358862115 0.271705683621663
0.243538212030486 0.355331880416305
0.308451543751835 0.318561459620990
0.252097636674947 0.358116550516591
0.224112995676693 0.314509589767009
0.261765166773089 0.297084576498165
0.272345049946276 0.324919607373311
0.285470995143572 0.231552923732277
0.296454308795704 0.374593663221055
0.199102677883918 0.334889941166474
0.426720998877779 0.289423326088753
0.309625798992257 0.322800723019148
0.213131255358012 0.321496143286003
0.229559352252226 0.255976353087573
0.307486326043823 0.284689201100979
0.299716228835806 0.409218797729804
0.254350568032219 0.281947527918267
0.290367123522457 0.283915338001198
0.227412504527531 0.249426582421368
0.247562018013489 0.373919407985289
0.202392412489564 0.267552036240875
0.259184147368524 0.284883527424817
0.206267993883723 0.384715597755231
0.262362925963320 0.221726992470552
0.208841760721680 0.291901193737044
0.211100411292159 0.274785176565835
0.263486544605633 0.367244928955759
0.243851626499982 0.203555902796893
0.261037801706270 0.223853501775771
0.270243085328388 0.298876594818495
0.229293142152418 0.267801351781789
0.201164756922911 0.400455529240433
0.231663078382935 0.358861959228507
0.234343031205924 0.369796666586518
0.177790361446140 0.326273753359521
0.218842360188511 0.325829296624550
0.217786184328026 0.293213332756114
0.301401129220428 0.368588226907659
0.247502364644514 0.297864369156292
0.179138342844140 0.277502650084671
0.229921035793355 0.301531171068871
0.249594856318059 0.246877983969484
0.200071282150397 0.274466998432800
0.308268873000355 0.403399645010337
