1 1674.0 0.349015263706192 0.277933922747812 100
2 1794.0 0.351899696778462 0.279914546042528 101
3 3966.0 0.351899696778464 0.279914546042531 140
4 5744.0 0.355991553717745 0.283169366345351 142
5 6280.0 0.355991553717744 0.283169366345345 146
6 7383.0 0.358887415109924 0.285174985246413 154
7 8367.0 0.363109619993567 0.288529985072843 161
8 9982.0 0.364790934395331 0.288551414599967 167
9 9990.0 0.364792734314214 0.288552679025150 171
10 12057.0 0.364797152993770 0.288572932196678 173
11 12116.0 0.364797152993771 0.288572932196676 176
12 13566.0 0.367054821871962 0.288715192849913 180
13 13749.0 0.367054821871962 0.288715192849914 181
14 14978.0 0.371424522132342 0.292152278479082 189
15 15671.0 0.371424522132342 0.292152278479079 191
16 16482.0 0.371947419573970 0.292153839918450 205
17 16602.0 0.378645341641591 0.292867344433469 211
17 18233.0 0.378645341641591 0.292867344433469 211
18 18676.0 0.378658667341551 0.292867344437134 213
