1 3090.0 0.09464977486498226 0.11255093069951375 227010.7916526787 0.09464977486498226 227010.7916526787 0.19246544613069344 0.20008656107302322 0.19246544669104548 0.20008656118100737 0.09464977486498295 0.11255093069951506
10 10828.0 0.1107481677787528 0.11465699523875374 143548.33759587276 0.09885828928015994 361937.2678361772 0.2021801467743079 0.2013703165520257 0.1960230743783016 0.20087702281389436 0.10590324855828954 0.11404173153358424
20 17950.0 0.11087410927317051 0.11498050720893727 143139.93823596288 0.10026112741855249 502462.0292119192 0.2023480197837994 0.20185435903387222 0.19902269277762907 0.20125526450213257 0.10781662243209408 0.11444098425202424
30 27479.0 0.1109237672572869 0.11505163419627008 145238.78533587937 0.10055462110786828 647165.9039767367 0.19950672289619967 0.2036798789174821 0.19928994611681528 0.20197731075810968 0.10840450490582605 0.1145504560193308
40 34563.0 0.11334393872941723 0.11512477064784689 136550.73129357272 0.10098943553108128 782576.5977821227 0.19727806574262402 0.2011340581239013 0.19906758598582874 0.20207593646516867 0.1104104422050715 0.11427988497243753
50 51958.0 0.11598072866054954 0.12022106072254726 132644.18876204506 0.10165592295592919 913415.4133523761 0.20092886138854635 0.20987637453006433 0.19920948848987627 0.2033893707437125 0.11222117081083148 0.1167295395736755
60 74992.0 0.11700982064864322 0.13044262752211316 131193.5510851906 0.10215099318334506 1043182.0633996882 0.2004700385009799 0.21185786299797363 0.19941982327996277 0.2047959334221798 0.11285592922252168 0.12030043952234783
70 82749.0 0.11719559996774773 0.13398373727767535 131034.20386168655 0.10283585161355649 1172709.594712248 0.2044177682422026 0.21130971759736986 0.19950268556181608 0.20558991215848452 0.11340305882243931 0.12403371976854363
80 99305.0 0.11937928590895332 0.1360356415358375 124489.26472239727 0.10337227785521969 1295202.1902908126 0.2047509375933911 0.2075003379338117 0.20011788767785343 0.20620332050033235 0.11479835650159631 0.1258029421588612
90 111394.0 0.12036920049537927 0.13858247368965532 123296.46403598602 0.1032710919055682 1419071.0868707427 0.20409095959629414 0.21039810736646541 0.20056262978153008 0.20662648992210653 0.11573926694004463 0.12836326612632876
100 118935.0 0.12061398859613025 0.1388025475633601 125910.01160034454 0.10313645387885771 1545671.1370594038 0.20611921793310028 0.2108806982543906 0.20093324172635874 0.20699897333226175 0.11585845029862048 0.12861316980027027
110 139150.0 0.12196496810551272 0.1389037883856817 122331.55255000836 0.1031265639602119 1668060.1203404453 0.20611921793310234 0.21088069825439087 0.20140044679002944 0.20734867828020123 0.11645953496767569 0.12872163697719158
120 151752.0 0.12198680061110395 0.13901339355293435 126450.42789373791 0.10283656974609184 1796229.606407508 0.20548135110394472 0.21043302665641422 0.20177043041921947 0.20763017859745136 0.11649641416281917 0.12883765695614455
130 163378.0 0.12427824862320007 0.14070457798190947 120511.68014911644 0.10274137518399266 1917428.3491473116 0.20576632770413783 0.21037541370409873 0.20205807001301843 0.207842952124313 0.11808361000275039 0.12960577948194346
140 177440.0 0.12435083408494457 0.14074660548280257 120780.938234747 0.10263617108266324 2038976.9096905603 0.20676623898627114 0.20971313989781792 0.20234790879518488 0.20800386136733237 0.11817737403516403 0.12967204225478673
150 188944.0 0.12631976957846514 0.1416928958428794 117502.93667411426 0.10255044098769373 2157223.962095015 0.20730161264020008 0.21372204887466004 0.202646596738891 0.2081492847521982 0.11899849178427525 0.1301038161906538
160 207964.0 0.1286641262473662 0.14496724994109494 111355.48822146308 0.10254240461165946 2268667.445103967 0.20701298465372825 0.2138753276336079 0.2029245084554178 0.20850588969923498 0.12055079978715615 0.13227241503103498
170 226181.0 0.13004334290157685 0.1596217269298006 108609.3242705189 0.10239705276031533 2379256.4416205664 0.2073216224294954 0.21367500693783792 0.20317701707208413 0.20881867591378808 0.12094780668859194 0.1437351973356427
180 251516.0 0.13007514087339048 0.15974594778259837 108607.15371643577 0.10225765218146543 2489786.644504231 0.20728138418923364 0.21344025767238062 0.20340547844547963 0.20908158516049374 0.12104836753625797 0.1436597927395131
190 269837.0 0.13025595400506373 0.15985136638378689 108218.7700219665 0.10213219166050051 2599771.800606399 0.2072813841892327 0.21344025767238048 0.20360840544777029 0.20930978790980725 0.1211943101502092 0.14364678466852726
200 280071.0 0.1303111954917091 0.15989106158663513 108424.37338986635 0.10201867976057988 2709788.57389405 0.20595058607411335 0.20733299495525834 0.20378576262581838 0.20948241834197628 0.12127950724342211 0.14360619885985967
210 307735.0 0.13041792408372455 0.1604474108668569 108610.4428093235 0.10187702059775727 2820456.7712433604 0.20449031332108172 0.20691601203623045 0.20387426531831088 0.2093776612718208 0.1213776206677718 0.14352058517392793
220 322822.0 0.13064420798794968 0.1607355736347279 108336.59107411136 0.10176184904724014 2930469.800247243 0.20253195115694236 0.20700721217946394 0.2038306474143073 0.20926728512114 0.12156532884813978 0.14357204815187
230 329637.0 0.13469843896595504 0.16628834305753215 99091.03846858621 0.10178931704985376 3029049.9186689677 0.20631277779844406 0.2085040922788169 0.20392568119168525 0.20921181484002074 0.12380126186713722 0.148842602207395
240 339072.0 0.13492163501999482 0.16638472731062312 98817.21149020157 0.10173889775573422 3128879.355090142 0.20631315263949407 0.20850448437641567 0.2040247362052699 0.20918274032186007 0.1241046109383829 0.14882156970640356
250 349572.0 0.1352584741397783 0.1686433819827017 99126.92537021902 0.10171052741038561 3228560.844477365 0.21211442846577344 0.20960006024197064 0.20430080842009804 0.20919063533763468 0.12451542603095354 0.1509514973371371
260 356753.0 0.13530029985744962 0.16865334109563912 100131.0334705611 0.10168393034293119 3329192.1578130852 0.20990449193133684 0.20210391121127302 0.20452333940686593 0.20897481563428041 0.12458451828546256 0.15069415731351934
270 371011.0 0.1369231777842518 0.16945121269266647 97868.58473649126 0.10167164486010374 3427310.5900218524 0.21007382459122692 0.2021429456721089 0.20472627982564368 0.20872189422917609 0.12562851459883217 0.15077920363301858
280 389196.0 0.14177948875736046 0.17114222224710005 89866.83687113062 0.10171549655667421 3516050.1149951154 0.2121487388564108 0.20342287376510346 0.20497108925796886 0.20852867451839668 0.12778117766398803 0.15149366670476413
290 400338.0 0.14193063517722848 0.17185733055923882 89657.23848068772 0.10175697860509816 3604635.774475326 0.21223829557206986 0.2041032525975225 0.2052207950920547 0.20837364958857263 0.12790834238014984 0.15168787593071595
300 416258.0 0.1422648292470258 0.17244956845311332 89186.14912467598 0.10179578439233346 3692804.821483867 0.2122356697037455 0.20409913780751432 0.2054538827517201 0.20823169534851294 0.12808574244116758 0.1517638501278361
310 425546.0 0.14332426400530746 0.17260517770728417 87695.02329708695 0.1018716971547863 3778485.88426592 0.21189880755048113 0.2039303778912333 0.2056468576669011 0.2080933331094517 0.12884241349465783 0.15154729267633918
320 440117.0 0.14394225081257328 0.17289753001918967 86697.235920876 0.10197412971059049 3862461.2754532252 0.211897871069188 0.20393035399098444 0.20584160203907156 0.20796364550981333 0.1296850572069082 0.1514123067400387
330 449299.0 0.1470548394367465 0.17513202906569347 81486.96686489574 0.10207053682193559 3940896.9049982014 0.21265234361320193 0.20410993008865883 0.20604186750558326 0.20784336830301323 0.13236130969755378 0.15261196023046647
340 464125.0 0.14727703284048346 0.1758490332190538 81482.0653767904 0.10216458521508838 4019421.055728954 0.20885594503900154 0.2042178255165668 0.2062249368721207 0.20773577759410822 0.13259671689420033 0.15263995288059673
350 475242.0 0.1502998079938995 0.17622511282246647 78645.11662491875 0.10206349942877291 4102084.2693083733 0.20600012956590089 0.20344108924333962 0.20627667680981532 0.20762886381524112 0.13496994073734403 0.1526186428998479
360 489204.0 0.15074218831845945 0.17631076163981205 78153.70004174505 0.10204982092359163 4180757.187564434 0.1995710220285684 0.20148055677605342 0.20621067041740124 0.20748314254119343 0.13502076010303554 0.15237569304176424
370 503799.0 0.1511899250921468 0.17645744371205083 77942.64211837339 0.10204338093471005 4258944.523395829 0.19956265785628113 0.20147621965502158 0.2060315514929586 0.20732127471682202 0.13536755589158375 0.15220966468698477
380 513895.0 0.15121009137881355 0.17836313091751754 78127.98505266487 0.10203753204730011 4337293.536546317 0.20136224722086024 0.20158214502402141 0.20590934998754107 0.2071700053705973 0.13534346955478907 0.15373442030826384
390 525754.0 0.1519239252677111 0.17920788980635843 77690.88179744287 0.10203270146754444 4415169.261263542 0.20949667090173715 0.1998629158613988 0.20583839635330867 0.20701999654526806 0.13563384067647227 0.15407081333443695
400 534787.0 0.16056893707209063 0.18436406658257298 66664.63372305696 0.10200864145817534 4483078.942142215 0.20460025608078378 0.2030605134374685 0.20585707978742712 0.2068914452159293 0.14149325793793432 0.15602789791941707
410 553550.0 0.1625456899473944 0.18701699055438945 64644.23151512726 0.10201823226433827 4547213.557963339 0.20819491973695134 0.2047257947189301 0.2058440008679135 0.20680632887892222 0.14225556204362866 0.15647724959444043
420 567632.0 0.16320644456312905 0.19092480652408267 64794.36154962771 0.10214970294710192 4605607.041471126 0.20845006289204893 0.20359034267754464 0.205891733233184 0.2067288927412684 0.14258477385913448 0.15857276648842672
430 580811.0 0.16680700117724137 0.19341662911572022 61940.483521176495 0.10236591432970112 4656954.9844865315 0.207886493170444 0.20355464512990085 0.20595635163962728 0.2066844623172036 0.1443533134488372 0.1591610283228621
440 594575.0 0.16871993126826182 0.20369702773119727 59902.944824753395 0.10253698284566891 4707837.90486065 0.20623929658506465 0.19844947827952983 0.20598570222408122 0.20655282311353043 0.14509110088594362 0.1614305550949873
450 610604.0 0.17179691629048358 0.20404877605710448 57039.66017539405 0.10272436299971865 4754466.479456018 0.20676427008052944 0.19593886694348378 0.2059977785206464 0.206337845038837 0.14693238688384333 0.1614573597614303
460 635626.0 0.17185773352106748 0.204359560786231 57073.1725187793 0.10276963117115454 4808821.988737908 0.205938248531304 0.19546827832921373 0.20601243976658945 0.20610532245206162 0.14696825637018018 0.16148450253252022
470 650912.0 0.17298154697601237 0.20516786108334575 56001.67102438117 0.10281451612194231 4862069.263069391 0.2059382485313036 0.19546827832921315 0.206010864581127 0.20587948287408186 0.14774317699935527 0.16193151285372834
480 667934.0 0.17957188643839245 0.2073885495954185 50792.442441297404 0.10264798715833384 4925480.755484703 0.20638794037704178 0.19449031949777276 0.2060259405815593 0.20564498132205686 0.1509216030420974 0.16301200632042692
490 678135.0 0.1803056609328466 0.21035801369706117 50995.923289435625 0.10247405163699459 4989779.587512367 0.20708275273191382 0.19981802876906862 0.2060387227348579 0.20545231274281267 0.1512932649376671 0.16382751244426438
500 686828.0 0.18469659638317087 0.2142682380092973 47906.78439010443 0.10230760458751277 5051188.605470223 0.2076479723416707 0.2005875997327266 0.20607656605223273 0.20535578281858585 0.15355662997842628 0.16484914255575445
510 696557.0 0.1887229479348374 0.21537189296718204 45306.61333279532 0.10216364723332585 5108684.175713119 0.21088801745613886 0.20301172287733657 0.20613435856829665 0.20528564414925574 0.1544118482084981 0.16524211107682188
520 708662.0 0.19127095157678156 0.21800129235293667 43907.00482060406 0.10198074791383704 5168802.4403700195 0.20958217622466713 0.20373451494299677 0.2062212238513401 0.20525309977730896 0.15555297056514816 0.16626223052726632
530 719488.0 0.19132417318473094 0.21805907250326434 44309.078491968794 0.10179742581321538 5229419.062652847 0.20947495527699933 0.20433610586496737 0.20628291308685703 0.20522565377620874 0.15562504946114908 0.16620303478307008
540 735284.0 0.19135841537757678 0.22065536233748362 44300.484629327235 0.10162076997079815 5289549.937523945 0.20953341571422132 0.20204219508580679 0.20634202377509855 0.20520497098528165 0.15569945249638706 0.1670572202129648
550 750136.0 0.1933475346267822 0.2250511431103302 43160.14442268467 0.10142757415982875 5350632.247298343 0.20873465155815688 0.20404307384702325 0.20639354233900295 0.20516979315309194 0.15704917126527287 0.16920316288912368
560 764026.0 0.1949943291660017 0.22697088972750135 42242.15473597648 0.10124449360343121 5410214.5704050455 0.2092708427899172 0.20385067980576604 0.20643915199959892 0.20514741714252327 0.15844696377198098 0.17058512199778209
570 777807.0 0.19947587702004127 0.22878148935799206 39554.04027417837 0.10109378851620432 5464615.09166593 0.21441249531754397 0.20545570070031963 0.20654386047849327 0.20514271704460998 0.1597307716202333 0.17059044206844615
580 803273.0 0.19949396794445418 0.22890920528134168 39954.90494809445 0.10094640553106478 5519092.527546078 0.2143829130852066 0.2054465333546072 0.20667893667946421 0.20514799357668762 0.15979874066369443 0.17055477708612313
590 818949.0 0.19973149269055276 0.2336299743812986 39996.402875997446 0.10080168079202252 5573436.221542042 0.2142458370630986 0.2071524953513685 0.20680943024224002 0.20517349282936442 0.1599734592457718 0.17179128712610378
600 832278.0 0.19988380629702462 0.2337314589597009 39941.618248243445 0.10066201958766469 5627313.322252702 0.2142367603743587 0.20715081442177685 0.20693306257065178 0.2052064023838745 0.16012374118917505 0.1718035523777767
610 845600.0 0.21313697249328378 0.23759989986135996 33254.25982610102 0.10070331729788688 5656240.814177896 0.21112510880051252 0.20778721846764384 0.2070055147164413 0.20524528482356152 0.16984321541441288 0.17383402787881944
620 860856.0 0.23199697806275302 0.24304643299708814 25877.620510861783 0.10091875332688742 5657842.793368078 0.21122761767261242 0.2079846649747893 0.207071716855859 0.2052874752716496 0.18044945827214642 0.17589498433284267
630 876673.0 0.23370312370878502 0.24696521629002802 25449.424411050615 0.10117961886790862 5654370.714602762 0.21055061826611973 0.20705414115135337 0.20712951400516297 0.20531407736221233 0.18189092159374556 0.17680259217627547
640 893120.0 0.24578911878813461 0.25490452125156 22111.91314370063 0.10148456623260725 5641276.936468954 0.2143612743773768 0.20681655397244622 0.20720065776099184 0.2053400836258477 0.18581890986563263 0.1810463629593833
650 905982.0 0.24652097281511925 0.25688571427670626 22035.467203660584 0.10177001226828732 5630591.4760059565 0.21410974968064772 0.20803234094479883 0.2073090452393644 0.20536144608159923 0.18641877833932244 0.1820541354713984
660 923975.0 0.24652654760020684 0.2568993272049787 22181.49839358598 0.1020469375267829 5621461.188878096 0.2141097496806483 0.2080323409447963 0.20741193032924782 0.20540185296303948 0.18654933279175667 0.18201548957310265
670 935559.0 0.252696266436501 0.2645982350384847 20622.306404389765 0.1023561634498899 5606764.438904855 0.2144656557167554 0.2090504260647265 0.2075117262977906 0.20544407640003112 0.1909000273959017 0.18612830856197274
680 947613.0 0.2599340246111251 0.26980637945171515 19156.043907375002 0.10267357809065056 5589140.248283079 0.21439848116537152 0.20727123320595614 0.20761521149745304 0.20547592100614323 0.1940022331690057 0.18943114080161172
690 961525.0 0.28954326978928063 0.27251148724693475 13948.65217748317 0.10299167706290571 5562715.398600274 0.21566240509094062 0.2074202235619643 0.2077225156339344 0.20550297468479212 0.2037822994634991 0.1913883971689319
700 970718.0 0.2908137792438915 0.2772113722026445 13883.235191915055 0.10333487172022657 5533781.813575519 0.21447407463165205 0.20453382229864425 0.20782932741105642 0.20550884074315545 0.20441333010968402 0.19508647120616063
710 980757.0 0.29292395643935343 0.2931365322886093 13600.89379732459 0.10361459358413959 5512369.199262872 0.21419383269901945 0.207018542208591 0.20792286409460975 0.20551755003204603 0.20593047969084313 0.20233606978657673
720 993443.0 0.29861562977184675 0.2982676397136833 12858.938153092542 0.10388682536115208 5491008.92027261 0.21708852478848828 0.20999679157106235 0.208030702552314 0.2055671101528577 0.2080433409055479 0.2053765016367138
