1 1844.0 0.08548184021341161 0.06171128693990509 301450.0792831242 0.08548184021341161 301450.0792831242 0.1180173034112287 0.07914779867238152 0.11801730341122889 0.07914779867238142 0.08548184021341167 0.06171128693990271
10 9113.0 0.08554477008954173 0.061729444965774774 301155.1435337254 0.08548184021341161 602605.2228168496 0.11801695836521699 0.07914731694196284 0.11801724067558719 0.07914771108503467 0.08551247780154812 0.061720058061186064
20 17816.0 0.0857563703853419 0.06296292703443951 299066.42942149343 0.08554518461476791 901664.6893925056 0.11806861364318787 0.07928141569481945 0.11804170399349158 0.07921137994683705 0.08570196001427391 0.0628635668136809
30 40888.0 0.08575873942559938 0.06297038493243154 299161.9013047696 0.08557685681544608 1200823.4346820544 0.11806861364318876 0.07928141569481846 0.11805038452565161 0.07923397212360478 0.085706870273872 0.06289072119923324
40 73082.0 0.08590632518491034 0.06298133480210552 297779.9143280717 0.08558770662391296 1498599.9636556222 0.11805441651910165 0.07928136877747437 0.11805169831344187 0.07924552666897067 0.08577764334668207 0.06290769256415735
50 96270.0 0.08594471153393629 0.06303866130990404 297481.2527754724 0.08559493982955756 1796078.584274769 0.11805465901241406 0.0792813669794655 0.11805226946786582 0.07925255436573209 0.08579541703861954 0.0629427450156225
60 112852.0 0.08596568483300594 0.06305620665081868 297468.2290938302 0.08560010640501796 2093544.9208293874 0.11805605482894581 0.07928168543841009 0.11805272984318552 0.07925729340694795 0.08580480321078568 0.06295587423683098
70 135235.0 0.08603839895811514 0.06308604093884254 297102.97463141626 0.0856037307499378 2390646.240553385 0.11805834382449659 0.07928014542389503 0.11805351574731512 0.07926062554867433 0.0858400486686128 0.06297387530859515
80 168368.0 0.0861205710271539 0.06316008775546625 296562.0924154172 0.08560654968487542 2687206.621834633 0.1181350516135382 0.07928926263372109 0.11805557243123582 0.07926350972113043 0.08587688566991983 0.06301005928989636
90 178331.0 0.08721267400024262 0.06816713414298525 288400.0345508706 0.08571801059061473 2975382.3587775133 0.11826227600327273 0.08038268728620208 0.11807157642176015 0.07931475050723423 0.08681341934285741 0.06614071424947686
100 193022.0 0.09201039967390667 0.06831305462088266 246202.92272221888 0.08624139820702516 3215344.697232605 0.11855036957930495 0.08042596936413543 0.11811608269597526 0.07942427785693222 0.09074390012206424 0.06643244979794768
110 213116.0 0.09235123025415343 0.06995486668513787 244038.24632319316 0.08666753427065686 3453969.9280103375 0.11845914550669008 0.08012176485834777 0.11815192028645118 0.07950355801052567 0.09115260142885968 0.06813084588489705
120 226754.0 0.09237811633687165 0.06996787467820736 244042.71566221604 0.08702811093988368 3693503.500509981 0.11845914550668614 0.08012176485834831 0.11817731080052053 0.07955464948555226 0.0912549147343431 0.06824241170031124
130 249176.0 0.09242179965820498 0.07010199803026461 244084.06501359493 0.0873371766563638 3933779.078517133 0.11847501090495233 0.08012356427270013 0.11819980597992373 0.07959805954044533 0.09133171373102125 0.06839122655714153
140 259224.0 0.09245371827189539 0.0701263807855085 243909.46901978864 0.08760503361064659 4174401.483733101 0.11847501090481717 0.08012356427269376 0.11821932405970564 0.07963532937961278 0.09139605669363947 0.06847926595127589
150 274175.0 0.0925384300994327 0.07015647394594147 243567.31434501027 0.08783940432735297 4415078.257332898 0.1184756996247126 0.08012366662067447 0.11823626152297138 0.07966766334131446 0.09148023329176551 0.06856286783485945
160 299338.0 0.09261136597049589 0.0701627019652118 243367.45600253908 0.08804817662658228 4655880.336997156 0.11847840476999418 0.08012412788688623 0.11825120066333472 0.07969599798639866 0.09156348062873505 0.06862370634866465
170 323539.0 0.09262963889916657 0.07017543819156527 243251.71699242288 0.088233752003675 4896856.261039827 0.11846238237787647 0.08011966186608238 0.11826439375499836 0.07972100870560386 0.09160482298258474 0.06868071204329462
180 332965.0 0.09272501865704877 0.07020267750309911 242996.08776535903 0.08839777518813714 5137817.7040562425 0.1184621282722301 0.08011848356279566 0.118275326818531 0.07974298515306871 0.09167853366917253 0.06873317978285984
190 349334.0 0.09273332727862242 0.0702187467251618 244654.54978130275 0.08854539605415307 5380814.772611662 0.11846215678583899 0.0801313183195349 0.11828510834292608 0.07976324953478546 0.09170784094753583 0.06877614091667016
200 369186.0 0.09273441785400481 0.07025350439692432 244821.0754089745 0.08867895051809116 5624159.757077852 0.11846210403817159 0.0801308144462581 0.11829391490380933 0.07978155313752858 0.09173137863363304 0.06882415055887992
210 389941.0 0.09282026790896068 0.07034759839062908 244389.8290434969 0.08880228445287902 5867164.772341943 0.11846178830842863 0.08012525724991405 0.11830187398203519 0.07979789510679963 0.09181919348434776 0.06890677794849139
220 402189.0 0.09286548283294457 0.07042249379174553 244056.54115123008 0.08891489369768533 6109934.067809779 0.11846167316142014 0.08012523761564229 0.11830910523516144 0.07981270707387095 0.0918581849703476 0.06896726405894846
230 408442.0 0.09300976989154286 0.07069375759481336 243074.350389572 0.08901827989553197 6351751.956189204 0.11846172292929298 0.0801302155415795 0.11831571040975158 0.07982627968770722 0.09194430832122519 0.06914494171551576
240 428061.0 0.0930949356017133 0.07083496857941166 242579.84881073478 0.08911632731253676 6593120.748325268 0.1184696684049886 0.08012817044172793 0.11832209870831101 0.07983880627500875 0.09202592987259889 0.06929687540610445
250 443332.0 0.0931010498911491 0.07085325946615073 242963.1855553236 0.08920683262054116 6834999.989845927 0.11846966840498735 0.0801281704417307 0.11832797797909496 0.07985033472786619 0.09204404051422217 0.06933004730993053
260 459381.0 0.09419183672395164 0.07129456797482982 246420.46416144195 0.0889009676479552 7091683.673475924 0.11349704725377562 0.07859799020256732 0.11825581473138848 0.0798318530519288 0.0926629937634984 0.06956821400552393
270 482263.0 0.09445195632356848 0.07148384673484043 248724.1890599092 0.08861695017341109 7349538.6561928615 0.113506982280848 0.0786338627543008 0.11808036245412937 0.07978730199617051 0.09258818573241272 0.06957712581148401
280 493022.0 0.09453916942249192 0.07152091892277848 248310.82405878123 0.08835252011090451 7606571.820502312 0.11350716018926904 0.07863504878035008 0.11791761283284127 0.07974626737742684 0.09251404757726614 0.06954839649521757
290 505817.0 0.09465792535157194 0.07160013816630556 247604.2662261151 0.08806527270335832 7864874.784080023 0.11348926886556118 0.07873269259982844 0.11776549754641838 0.07971110108328436 0.09244346573489405 0.06954120437857544
300 518410.0 0.09470241150096789 0.07161942244843864 247501.66171537034 0.08779655738662155 8122562.46116778 0.11348926436552091 0.07873265207260233 0.11762343004373128 0.07967859487555966 0.09234287909719872 0.06951603795653248
310 534129.0 0.09473152509148991 0.07166735958956291 247420.73488890176 0.08754463677718083 8379688.2406903105 0.1134888067578496 0.07873201319244394 0.11749048837159043 0.07964816432832278 0.09224555543447949 0.0694990371077595
320 546988.0 0.09474928513824149 0.07167386995086573 247578.79571807286 0.0873079840834638 8636468.157852346 0.11348742406187369 0.07873110719683776 0.11736578333019666 0.07961961779574567 0.09215051127465927 0.0694681316910559
330 568866.0 0.09483349582729651 0.07196912913863746 247261.6544508319 0.0870839160698226 8892655.880397737 0.11348663249179992 0.07872941907901759 0.11724861615070879 0.07959276503280023 0.09208796094330167 0.06956142580487835
340 580810.0 0.09746040570325358 0.07206117918301677 228037.2383464508 0.08691647083697213 9130150.956359042 0.11347343536200878 0.0775887967125653 0.11713784971528443 0.07953399475017407 0.09403357604941878 0.06953578174804603
350 599377.0 0.09746252299348328 0.07207481328030842 228096.98330494916 0.0867953732247446 9364643.071664259 0.11358164974886856 0.07779095336058661 0.1170357105211782 0.07948205124229059 0.09394383767171495 0.0694890149804085
360 619590.0 0.0974695461628707 0.07210906153121598 228540.47312470103 0.0866327811829946 9602645.454058208 0.11217745915908538 0.07772103595956868 0.1169275067805667 0.07943439945907896 0.09385332059075606 0.06945540243994335
370 634947.0 0.09760792580863761 0.07212062399228415 227684.2902920075 0.08645130661404987 9841769.392507274 0.11217775787934318 0.0777223187477283 0.11679947556748306 0.07938822752746046 0.09379366347105113 0.06941496094349794
380 647137.0 0.09764920286932954 0.07215686288994853 227482.31436536508 0.0862798643224365 10080183.836317217 0.11218883972415628 0.07772658880075181 0.11667837590863638 0.07934458160116474 0.09371689619016464 0.06939867533618019
390 664596.0 0.09766101528741233 0.0721570554874973 227572.07246261972 0.08611305614441056 10318554.979857137 0.11220761559751288 0.07772668197796588 0.11656384019433162 0.07930320207502993 0.09361853702631433 0.0693563383440599
400 678630.0 0.09836896890259483 0.07216959859822702 222861.75920555746 0.08597064523335457 10551252.235570885 0.11234584887353781 0.0777272891452785 0.11645753819958803 0.07926389780507585 0.09401922043368546 0.06932258878217352
410 696722.0 0.09860035451716864 0.07224351601842727 221415.88329725992 0.08583501579425362 10782363.558973994 0.11234380696203998 0.07772640246905795 0.11635748723831957 0.0792265075389003 0.09397482433782547 0.06930931695168883
420 709841.0 0.09862896885584682 0.07225302660316447 221475.48447802098 0.08570569470115737 11013135.141325017 0.11234372518216286 0.07772528629531367 0.11626214963764886 0.0791908649845217 0.09389955993288734 0.06927595803319189
430 725405.0 0.10678873596830245 0.07245043068714228 176422.29190821442 0.0856973982063785 11190555.701609775 0.11521317905652452 0.0776188242950214 0.11618825526983581 0.07915645861734572 0.09793116290674464 0.069340299691996
440 745222.0 0.10679796399405808 0.0724515222361965 178713.85298019447 0.08568751699832088 11370426.998937896 0.11509752866744083 0.07714968101830702 0.11616483166968582 0.07911627227006994 0.09791418965378092 0.06930155037061035
450 765587.0 0.10683139922010076 0.07245819773082823 178658.1942139569 0.08567806540800488 11550193.625169137 0.11497255617602217 0.07714099202612335 0.11613867250683586 0.0790724937480135 0.09790258036048767 0.06926155817852234
460 781757.0 0.10686354733568834 0.07253057584873644 178744.24778896998 0.08566901601302149 11729998.335373754 0.11497355744648136 0.07714099818908476 0.11611338549556913 0.07903059569600113 0.09789166208420617 0.06925570291981215
470 797155.0 0.10704667895716968 0.07253274447475501 177931.1932642315 0.08566034367616238 11908957.706597188 0.11497693550744348 0.07714119458653536 0.1160892308916831 0.07899048119133642 0.09796516861513689 0.06921705678684713
480 820440.0 0.10706159740322983 0.07254027657686049 178137.05749214743 0.08565200820629543 12088080.543220619 0.11497574695684225 0.0771408754723592 0.11606610025556358 0.07895203248188536 0.09795097573506957 0.0691835091939599
490 848864.0 0.10714448286629094 0.07259284619217773 178687.56843554412 0.08564439834650765 12267660.70230079 0.1149841347210741 0.07714171387441068 0.1160440217019715 0.07891516070288931 0.09797393369911747 0.06917041257166898
500 866756.0 0.10720681620108015 0.07263956885803459 178461.04994119518 0.08563717128115077 12446972.459974669 0.1150136437450056 0.07711433703764593 0.11602292228352788 0.07887970341810094 0.09798341173049664 0.06915773489849325
510 886814.0 0.10735401216337602 0.0727041847339651 177778.87969557874 0.08563196563431535 12625368.845352212 0.11501366461632301 0.07711431764277889 0.11600317080239049 0.0788451558901069 0.09807767626494186 0.06916985555718097
520 898744.0 0.11809630185240513 0.07317008614136214 134985.193790499 0.08578370506724804 12734378.497810602 0.11902072933328565 0.07720616867102228 0.11602832459347878 0.07881255254401923 0.10377797829927357 0.06938528122845043
530 914458.0 0.1184073004090223 0.07342468844385212 134054.94963928548 0.08592878416749633 12843465.506906798 0.11904591699331368 0.07700068111609866 0.11608510564119652 0.07877881765376608 0.10398610617776027 0.06949457942747657
540 925823.0 0.11846596587367704 0.07353986684260616 133918.22385102397 0.08606855404028114 12953441.162037537 0.11904754745546399 0.07700588837598137 0.11613984155709942 0.0787459979780923 0.10407190209505914 0.0695170588023794
550 934861.0 0.11849601492268032 0.07356486000547653 135227.82478187143 0.0862033321318951 13066089.181864394 0.11904737595633383 0.07700582405988529 0.11619261180405668 0.07871441653255674 0.10415091022169552 0.06949900003063726
560 953667.0 0.1185011758868405 0.07357500328809499 135369.5188607704 0.08633338116766293 13179837.024261538 0.11904737800470575 0.07700630077497685 0.11624349890210513 0.07868396883634309 0.1042071286199244 0.06946975609660007
570 985845.0 0.118542070216564 0.07382229979875013 135309.19040656407 0.08645721996848771 13294616.235355843 0.11904908971182696 0.0770028642549904 0.11629262030358482 0.0786545757305501 0.10428679857866038 0.06959649603409282
580 994589.0 0.1186212172714514 0.07382635758630927 135154.72638278827 0.08656819322757137 13411247.8285674 0.11902930300194249 0.07699734898254125 0.11633982544491571 0.0786260805125419 0.10437683991049396 0.0695681693389056
590 1005502.0 0.11864461971289501 0.07383761214436611 135132.2482791333 0.08667546737801891 13528555.201731239 0.11902846112582434 0.07699732034042653 0.11638531985893462 0.07859852116723047 0.10443070790624596 0.06954403465316843
600 1025557.0 0.11922633533689683 0.07400029517217237 133194.0167673815 0.08678218365632656 13643705.9896671 0.11930524210844978 0.07656463431111106 0.11643345037356097 0.07856541562816662 0.10473739088878069 0.06956904364589477
610 1050036.0 0.11924559098086085 0.07401588443838548 133166.6412160535 0.08688545458041257 13759486.0766899 0.11930517643335013 0.07656448825585112 0.11648045121417129 0.07853266876840505 0.10479949827556405 0.06954214269147314
620 1062237.0 0.11943750139266801 0.07404576359073166 132566.2263637385 0.0869866538361253 13874978.266265657 0.11857202444424873 0.07680693542185574 0.11652484173137144 0.0785013657571243 0.10495608247068651 0.0695222556621336
630 1079909.0 0.11945467085319508 0.07484507738966761 133767.65751514843 0.08706530310270047 13995415.556122128 0.11856845509099494 0.07679990113160282 0.116557246796526 0.07847448812919906 0.10499465636684265 0.06978715129545385
640 1093582.0 0.1195373290314436 0.07488300999777545 133531.73648518327 0.08714153239184254 14116029.70811884 0.11856884458295153 0.076801829536268 0.11658862533149096 0.07844837556077894 0.10506631642748862 0.06978012323920495
650 1108908.0 0.11961274484328588 0.07489405088378383 133405.61809831602 0.08721545170252576 14236928.955407066 0.1185714239703754 0.07680183395092943 0.11661904330193086 0.07842308299643624 0.10513657094239906 0.0697596682470961
660 1127947.0 0.11975419612421194 0.07495589220551722 132993.02867427428 0.08728716446662141 14357757.586142486 0.11857131328797682 0.07680167637347575 0.11664857906984342 0.0783985543490536 0.10522393816114291 0.06976217075480382
670 1143927.0 0.11979546637663936 0.07497164123198942 134011.1319350499 0.08735544654047697 14480368.767024808 0.11853059279548558 0.07620182037408775 0.11667673621008158 0.07836759811685828 0.10527258986001439 0.06973904385707709
680 1163683.0 0.11987160842614099 0.07499006984318964 133846.934309308 0.08742180751403801 14603143.801133718 0.11853028443079226 0.07620181536941416 0.1167039555993003 0.07833579511881485 0.10533842091959408 0.0697185064552617
690 1182557.0 0.11991433341791854 0.07500239533338866 133820.73319114567 0.08748627245978302 14726235.88359457 0.11853116179242303 0.07620338924079456 0.11673039057513183 0.07830492174122848 0.10538381680456571 0.06969138089409163
700 1204631.0 0.11995821374108492 0.07506002824976175 133788.88928067687 0.08754892149156339 14849622.601845315 0.11853117851195934 0.07621091516409675 0.11675607925178161 0.07827497488354741 0.10542601200723264 0.06968879138941343
710 1234953.0 0.12031516796053696 0.07821653081808906 133927.8920212925 0.08760375498185398 14974399.650087332 0.1183851159861347 0.0771574536546153 0.11677962703851989 0.07825526861191726 0.1055918261490429 0.07174480467822894
720 1254658.0 0.12033760292141255 0.07826263543736178 133985.81620384034 0.08763903952258062 15102337.743294729 0.11769030896286223 0.07696304830779307 0.1167951488898435 0.07823815592746713 0.10561193198545432 0.07174924206803916
730 1277765.0 0.12034054394568759 0.07827494064129577 134068.43611579575 0.08762422915346582 15239143.888060082 0.11468346921987418 0.07690623424811989 0.11676626128074609 0.07821993482347064 0.10560490256059053 0.07173940728564192
740 1298681.0 0.1203451709207547 0.07828890138224043 134161.50421975154 0.08760981372752742 15375968.518895237 0.11468331188479727 0.07690602926477821 0.11673815172704934 0.07820220385772136 0.10559724185117153 0.07172956626528423
750 1337060.0 0.12036053601649752 0.07842197855470588 134387.9461563237 0.08759577765490319 15512943.124107372 0.11468329564772523 0.07690575156297096 0.1167107902242769 0.07818494205020837 0.10559200288524899 0.07176983031501095
760 1354237.0 0.12039847481268526 0.07843407351143586 134321.4560557953 0.08758210615559386 15649787.967177091 0.11468292844295132 0.07690557763538104 0.11668414434228086 0.07816813111411702 0.1055899475734246 0.07176166845290116
770 1377710.0 0.12046567569202037 0.07855628028752179 134131.9930877145 0.08756878520754888 15786386.702932615 0.11468291321712458 0.0769047985495002 0.1166581880963999 0.07815174850920385 0.10560463051863019 0.07179946980404324
780 1395844.0 0.12047913479310662 0.07997849382108839 134113.0329499277 0.08755590417881988 15922886.66803906 0.1146859625068698 0.07722753738216244 0.11663292771935137 0.07813908834411303 0.10560501425447646 0.07288704427546058
790 1410480.0 0.12072334582985134 0.08000136016056036 133549.13163642405 0.08754334517580911 16058783.21849988 0.11468332513204729 0.07722810425105753 0.11660828224787566 0.07812757117871996 0.10573382299816178 0.07288760333730498
800 1424287.0 0.12084339311353044 0.08045345264405032 133195.9682114064 0.08753180144340986 16194146.33148412 0.11454368690431471 0.0772291795185904 0.11658372732062632 0.07811633838728643 0.10581453873044085 0.07327458955362895
810 1443722.0 0.12084461902082133 0.08045478661420769 133340.48354359024 0.08752053926545937 16329597.735556021 0.1145448253946702 0.07722918124636637 0.11655857409538245 0.07810539931582011 0.10580408867642106 0.07326648616958553
820 1466387.0 0.12087364937187518 0.08048667193416101 133493.50387243903 0.08750954846529083 16465147.649827866 0.11454400859420197 0.07722923410203202 0.11653403942669054 0.07809472680070534 0.1058074178019689 0.0732915843547706
830 1488885.0 0.12095163242728592 0.08051499224701855 133498.68273196844 0.08749881935084058 16600654.580323389 0.11454396841137643 0.0772292331448807 0.11651009161707906 0.07808431171689773 0.10578647235567862 0.07328414177639063
840 1510748.0 0.12107528525246966 0.08052466991424506 133102.6238975632 0.08749563782736942 16734348.016092181 0.11455154008843112 0.07723339684075135 0.11648675825935524 0.07807416171106632 0.10591850773767977 0.07328038691740756
850 1526425.0 0.12441926697936628 0.08064182095110001 122939.88892344292 0.08744475400906503 16869071.789506596 0.11347114822561809 0.07725197362675833 0.11645514589904525 0.07806443481296131 0.10810388220136563 0.07333318511618908
860 1541659.0 0.12452676522335503 0.08076345774482908 122711.7289509336 0.08739447874138435 17003495.672136955 0.11345474420447899 0.07715365456979008 0.11642033688890456 0.07805408608451188 0.10812909039835336 0.07338079499685177
870 1563193.0 0.1245865819887469 0.08081530001113879 122618.41578694197 0.08734534609342368 17137599.586245038 0.1134602477323872 0.0771536627872868 0.1163862957972237 0.07804374818908982 0.10812978572432258 0.07338870312465992
880 1572623.0 0.12464708386522463 0.08082284543447851 122803.0324450266 0.08729731754991156 17271629.88133455 0.11346024773239885 0.07715366278722172 0.11635308299285584 0.07803364506307546 0.10812825552872703 0.073383678087042
890 1585306.0 0.12476788502010998 0.08083240157945076 122473.64439660216 0.08725035630736638 17405150.556099743 0.11345560341565283 0.07715374549143134 0.11632056412392106 0.07802376910189673 0.10814457161698002 0.07337758873602623
900 1606542.0 0.12488316241461067 0.08100975698738763 122304.81457583977 0.08720442718004198 17538305.76109055 0.1134586674000966 0.07715602936122151 0.11628878205277993 0.07801412123372674 0.10816548218599807 0.07342747933668203
910 1620290.0 0.12492685916359873 0.08163623298491247 123480.05205367862 0.08715949651200726 17672265.083975807 0.11336723748701093 0.07679092316765485 0.11625730789000623 0.07800309889261599 0.10816663163621482 0.0737307167743431
920 1642010.0 0.12494367093831132 0.08168356644824186 123488.4611301151 0.08711553209489799 17806027.691997312 0.11336723748700404 0.07679092316766112 0.11622592818964796 0.0779899373755154 0.10815479673787355 0.07373916404669302
930 1665855.0 0.12526154164903822 0.08174900960076982 122716.94048603943 0.08707250309091871 17938921.598605346 0.11336651245374908 0.07679080936285443 0.11619521948163565 0.07797705810881532 0.10816317180398842 0.0737350735219905
940 1683050.0 0.12526581119578176 0.08175323105757724 122778.0533748764 0.08703037996070742 18071674.30842983 0.11311716160798577 0.07673975870715012 0.11616376662185321 0.07796420537744887 0.10814286766978118 0.0737244365297468
950 1697380.0 0.1252953538138242 0.08178737253265751 125109.44292193172 0.08698913405616171 18206268.685443543 0.11311716276516146 0.07673976284203918 0.11613173081972461 0.0779513300268356 0.1081279240498431 0.07373215841243613
960 1707585.0 0.12562340438972014 0.08617809934500889 124507.38350479906 0.08691882968394808 18348032.03722686 0.11232580622572183 0.07772077360896637 0.11609861310564046 0.07794072545936939 0.10828007410858402 0.07678962922823533
970 1722340.0 0.12568102283094582 0.08617968862572171 124412.45191893599 0.08684996009484086 18489424.64529255 0.11232580865046378 0.07772079544563709 0.11605975825839479 0.07793846036223183 0.1082412300317077 0.07678766069332296
980 1743040.0 0.13042466426251223 0.08651333927672306 111825.01314197454 0.0867775554401846 18622148.168711953 0.1144473908430161 0.0778260384868093 0.11604332230105154 0.07793731436961851 0.11021969327719584 0.07691205698969361
990 1759186.0 0.13048043727293707 0.08667844413551394 111738.33960876073 0.08670659887862148 18754456.1338674 0.11444521994218058 0.07782388152586674 0.11602720407657917 0.07793617281620879 0.11024580149985025 0.07698671737554766
1000 1773408.0 0.1365649248519559 0.0881480817483486 98004.51844565365 0.08666038449968509 18867508.419756494 0.11658180055415927 0.07829581561048003 0.11603289989013929 0.07793996946860991 0.11383525174968996 0.07782053274570934
1010 1806805.0 0.13661339426370475 0.0881896381317528 97935.304723414 0.08661507628504159 18980238.39127983 0.1165818201285906 0.0782959918973757 0.11603832921337283 0.07794348956157941 0.11385586471576299 0.07783194172785594
1020 1822851.0 0.13665270448919245 0.08820618456888177 98750.94303437044 0.08650594087574442 19117168.168612853 0.11315146971281152 0.07828316023241068 0.11601005413184728 0.07794681640362058 0.11384201171191453 0.07784023223348975
1030 1840369.0 0.13703054999097905 0.08827339253429443 97995.88033349189 0.08639794200421644 19253436.300873917 0.11319379054568497 0.07826994929705149 0.1159824919101714 0.07795002745005436 0.11392639487709862 0.07786621740963065
1040 1859252.0 0.1407426245648013 0.0882919828435378 90581.13535039451 0.08631257094754638 19375774.453819457 0.11446175765727658 0.0774459174868561 0.11596422942807372 0.07794755962661393 0.11541713974738885 0.07786513890968011
1050 1883244.0 0.1408330785656431 0.08830232817451691 90448.6770190248 0.08622881066553048 19497542.624370728 0.11446174245623146 0.07744558011930078 0.11594993367463144 0.0779427846021212 0.11543042228008935 0.07786188050648578
1060 1892610.0 0.1408702179930449 0.08832398439496301 90478.1328957604 0.08614661599626255 19618868.1336048 0.11446161626866745 0.07744555860251441 0.1159359072482681 0.07793809839444463 0.11541800429014366 0.07786522124714969
1070 1901531.0 0.1410056693968354 0.08834166386649457 90282.35701950613 0.08606594345049957 19739596.956980683 0.11445440100073218 0.07744510219918309 0.11592212821901333 0.07793349866454166 0.1154648049809376 0.077872093359376
1080 1915209.0 0.14100736502515665 0.08834776221958536 90361.90473565961 0.08598664125335198 19859984.31892342 0.11445280531384029 0.07727621364609534 0.11590853743884239 0.07792757455572451 0.11545548122251727 0.0778675699120601
1090 1926810.0 0.14102093042919533 0.08836673095532 90454.00099808311 0.08590878091433433 19980003.75464859 0.11454271120009216 0.0776413175265891 0.11589593600137783 0.07792461610093818 0.11544985177749544 0.07786910426982457
1100 1939753.0 0.1410818494068214 0.08839375116485469 90388.69625380597 0.085832323464308 20099549.4455529 0.11454260757037982 0.07764089391891199 0.1158836443005571 0.07792203953582928 0.11546010849073488 0.07787819111199312
1110 1962822.0 0.1413074309233062 0.08860478030164921 90259.58603352387 0.0857572402450355 20218578.923396155 0.11390621184154798 0.07769734372483206 0.1158658511636577 0.07792002503712499 0.11580879109544309 0.07790775867886941
1120 1970292.0 0.14136956179558416 0.0886652315996791 90250.065399776 0.08568348593229881 20337192.672728185 0.11390649258765963 0.07769834448111462 0.115848371745916 0.07791804483398743 0.11583038619333708 0.07790834379424699
1130 1992674.0 0.1413879965766643 0.08867795639555587 90287.21868056255 0.08561102555487328 20455433.834857855 0.11390790241747646 0.07770006896214013 0.11583121466724296 0.07791611402821425 0.11582499353342567 0.0779136173832613
