1 674.0 0.15771746373600165 0.12816535016463373 43478.1576693166 0.15771746373600165 43478.1576693166 0.27920432867315786 0.26627822960800823 0.27920432867315786 0.26627822960800823 0.15771746373600293 0.12816535016463423
10 16043.0 0.16290775114759456 0.13066229802913232 39483.56694348596 0.1596746501370953 82852.5962504185 0.2806579950411964 0.26801144482361644 0.27997691539292474 0.2670727421670029 0.1615932793146962 0.12954552596452454
20 26158.0 0.16549919582180422 0.1414860637833954 37758.2368845436 0.15776163264273704 120974.29682549823 0.2792381603303239 0.26909406780869005 0.2800926265719522 0.2678365188731388 0.16336342010682087 0.13897580259531608
30 48162.0 0.16578783774035016 0.14162216232684302 37564.721736659594 0.15461051738052745 159586.34874835177 0.2788604796658793 0.2689731644424973 0.27976825931149957 0.26822657938574557 0.16300532023241976 0.13941220866946732
40 57281.0 0.16800536584408804 0.14277994658937568 37063.34828396132 0.15246786896674544 197546.63287796304 0.2783885142317404 0.26980428382700966 0.27946588522741767 0.26874768874826077 0.16423046332823632 0.1404077323805298
50 73185.0 0.17874004344182592 0.16687424365618334 31064.239286866283 0.1526130407679196 228494.3880069123 0.2816771349654761 0.2723939243557083 0.27947391349850814 0.26900044388906025 0.17195286192561826 0.15886728199135058
60 104734.0 0.17941155608133452 0.17515187373390506 31088.614612044523 0.152487117085946 259688.30391748925 0.2812977715091272 0.271811688319445 0.2797962116383131 0.2695488994763248 0.17249468999704407 0.1642058895459959
70 131526.0 0.1885921016367795 0.1823020700330119 27123.874367401007 0.1530833630103215 286076.9372841429 0.28129208270479844 0.2756354684186577 0.27999560609807905 0.2702672817081725 0.17767602560404697 0.16876780184256632
80 150426.0 0.19510909706551188 0.18643695007964653 24551.10107412533 0.1541707806986343 309025.8521210989 0.2810745084544317 0.27590667898774407 0.2801236813807154 0.2709322426824298 0.18402820604624126 0.172661287340029
90 168898.0 0.1951764954334761 0.18746544732687676 24729.948156186252 0.15504300453138048 332530.1675533392 0.28422438280932777 0.27627473754070386 0.2803688570096324 0.2714973158842922 0.18446459564884787 0.17366525750118716
100 181315.0 0.19701352091041868 0.18920945393021918 24266.860576786177 0.15528768574747798 356397.7318483604 0.2804157264182605 0.28134968761618356 0.28058289856263263 0.272004735586536 0.18591651952178942 0.17557394396320344
110 199832.0 0.20527499240866312 0.20919870923699427 21644.95009434131 0.15605740664572218 376527.56168888387 0.28293215080616724 0.2819591036943265 0.28070664856345623 0.2728801749589161 0.1888951206553051 0.18352703563049996
120 218506.0 0.20538407156453117 0.20940938328921163 22185.929647479723 0.15671070665761702 397535.4987714794 0.2831574622761609 0.2819722226842727 0.2808952219549092 0.27363101864556555 0.18924064150885764 0.18491242775312866
130 231935.0 0.21071590652432204 0.21774285215465564 20937.830938008174 0.15718139482523494 417466.56064483454 0.28310521312979015 0.2848683604770027 0.28108499021797007 0.2744934362390875 0.19211779930049688 0.19030587510429156
140 245576.0 0.21372038702055898 0.22071184367650584 20686.67870170807 0.15773065677277193 436996.84237417264 0.28397280668458713 0.28779735935648465 0.2812585936664336 0.27531648569496353 0.19523668345050646 0.1936358104332955
150 263215.0 0.22227127811355843 0.22150177528471812 19271.793502302153 0.15849273126091726 454494.67535717424 0.2866696771213612 0.2882623505730236 0.2815592574151139 0.2761218736944572 0.20133418791162605 0.19528983028213195
160 276727.0 0.22230103620051048 0.22158518654961132 19283.677557694708 0.15910117444467045 472362.66334545205 0.28658390891997415 0.28980638617295446 0.28186749775092157 0.2769537426665113 0.20157400766791636 0.19620235804999117
170 296648.0 0.22668317673279761 0.23882431284878305 18944.794938798856 0.15910190093064036 491305.4340287763 0.28214968765310167 0.29184354588722183 0.2819018047978141 0.27771335613293097 0.2063510812222012 0.21046793986950518
180 310726.0 0.22672275462894756 0.23885363512317653 19031.786676716925 0.15910255094440293 510335.4287788743 0.2818691562640081 0.2905409364923494 0.28191294881232104 0.278488168269839 0.2063668446062842 0.21120372911598903
190 325559.0 0.22735454131661556 0.23889062102176864 19259.633815201494 0.15910313595678924 529593.4980189283 0.28256572719468 0.2912371413978334 0.28192555932206376 0.27913510864238067 0.20730018740273962 0.2118615782124956
200 348428.0 0.23117357803325558 0.24052605012481976 18346.246898110698 0.15933797032868705 547282.6492054345 0.2823604111127671 0.2912671060616161 0.2819439442967586 0.27973356178145775 0.2094484992644799 0.2137085396711095
210 365311.0 0.2341421248506917 0.2417513141165037 17711.636303295836 0.1596130632549998 564175.453936715 0.28360695648807166 0.2893319171019342 0.28201138723002916 0.28020706338920565 0.21085323967892225 0.2149563227398663
220 381153.0 0.23845299802201414 0.2425350495631733 16940.61366665525 0.1591632787473329 582911.6590054408 0.28380414236406526 0.28822871519777954 0.28208629583504413 0.280589665891266 0.21339285985569206 0.21567114903602316
230 398966.0 0.24199316079057315 0.2524947225116432 16670.281390530665 0.15862740170374062 601873.2702806816 0.28413740087725037 0.2878517463059853 0.28217663344197425 0.280886670181518 0.2149396750209162 0.22077324636170198
240 410850.0 0.24611750936628174 0.2528689570368551 15893.170438838371 0.15787423850280422 621490.2980261006 0.27825406910375167 0.28792463710789606 0.28218475659148573 0.28117658484396807 0.21743055722504318 0.22148622888277977
250 427693.0 0.24757399727851806 0.2570974092201375 15736.990847382509 0.15710773438694783 641204.8426102322 0.2796712243261647 0.29209440158466804 0.28204036031075314 0.2814815361673927 0.21771878333925732 0.22325346654061118
260 438814.0 0.24784196693159882 0.2572501124756761 15793.800248944908 0.15639801753171945 660736.6875491444 0.2783531174280089 0.291804555894038 0.2818974174390144 0.28187758970516724 0.2177062239153955 0.22369920314408379
270 460767.0 0.24796755559440986 0.25753993896696586 15804.42708192929 0.15573899473757882 680073.0305373548 0.27835432802019133 0.2918079822336942 0.2817666414986787 0.28224392330070563 0.21760167292713326 0.22415878114303245
280 482882.0 0.25041487466500556 0.27668499143481645 16015.447821046575 0.15458731291789843 703168.9621456182 0.2795832349333892 0.3043984886122505 0.28164011224733554 0.28289493416085276 0.2185290641832799 0.23091398191799034
290 504695.0 0.25122110903209516 0.28124216160096344 16078.373537569703 0.1535812435109361 725488.1651351884 0.27566891958310763 0.30618426963000883 0.28154519677658185 0.2836498092004557 0.21869855567108534 0.23438267891441666
300 524772.0 0.25132769280112266 0.2813346131341754 16063.307767643644 0.15264008180764874 747557.8029433864 0.27566889018026103 0.3061841929214529 0.28134997074149753 0.28439846007726194 0.21836151795600572 0.23494068537898252
310 539655.0 0.2517062228576728 0.28178942987694333 15997.74577596095 0.15175802464450733 769359.6582092827 0.27566392019882696 0.306266601782358 0.28116718147007913 0.28510158379482586 0.21820749832377934 0.23566547461513218
320 548464.0 0.2529565129591619 0.2825346033719276 16138.600416671075 0.15068044712903853 793213.5948799733 0.27258001291838313 0.3050189907836808 0.28097741927532177 0.2857523964101592 0.21778877531287288 0.23592361519645316
330 569032.0 0.25367027340320375 0.2829086481307469 16074.108271932804 0.149666225600318 816805.7634915023 0.2751127507607215 0.3056937043231882 0.28074643932292154 0.28634155012851836 0.21762527544697102 0.2362586337690726
340 578260.0 0.25378464219207275 0.28376608318837915 16136.483746506781 0.14870995958752437 840203.4951291101 0.2751143327597465 0.30574716723643625 0.280581265566637 0.2869103161798131 0.21741588562999004 0.23717661950684082
350 601284.0 0.2606853990216037 0.2849218360890037 15179.18413956757 0.14781085037924135 862874.001976823 0.27609341083359246 0.3050184045842521 0.280435033533782 0.2874314391879515 0.2204428988251556 0.2381696856706007
360 618711.0 0.2608878611691873 0.28615029026779587 15166.332909530513 0.14696034166870336 885315.3177618756 0.27443654384184246 0.30484950976068015 0.28031018081383424 0.2879176748365096 0.2203052213572204 0.23882202516036702
370 626747.0 0.26411694716146983 0.2915021359933835 14746.246284815288 0.14634794639590626 905275.3020092448 0.2742424951299301 0.3021548711465652 0.28013693264902817 0.28833123283572765 0.22216916027870356 0.24138640327682373
380 648817.0 0.26546491588962834 0.2924969892658977 14599.824740548687 0.14592751087317524 923366.7347663043 0.273030571328841 0.30150437724042456 0.27995114551763917 0.28867924139495077 0.22304221973623808 0.24206139765157017
390 664192.0 0.26961428090294925 0.2934500472769683 13943.767470437213 0.14507576574347353 945944.0239543694 0.26901986282992757 0.29847624663241545 0.27971821271554687 0.288967961417834 0.22587231399091895 0.2427621702432086
400 680558.0 0.27900483927560055 0.2981839722835435 12627.26857206947 0.1442897457147807 967361.4967820277 0.2695745275382882 0.2938441622433841 0.27946232318727265 0.28916878518020744 0.2331916392484338 0.24536728958746237
410 694506.0 0.2805191386201571 0.3042194701371945 12583.570997872492 0.14351558778892604 988875.9287276382 0.27022471748184873 0.28934522312423633 0.27922905277027926 0.28920216622734546 0.2337264196672388 0.2483797644764267
420 714137.0 0.2807267412326883 0.30510597326341954 12574.068284281439 0.1426316154745343 1012256.7353948888 0.27022585032955143 0.28935409821183833 0.2790151811447657 0.28920562749630424 0.23344251001196806 0.2485497333272248
430 727502.0 0.2866008143533096 0.30731783109027916 11827.872698360115 0.14171124399742638 1036304.9295694632 0.27018405141478935 0.2889303952633656 0.2788074283216719 0.28919760462113486 0.23489918669215232 0.24901302950810783
440 741546.0 0.2883477674669939 0.3088626559825556 11664.756099891914 0.14065801175537365 1062988.3628001262 0.27044310734614446 0.29135495665042765 0.27861611907625705 0.289225932491885 0.23526999171898128 0.24981398659795098
450 762040.0 0.2892886321036578 0.3139721492762467 11591.744371702882 0.13963142604438647 1089791.5196639812 0.2706542543249656 0.2915255082156212 0.2784389692852298 0.28927546359961276 0.23533067819866826 0.2524164267276809
460 773551.0 0.2962446608479859 0.3205372172559967 10873.927002156292 0.1385815834877269 1117442.3387738054 0.26532583191907905 0.2894414950075439 0.2782287070255284 0.2893138486411957 0.24109660621052761 0.2556835353356605
470 792312.0 0.300247915758222 0.3250382830873418 10516.538789352213 0.13757336411328555 1144844.6659083494 0.2649719668495144 0.2895287321623787 0.2779379876071867 0.28930326855530836 0.24221151994301426 0.2569311025695379
480 812051.0 0.3004941290679602 0.325239465011728 10675.159676123789 0.136608354143584 1172058.376974871 0.2650127362003167 0.28954754073525163 0.277668883590602 0.2893081889433881 0.24190792439394246 0.25700229655105256
490 821986.0 0.30158708351004776 0.33247324287796653 10612.913888339415 0.13571662840005522 1198339.9012109009 0.26495705440037726 0.29095783632187067 0.27740963526301654 0.28933535323955406 0.24198104698577508 0.2619199011148629
500 841542.0 0.30487708476757125 0.3365389480282302 10328.095788609728 0.13500633139228926 1221268.7216988837 0.26653817732710433 0.2916598522095764 0.27719080255286915 0.28936832579883637 0.24398402206586728 0.264304632378602
510 849210.0 0.32185023914427846 0.3419136452883098 8884.269212339714 0.13460604143951554 1237504.4994283183 0.2636859755052265 0.27912014943943414 0.2769506823800266 0.28922781642788814 0.24992408507559763 0.26725117467451537
520 873225.0 0.3387932730087626 0.3431084912412755 7709.619777708875 0.13433863687260916 1250386.0329622352 0.2606727934173722 0.279290455948572 0.2766808701766697 0.28903199365528986 0.2594329740776152 0.26769802931603487
530 884674.0 0.33943155485379295 0.3467627993368005 7698.576180716534 0.1341092510733381 1262535.5976684673 0.2604046048722684 0.2807149132498093 0.27638249672059056 0.28887509845394926 0.2594160609260726 0.26918615431879694
540 906261.0 0.33955265513716215 0.36711030487838414 7790.711158215181 0.13375057495490414 1277481.5289925728 0.25550638085218147 0.28530966261964186 0.2760182711436479 0.2887832045555045 0.2591557756948402 0.27558640429124726
550 919569.0 0.3566384931273505 0.369176821672807 6797.823778309687 0.13359461555248903 1287484.6742134555 0.2664355604838923 0.28669399376861143 0.2756705399996206 0.28872478367559457 0.2615739626921518 0.27616917175423683
560 939388.0 0.36310957056114357 0.376396865713041 6542.922801963641 0.13346511005501654 1296730.1237947813 0.26554378705961024 0.2899180311513391 0.27549459363819717 0.28873471268866263 0.26557893016303336 0.2795311069036869
570 952444.0 0.3712605420392681 0.38345058617974126 6154.280350800576 0.13322352644154944 1308154.9437601927 0.26805914508726253 0.2887215286198162 0.2753165334975174 0.2887466252218913 0.2698891910340069 0.28345000102755336
580 970504.0 0.3776917275588981 0.3836069191305431 5870.205153299141 0.13307871914490207 1317211.0035307975 0.26802217312919596 0.2887221311936622 0.2751911123963692 0.2887462015636647 0.2727542904597016 0.2836246955063753
590 980542.0 0.3785503875007208 0.3842944863141241 5837.9890396898 0.13294982878789174 1325896.8358678445 0.2656126626177837 0.2912777461169799 0.2750594980995497 0.2887451578204057 0.27354638990697605 0.2841892021449783
600 992956.0 0.3829421831371378 0.39250540111519916 5675.181526990487 0.13261927459389014 1339210.3894633045 0.26677884401524055 0.28991833926761174 0.27491395264774315 0.2887737871904394 0.2742510839206932 0.2875283390468292
