1 119.0 0.07161575621454723 0.07458223407638581 545405.0526449651 0.07161575621454723 545405.0526449651 0.1834548547371679 0.17723197976097882 0.18345485473716794 0.17723197976098437 0.07161575621454742 0.07458223407638571
10 13932.0 0.07177358781999954 0.07468777991264798 554636.3212107419 0.07129692608661459 1099982.554925253 0.1842914239594901 0.17895001181376868 0.18384252475844612 0.17827357655750278 0.07157565851153568 0.07460195821393728
20 30273.0 0.07178362014503475 0.07471417578266756 554878.4022151413 0.07119060366169037 1654839.0323522624 0.18365090644365575 0.1785745428691303 0.18402571248988636 0.17857872997786214 0.07156114341231491 0.07459207749665533
30 51301.0 0.08076840136302492 0.08058930971407792 390636.020095432 0.07243673193945657 2025234.4017831404 0.18154605385100706 0.17920559390965576 0.18352282909318057 0.1786658043929238 0.07804267601759544 0.07898448674347984
40 76660.0 0.08084356077536235 0.08066937126958333 389873.00318451854 0.07318440890611629 2403472.7002402367 0.18154975593654768 0.17920602608148858 0.1830414111483662 0.17879754469882725 0.07833785774239144 0.07923367090828841
50 95083.0 0.08085112983883504 0.080686693122273 389975.3635479418 0.07368286021722276 2785943.726266761 0.18154975593653977 0.17920602608148722 0.18274892973428303 0.17887763908758422 0.07849750098501161 0.07936984341271035
60 110413.0 0.08085470440324702 0.08069842995809977 390284.4451102255 0.0740184744164313 3171244.435432364 0.1815493617348403 0.17953156246081076 0.18255231781291578 0.17895289409889098 0.07860006105237503 0.079447628306737
70 131427.0 0.0853702173040093 0.08179725203465066 332058.5036933077 0.07477219926049176 3483765.602822053 0.18151157542336194 0.17954089118343014 0.18240836785001102 0.17903504184566515 0.08298990256880366 0.08044768481465697
80 142564.0 0.08553199072321227 0.08195817878387684 331029.5695106692 0.07534361605463225 3800140.956574032 0.1813544314401289 0.17931016652411205 0.1822873999293492 0.1790839824821561 0.0831182806621146 0.08051778843846363
90 160433.0 0.08615977620885523 0.08393442099350003 324567.8105838924 0.07586161071759331 4111008.6494802865 0.1815256560184283 0.17982744480027182 0.18218868703164806 0.17912032464108835 0.08352727726599157 0.08164612627673858
100 171918.0 0.08620395540190934 0.08394928256780475 324206.4506628743 0.07628542453274327 4424189.371748948 0.1815326179600993 0.1798300704016219 0.18212352290748474 0.17919051851040832 0.08361798867905904 0.08174105116892882
110 188163.0 0.08624270948074475 0.08417032918800066 324547.6942703008 0.07665051580879083 4739567.187940157 0.18157102732207417 0.18001199162203776 0.18207363710614513 0.17926408924073453 0.08369526649099879 0.08192933274927186
120 205654.0 0.08804993781108675 0.08439898860275269 305373.6982295961 0.07708380266077314 5031540.895482784 0.18174024095353927 0.17838886898600947 0.1820432057470783 0.1792321040073242 0.08538646156881904 0.08220802356144893
130 221562.0 0.08814117355233815 0.08440993300550678 304722.4644882808 0.0774551913910437 5324858.747634682 0.18174024095354838 0.1783888689860086 0.18202007866360265 0.17916773492172758 0.0854824015816261 0.08227775538331433
140 237791.0 0.08852542412457794 0.08712893569897305 310033.58862746455 0.07781102330369902 5625628.954882603 0.18177209739782055 0.178974234636744 0.18200157997414787 0.17915234318249373 0.08585380958061774 0.08461629952616541
150 255999.0 0.09038774210925676 0.08732194666669861 291778.93019004207 0.07799390279118464 5909840.072523235 0.18142788104763719 0.17951907984489526 0.18196156332272628 0.17914112746457092 0.08704298964329371 0.08484486355163365
160 271416.0 0.09080892259431331 0.08822453699521114 289338.5914347015 0.07817937101147228 6191461.478220734 0.18267791426390548 0.18157986840590798 0.181941703672052 0.17927964589253476 0.08729589123562602 0.08539547761135487
170 288667.0 0.09140053410494056 0.08832524152966247 285058.9405017104 0.07834423165172795 6469245.299361052 0.18267223604324886 0.18194982584331057 0.1819848872924229 0.17941665231803258 0.08761348142640502 0.085475265001793
180 302790.0 0.09191329418514689 0.09021672309669064 286931.80464997696 0.07847200411695206 6750629.322355194 0.1832850790196102 0.17911802101632232 0.182037793548269 0.1795109710399235 0.08798256648283949 0.08673958460138317
190 313502.0 0.09197809383268915 0.09309642910988915 290027.4015289539 0.07854536960479741 7037492.496664164 0.18227861081306146 0.17937002754817702 0.1821011564412415 0.17950274712228348 0.08801782788719824 0.08798786531124464
200 321256.0 0.09388738898598835 0.09348076631707097 273233.0821668936 0.07866094202697868 7304583.299572525 0.18278616676575166 0.1791346117311396 0.1821172059423694 0.17949223120221772 0.08919771163391628 0.08832253381841883
210 335284.0 0.09398122757065047 0.09375927732962502 272583.19776868337 0.07873812949054354 7572910.988457162 0.1826300017268846 0.17866201727712697 0.18214298929745404 0.17945736413898117 0.08929556617812907 0.08864901339064085
220 349130.0 0.0940012259636027 0.09378294226627944 272838.7966959651 0.07880860500075494 7841893.8453608565 0.18263164001302143 0.17865692241194633 0.18216508745419824 0.1794212755573992 0.089316402282428 0.08871107033517316
230 368695.0 0.09999408072960747 0.09402070189901882 228859.51982317193 0.07897365360197081 8056368.231839468 0.18547441931243572 0.17636812920476344 0.18229486208888135 0.1793128406488525 0.09237322779961031 0.08887457925233763
240 384750.0 0.10001791316783412 0.09405651098390377 229723.2931306076 0.07908767054474367 8276026.709848854 0.18531022107048478 0.17487827959082278 0.18242553745434062 0.1791680764968182 0.09244879898985413 0.08891898219705928
250 393888.0 0.10004779000557738 0.09405850644516021 229937.1542230885 0.07919291695345708 8496745.167418845 0.18531022107051454 0.17487827959081984 0.18254046508845048 0.1789971682535514 0.09250428189906491 0.08893995717751406
260 404872.0 0.10209499336154333 0.09458563921188037 216946.78185848327 0.07917217716902131 8715955.39109084 0.18519688746268248 0.1702500983021617 0.18263758512607572 0.178801128957321 0.09365523739303774 0.08943203290792087
270 422662.0 0.10219388926114145 0.09461108204268998 217590.93900256438 0.07915291879775953 8935637.554010626 0.18538665007458793 0.17046186083806117 0.18273343083212587 0.17848716016028954 0.09370331491062442 0.08924660095927524
280 433426.0 0.10225221958564536 0.09552919858773345 219211.19289382434 0.07911502891883157 9158967.395911235 0.17721440821030587 0.16965941928130573 0.18265280988532076 0.17818684241526936 0.09370856098864738 0.08956688188008577
290 450599.0 0.11187125279537763 0.10267156469077168 167571.10116404173 0.07895407010148667 9354496.4026685 0.17884821012964278 0.17180514038405734 0.18252861087835348 0.17795899987115044 0.09784646358795869 0.09336655519345768
300 468563.0 0.11285286404736616 0.10383152675838817 163612.4027146788 0.0788281823696869 9540454.347833589 0.17924274531038584 0.1719544449293905 0.18241523228828935 0.177760532589466 0.09834899996458404 0.0940362657345987
310 487114.0 0.11286252589155626 0.1038703431022848 163604.7637818739 0.0787101626211246 9725140.886618836 0.17924204362782614 0.1719538182182652 0.1823132163699162 0.1775738360175783 0.09821404580918675 0.0939532661199897
320 502975.0 0.1169867787347858 0.10447897132268383 146920.31713942534 0.07866786220147862 9880256.513913091 0.17986087991106822 0.1719741919018599 0.18222439659229656 0.17739875366351232 0.10160071672405584 0.09431625118028539
330 513127.0 0.11708802137948554 0.10448766375200744 146657.54033616208 0.07862805004181181 10034656.298664598 0.17986391702287308 0.1719757152446232 0.1821530371727259 0.17723490602030342 0.10155899460211383 0.09423654533882246
340 530548.0 0.1220851239355014 0.10877848388504621 129361.76778530485 0.07861366910307004 10167109.972431041 0.1770966190052955 0.17036920002884826 0.18205938484128908 0.17706513082157666 0.10536291982072406 0.09825413182640269
350 548921.0 0.12218878293106443 0.10883315210274645 129054.54441634369 0.07860008710536949 10299092.232609387 0.1787449683263927 0.16978013424153154 0.18192269165314418 0.17687268531241823 0.10526608370334957 0.0981718965430288
360 557408.0 0.12408451066832621 0.11198847541327261 123438.70454302686 0.078576974337559 10427712.574114164 0.18047566318359162 0.1705662102614834 0.18186812306581773 0.17669110005281194 0.10596233075079718 0.09867971984266129
370 575632.0 0.12409530219352251 0.11964127941809025 124150.0968428302 0.07848367843803594 10573294.323794108 0.17856169539237007 0.17231136210609777 0.1817996364468207 0.17655423190904612 0.10583463136922272 0.10259329228078609
380 597389.0 0.12423445114060205 0.12002493961273399 123878.45723499217 0.078395871611149 10717465.210678384 0.1769432906988656 0.1728364875537695 0.1816929969043903 0.17644837257742402 0.10577839858168468 0.10267701679833593
390 612120.0 0.12427363540522116 0.12004689801213937 124076.31347698867 0.07831245512560642 10860880.68163264 0.17694328866545617 0.17283641772973607 0.18157152101635396 0.1763559961084809 0.10564469005485393 0.10266828292066044
400 630813.0 0.12458542679693138 0.1265024593737877 123502.23991880924 0.07820550985291505 11009667.538910177 0.18264895980411563 0.1761695038640928 0.1814622378579881 0.17633196547517063 0.1055846611970978 0.1053790194577103
410 650024.0 0.1362730462658129 0.1282917713270838 94216.27734082058 0.07838256906188082 11058341.4619419 0.18264025343650037 0.1761740261056274 0.18149091880251825 0.17632810154973616 0.10978170182342864 0.10697842891474789
420 671071.0 0.13628416305037716 0.12830900834188688 94472.23211951867 0.07855139295880167 11109838.787148332 0.18263782681334775 0.1761732342959482 0.18151820738468816 0.1763244380389037 0.10981267403464046 0.10699496288939053
430 687007.0 0.13632766858280473 0.12839668610411195 94427.5473414525 0.07871254304222612 11163567.942714596 0.18263787571657628 0.17617649752486872 0.18154418508747128 0.17632096011659798 0.10985812691572283 0.10705049829705977
440 703717.0 0.13637890153137538 0.12840148900390025 95219.2412880277 0.0788116059336877 11233564.546516448 0.1825969809416441 0.17596873889545123 0.18156852630530737 0.1763152794514556 0.10989883373066033 0.10705923106206736
450 715392.0 0.13658848323771605 0.12843846436376524 94828.15693519193 0.07890636174291182 11304316.938300509 0.1825932492996084 0.17596867655634868 0.18159132343267398 0.17630759559515694 0.10993797890695878 0.1070777985291721
460 726896.0 0.14225924345333418 0.1289766849306572 84050.27233237009 0.07911608455983032 11333616.426509732 0.18185567049590745 0.17577441025268953 0.1816018585207978 0.1762973065056008 0.11543448663600198 0.10757612781985675
470 738741.0 0.1423128668774794 0.129952386457775 84406.2247868198 0.07931703764352825 11366231.05322569 0.18184772623857015 0.1759241349532746 0.1816068971846418 0.17628900561676492 0.11551420596408417 0.1084239673704151
480 762750.0 0.14232501602204492 0.12999298796890196 84448.05859536098 0.07950961850202477 11401535.133889882 0.18184653261983688 0.17580752510857964 0.18161188020146904 0.17627900333834778 0.11554110437306266 0.10844982328984357
490 782522.0 0.14239317864903955 0.13024129406497395 84493.87270807222 0.07969449612618144 11439302.182638172 0.18258281835089057 0.17623660503998376 0.18161870952856146 0.1762719914680419 0.11558731741661976 0.10852519947589667
500 799067.0 0.14962101613646978 0.13577244344271402 76099.26866715531 0.07991891943960887 11456358.35944256 0.18313116657956457 0.17664635160728281 0.18163883598726366 0.1762699056998453 0.11935748462431926 0.11158939059671169
510 815180.0 0.1497023721272366 0.13584300330366686 75995.47445325885 0.08013471108713525 11476136.419908201 0.18317368145641186 0.17664021858377765 0.18166799186369173 0.17627724490828992 0.11949048354177083 0.11167852375211866
520 829080.0 0.1506627188151699 0.13623429473288637 76447.75707094106 0.0803455478128915 11498508.21295198 0.18248183175691096 0.17372726511697245 0.18168892420238775 0.1762506636988255 0.12057470215339428 0.11215972402148193
530 842029.0 0.15070859455640948 0.13634211141338087 76507.83955852302 0.08054857577102714 11523487.676030593 0.18248637470268975 0.17372750007405205 0.18170394168000661 0.17620314430240494 0.1206423026913888 0.11226959829951384
540 854239.0 0.15077450438707587 0.13719037820083524 77027.79027063612 0.08074291443822725 11551863.810705062 0.18247119120279098 0.1738786044844601 0.181718066691133 0.17615916988754568 0.12065445849852922 0.11275373360017331
550 871051.0 0.15125640623731665 0.1389633270133655 76377.51565075146 0.08092774717423966 11582058.698127445 0.18071628883263036 0.17439885135035754 0.1817030705455524 0.17612627799600708 0.12085853837447554 0.11277522890243437
560 896196.0 0.152344842767617 0.1392560579247355 74781.37687848159 0.08108111349082324 11617820.325771928 0.17981067346689436 0.17440257248568408 0.18168063799078177 0.17609550597630927 0.12147430105704632 0.11317854986381921
570 913920.0 0.15339518143860106 0.15051948629165873 74866.6852763421 0.08125070244017002 11650343.47761436 0.17981970427867933 0.17459969960805186 0.1816474137993887 0.1760637396759822 0.12296276978693732 0.12163710095853524
580 927665.0 0.15345938635335535 0.15060719392072675 74889.76820593535 0.08141454261157285 11684658.887147974 0.1798254442015148 0.17460209618188427 0.1816160297883201 0.17603856908513327 0.12300387966276749 0.12172542596293727
590 941378.0 0.15351437299543538 0.15074784326428511 74822.8463184094 0.08157292144392891 11720534.387526607 0.17982544420151744 0.17460209618188952 0.18158573223185973 0.17601426328304784 0.123049048252684 0.1218645900977496
600 953637.0 0.15361794073999507 0.15104553475429283 75197.7452728682 0.08172743531389424 11758186.573911598 0.17983719625352532 0.17460360094169974 0.1815565902636535 0.17599078452731384 0.1230995075184564 0.12207718225081715
610 967872.0 0.1587905128310168 0.15205653610142367 68372.55881020048 0.08187639394959796 11788096.48940349 0.18406763546250002 0.17497279987045072 0.1815838394419777 0.17597291488520075 0.1246249985306135 0.12230114036856633
620 980447.0 0.16171264465493335 0.15309810082048245 64886.69622008365 0.0820400123092241 11809998.371992663 0.18360924701231965 0.1746124346313514 0.18161894763983596 0.17595186668287766 0.127111006547813 0.1224630935288684
630 998790.0 0.16190649314421876 0.1531415487670576 64747.611734123486 0.0821985175951119 11833364.781767584 0.18357723872102022 0.17460662851481598 0.18164998079515893 0.1759305453865737 0.12723443930860476 0.12254104064949287
640 1030197.0 0.1621397235060294 0.15315903335983555 65210.27802185322 0.08230874933901754 11869511.826696571 0.18502716793400795 0.17478632857007878 0.18168894897819932 0.17591161483123924 0.12737631583049153 0.1226060059425536
650 1046047.0 0.16340697133352924 0.1532645021055523 64020.68330197093 0.08241492582588995 11905350.905556636 0.1849881919335696 0.1729993814838585 0.1817424845155753 0.17589146604342296 0.128976660008487 0.12278207646463934
660 1062233.0 0.16824549801694055 0.15727315673130282 59208.909405459744 0.0823955585176819 11970205.88613581 0.17846745439863448 0.17433851231564204 0.18175229367400844 0.17585601118716312 0.13173827643845737 0.12369003545601666
670 1080997.0 0.1685577769538168 0.15740010847425004 58928.79749929902 0.08237676083618585 12034632.324036583 0.17846070450747248 0.17433788531373942 0.18170326887223215 0.17583338916372263 0.1318217085618089 0.12381079708161795
680 1101652.0 0.1688034953696797 0.15757987538434215 58702.020459175576 0.08234184855514458 12103645.883265987 0.17833209224683078 0.17425134394241582 0.18165396426508493 0.17581068934318128 0.13195710596235338 0.12396604778133213
690 1119458.0 0.17135379690350394 0.15786954345157847 56223.296031946214 0.0823392668683925 12160638.486846084 0.17939859681148979 0.1732184273763316 0.18161823823952028 0.1757761643264861 0.1328119737011615 0.12406158196640821
700 1137550.0 0.17295867959197803 0.15934976546502921 54948.28451760548 0.08231335128241063 12223469.343614692 0.18370300162803363 0.17385805554121994 0.181611734892847 0.17574345308648226 0.1335363482789599 0.1248369265979505
710 1147323.0 0.19109445041735854 0.1646188221445707 40828.33659091526 0.08232174827587002 12261469.947601635 0.1852100969975767 0.1737253003602841 0.18166327258804713 0.17571662494916945 0.14188871000589576 0.12743494092903435
720 1163003.0 0.19120553548748934 0.16471296113876033 40791.89538395446 0.0823294584815324 12299665.341794645 0.18534075420190554 0.17375391986626534 0.181713915226809 0.17568930353409767 0.1419041493768068 0.12752166125575345
730 1181968.0 0.1963298232433526 0.17075581208765622 38222.128834177995 0.08236040450949839 12327330.400831638 0.18638772883240343 0.17490041103508486 0.1817838155732408 0.1756729871497292 0.14366046768114873 0.13022657893588785
740 1198736.0 0.1976008029384149 0.17151367032856693 37527.35236132607 0.08241729933332245 12345521.484143104 0.18696901625289264 0.17333998926291133 0.18185196166229534 0.17564801175820974 0.1446223345647667 0.130758819279164
750 1207396.0 0.1996378005418824 0.17381922008717698 36790.28347747759 0.08249443299455479 12356178.028444888 0.18095355479217148 0.17537749056812754 0.1818936357654048 0.17563325170449431 0.1448643291900181 0.13146205114618506
760 1228707.0 0.203854474185878 0.17415838406427078 34590.31389717024 0.08262860019989975 12345408.201942883 0.18268218783842782 0.17379918864491284 0.1818961014717966 0.175610819306521 0.14688824006902826 0.13162270755327993
770 1247408.0 0.20410584009461663 0.175946839964182 34694.319286498656 0.08276152395850166 12335519.923509164 0.18271654147666028 0.17392852265307662 0.1819056817695539 0.17558681838075413 0.14718537541796842 0.1333078683831055
780 1254633.0 0.20502732645821556 0.17607985722861735 35001.36066941489 0.08282059695812177 12350450.628772978 0.18273339722158496 0.17394082552244838 0.18191619325413966 0.1755656683231069 0.1476778940628014 0.1334030960141254
790 1269724.0 0.20527177309002076 0.17614567505090442 34920.09178207985 0.08287134997785328 12368125.988039302 0.1824260433812661 0.1748849738457924 0.18192485553825732 0.17554770074556666 0.14803370738675217 0.13350032111650081
800 1277642.0 0.2082624284949165 0.18482592837646145 33926.09785467228 0.08289943167287799 12392386.99246579 0.18044987981125143 0.17239689457953233 0.18191838256494558 0.17552373844008526 0.1493259981705642 0.13740978486904226
810 1295595.0 0.20826370875645683 0.18494429020832953 33980.99052703719 0.08292682844851185 12416955.68571074 0.1804495767806822 0.17239222417238614 0.18190027413507054 0.1754851657522593 0.14935559002530988 0.13730885579226224
820 1312453.0 0.20826900866610967 0.18497566660711484 34015.020404886665 0.08293275338293198 12448925.10506087 0.18043747578431735 0.17243766350322 0.1818825342572367 0.17544776849139937 0.149385894775904 0.13730265039221612
830 1323093.0 0.20830699146723425 0.18620599774963395 34018.31684144703 0.08293295535615465 12482873.588186093 0.1788307698587918 0.1723509893388109 0.18185162106127023 0.17541081609041248 0.1494346057054754 0.1385624931457035
840 1341602.0 0.20930571199016326 0.1910151355369036 33587.1025030952 0.08294417569204013 12512580.354647098 0.17541718652887384 0.1719876804951178 0.18178802682261924 0.17537468525435876 0.1501778325113893 0.1416451107165309
850 1352664.0 0.2096838469884866 0.1911231391366618 33457.81962270594 0.08295246098435562 12543168.589192377 0.1754224565920694 0.17200292665641276 0.18171318826313693 0.17533494346196332 0.15050929933273943 0.1417277926964499
860 1359626.0 0.214791720854636 0.1914358871487841 31377.95135612308 0.0829605558101811 12571691.681596266 0.17634077302596626 0.17199451686676442 0.181644405361863 0.1752961869996365 0.15135312618687613 0.14178773743291323
870 1366376.0 0.21711443288244034 0.19858049135285505 30551.837630920276 0.08296851643459666 12599416.447407223 0.17415674845850315 0.17247184276781188 0.18157873204786587 0.17525956440782095 0.1528349475485299 0.1476880679611191
880 1389887.0 0.22122278422231362 0.19975818849219532 29049.112473152927 0.08297156945188844 12627365.628680274 0.17328226737873173 0.17270600640695155 0.18148754076221082 0.17522978487229457 0.15489719928666984 0.14826655224993526
890 1405363.0 0.22301524226965483 0.20069305757290024 28465.98743577597 0.082977432739791 12653710.371159887 0.1735009432305763 0.17265158824650875 0.18139788617553562 0.17520037108290132 0.15628081876747293 0.14902932247699277
900 1421954.0 0.22304451844670084 0.20071684778795354 28503.63525322311 0.08298316716422316 12680140.668201262 0.17349875235693013 0.1726690682688446 0.1813102391343602 0.1751721215907695 0.15628965906426937 0.1490225284846292
910 1435370.0 0.22374686626157447 0.2054191051884497 28293.64393589573 0.08298683688183107 12707104.54387713 0.1735304100422908 0.1728761981453105 0.18122463203053152 0.1751455643855204 0.15609244955194188 0.1517545427288696
920 1458444.0 0.2288944888995023 0.20608013638320308 26473.992599930574 0.08299042768078076 12732255.953732079 0.17473038079989922 0.17334117545419453 0.18114630875525056 0.17512293949704794 0.15836802102104167 0.15176728013073076
930 1470894.0 0.23062842609907974 0.20631142749932063 26038.64382371029 0.08292910805686017 12781377.901082825 0.17150042685516503 0.17352681785265583 0.1810588707487784 0.1751036420713191 0.1588578163342006 0.15178491081522563
940 1478013.0 0.23072625833743227 0.20635814580582726 26063.514582118634 0.08286907937239055 12830100.294420881 0.17093000422901386 0.17303337614993858 0.18095669159537725 0.17508636247562653 0.15883618050594292 0.15176617829555597
950 1484547.0 0.23100566139816237 0.20688092124330965 26145.460125688016 0.08279723135002193 12883524.47948523 0.17046881944588957 0.17183746694783877 0.18084737100726103 0.17505548287123332 0.15883198485871688 0.15176413492141075
960 1506459.0 0.2313058832310384 0.2069723431038623 26220.232019023166 0.08269856937514332 12947608.171968313 0.16952154310252787 0.17181752373848574 0.18073739606221306 0.17502195277176646 0.15877703010896632 0.15172486515795974
970 1516711.0 0.23134856976760215 0.20757472367873117 26259.682900181582 0.08260295810969853 13010712.48117085 0.1686036233913701 0.17136246300557065 0.1806133976961434 0.17498470241422348 0.15868629101947082 0.15200702959624685
980 1536565.0 0.2339432772914497 0.21091579763903642 25539.12434601487 0.08250583150129327 13074109.91634557 0.1685716105740001 0.17181600097875863 0.18049160198553735 0.17495250617324257 0.15965309832695496 0.1526443876269481
990 1551465.0 0.23951575840176337 0.2110977898099219 24106.006096851517 0.08241882939694153 13132608.7517028 0.17093751864070164 0.1717257578036148 0.18039907714361078 0.17492064314654748 0.16046489736140393 0.1527444377914149
1000 1563599.0 0.239643819726364 0.21786273739624903 24116.41647912579 0.08233643747858546 13189403.939862508 0.17102275109330403 0.17411951959352195 0.1803048977091756 0.17489829071578428 0.16047524265032778 0.155669517805031
1010 1566904.0 0.24180533981634666 0.22107506708825198 23505.51665805855 0.0822888624487309 13231778.024481159 0.17188354002533793 0.17526360376093675 0.1802181943865656 0.17489736256288907 0.16193260269521018 0.15693534991022548
1020 1590401.0 0.2444400070441187 0.22439568641817825 22834.629359437982 0.08223616954334612 13275716.755866762 0.17190290397233204 0.17478097341035873 0.18013625740408348 0.17489595173181702 0.1630252559199643 0.158552406480662
1030 1608064.0 0.24459044487498885 0.22444482237777255 22800.63710694392 0.08218448996306488 13319274.423840312 0.17189984908260988 0.1747738258723962 0.1800563935397799 0.17489482265491052 0.16303152161474208 0.15857380665872664
1040 1625482.0 0.24623552876253452 0.22515310127853702 22548.439722827643 0.08211194544811795 13371273.572410068 0.1716527625317478 0.1746982733174124 0.17997717488055162 0.17489312291434597 0.16354352677120373 0.15858364130885777
1050 1641269.0 0.2463722267311597 0.22822405148516137 22553.26226991507 0.0820550227348823 13416923.993634257 0.1727708247828816 0.17709644142132716 0.17990542126800751 0.17490727475057716 0.16353223434939243 0.16002932661565647
1060 1649542.0 0.24648729407562492 0.22823211793474388 22531.976401134758 0.08199916399759498 13462188.118095018 0.1727581048572487 0.17709549568111874 0.17983811561987187 0.1749279025146104 0.1635576771695748 0.1600660177697792
1070 1670347.0 0.24669659093260551 0.22827067588084604 22502.80315248836 0.0819443365695418 13507069.527102219 0.1727538974293466 0.17709323161598556 0.17977197113046411 0.17494812717412414 0.16361106742788228 0.16011204700064746
1080 1677528.0 0.24699015856367823 0.2316133411214405 22473.37599104457 0.08188726898388846 13552926.067078171 0.17276419802345594 0.17807800846233957 0.17970715624013917 0.17497253798209983 0.16337036631312066 0.16103917699262285
1090 1695436.0 0.2568968418413132 0.2364457409284598 20028.694076551703 0.08182240318697925 13600252.634983703 0.17367883802436182 0.17855411758429424 0.17964718093506912 0.1750000360220346 0.16824317253865678 0.16391010025795646
1100 1709878.0 0.2620782265317172 0.23700388297955663 19281.932251313563 0.08177089781632808 13641350.923662204 0.17458984353085408 0.17517237323027163 0.17959476263663485 0.1750193678177228 0.17014093062642519 0.164023206542193
1110 1729085.0 0.26219065573506484 0.23833362258419702 19407.87056482029 0.08171431925726921 13684794.480739282 0.17599098990667908 0.17583827366623722 0.17955319832605626 0.17502254475963458 0.17011502838797102 0.16457699387078709
1120 1747057.0 0.2651892312089621 0.24020026007707418 19011.2848451316 0.08166852440246705 13723332.34493843 0.17694127916782906 0.17616289274501135 0.17952162323731935 0.1750318702954261 0.17024090805698625 0.16552420901175538
1130 1760157.0 0.26708350888293764 0.24087017673462602 18811.628111128994 0.08163466689745602 13756596.02508884 0.17717986751909315 0.1761643553598724 0.1795026623445117 0.17504215035578768 0.17105556233281782 0.16578588118371992
1140 1783450.0 0.2671486242783 0.24090591838418934 18810.28690947611 0.08160139821861909 13789630.540074049 0.1771798465181851 0.1761643195874077 0.17948230466154813 0.17505198538108221 0.17104416944530879 0.16579812624894075
1150 1796258.0 0.2682904876347276 0.24111973645788407 18612.092931628475 0.08153280407258927 13837954.603817783 0.17724187243842762 0.17513025775621638 0.17946334357417135 0.17505368116419165 0.17156651933659725 0.16582928815261153
1160 1809987.0 0.26878379067724245 0.24330960679920252 18518.23029242 0.08146918340236224 13884118.00317206 0.17729997516539997 0.17553349861178066 0.17944446153271815 0.1750560850757949 0.17171560791495163 0.16685445455522657
1170 1821488.0 0.2717581684407773 0.2462119467236597 17954.027865746408 0.08146847723774281 13902376.294542825 0.17671246865187734 0.16825850051345242 0.17942049989116615 0.1750131811036584 0.17402143766818695 0.16855847818154449
1180 1837227.0 0.2741165382287767 0.25152281461783305 17611.0234302141 0.08149914167514834 13906845.750961214 0.17466019438148858 0.16882811779685183 0.17939335622552896 0.17496202194638813 0.17463446861932394 0.16984205281324133
1190 1856130.0 0.27480729079142546 0.25435037578101566 17527.320194000287 0.08151675176002857 13916803.42230291 0.17455354608987336 0.16895422842936336 0.17935291947980203 0.1749113159402821 0.17489621222217186 0.1714647059112268
1200 1870692.0 0.2786555696097988 0.25536960738640635 16844.123516680014 0.08152056473514512 13931992.113049105 0.17040408993359915 0.16909928338813987 0.17930087504272998 0.1748623242691112 0.17725561182569113 0.17197108888998988
1210 1880615.0 0.2795296439678339 0.2585367096562967 16710.00106731684 0.08152565466271866 13946490.480270645 0.17046366814985103 0.1691364542106917 0.17922770379497688 0.17481494668960817 0.17733085577743776 0.17263756028653218
1220 1908206.0 0.2798149745813906 0.26042256163477007 16718.670712843756 0.081511593786524 13969348.996819604 0.16962567441293278 0.1705273632614799 0.17914920743994983 0.17477984407843125 0.177460859776609 0.1730931416377999
1230 1927484.0 0.2815376511705779 0.2617939443710335 16596.256588438147 0.08147088527903523 14003885.299035143 0.1699266050915024 0.170555093966025 0.1790723273990929 0.17474525417316752 0.17893616614147698 0.1736367475657297
1240 1940883.0 0.28159083411057684 0.2621760496347083 16613.6318900397 0.08143197183385406 14037673.671084017 0.16993262529637906 0.17062244996743736 0.17899869074623664 0.17471209116109535 0.17887272246653382 0.17368695252256852
1250 1954067.0 0.2818849649965502 0.26409189480577777 16595.802459982144 0.08139286646528983 14071568.477072995 0.17034283310245515 0.168907718046569 0.1789295072076069 0.17467817797451676 0.1789058957767373 0.17469261969582034
1260 1974161.0 0.28199471608939874 0.26460697596446875 16601.959351956073 0.08136740463192269 14099413.48309938 0.17075184102278915 0.16870733990957984 0.17886269143813527 0.17463265623493826 0.17890081963519633 0.17473048467822802
1270 1984701.0 0.28210973825387664 0.26463271781920583 16606.22750452646 0.08134234063970189 14127100.317682449 0.1707448254496741 0.1687073390482341 0.17879882704449915 0.1745860369029118 0.1788251825956538 0.17467511200881838
1280 1992597.0 0.2831289215072406 0.26503739344821825 16492.3966062009 0.08132948810506654 14149268.63602653 0.170443523912755 0.16832174445807876 0.17873525413833252 0.17453924760213396 0.17874169806108892 0.17453709806821419
