1 2458.0 0.08281797202159258 0.07507899021631186 335473.57215166057 0.08281797202159258 335473.57215166057 0.09673706551460892 0.10385762407879401 0.09673706551460892 0.10385762407879401 0.08281797202159137 0.07507899021631205
10 19015.0 0.08283005720043081 0.07515061533682246 336333.3292428128 0.08276467428948542 671806.0627502331 0.09674241584983846 0.10386616464869902 0.09674144306161483 0.10386461181780621 0.08282627486182864 0.07512090577524824
20 31279.0 0.08290366958411406 0.07520688571561829 337267.4334982601 0.08274578059709153 1009071.9321214546 0.09674152341030838 0.10382009537006864 0.09674088285319166 0.1038443263885662 0.08288063299073127 0.07514144817580551
30 58067.0 0.08304345989341241 0.07525023835574406 341673.08502826263 0.08235785312984024 1350786.3243297313 0.09624544188323451 0.10342364906057767 0.09659706581536938 0.10372141261532776 0.08278835219341486 0.07503196585228318
40 73039.0 0.08306339122920453 0.07527177174344607 341743.6044615404 0.08212509664948947 1692553.4802840895 0.09624544188323281 0.10342364906057694 0.09651130388070196 0.1036487873580715 0.08268986174625971 0.07495167452787917
50 80881.0 0.08307461932182952 0.07527802880521216 341988.19925263536 0.08196992566258895 2034550.9680258916 0.09624544188323758 0.10342364906057666 0.09645917407727729 0.10360464259385689 0.08263107103572791 0.07490076960577861
60 99210.0 0.08433614167474023 0.0756983457372515 328202.8451042364 0.08191962833000112 2362888.705928725 0.096158025281397 0.10287528648248251 0.09641969506581899 0.10354079138443285 0.08363815428109263 0.07512971455877611
70 108652.0 0.08446318471068599 0.07583456812124525 326852.9593737663 0.08188190533056024 2689856.009965622 0.09615802554042245 0.1028752918867111 0.09638284019943878 0.10344705898469372 0.08365319563860608 0.07508630359927498
80 118808.0 0.08518363740213283 0.07652277273947078 319001.7511420168 0.08116409042056237 3017727.7814336256 0.09561829691440465 0.1028763508984374 0.09628845213955793 0.10337660119626703 0.08415303174935071 0.07565205607005712
90 136320.0 0.08522387181815133 0.07653093105895384 323305.66061533487 0.08059007990045272 3347621.2100240574 0.095632828573674 0.10291339965549934 0.09621624590529299 0.10332529279885229 0.08410132062954741 0.0756000072165963
100 148892.0 0.08529823350213647 0.07675194810578435 322947.0467156377 0.08007133419904201 3677185.2740572263 0.09556130893824635 0.10305583821503302 0.0961567333206071 0.10328720881329774 0.08407979725030396 0.07566778997419432
110 172578.0 0.0853036934764919 0.07675383694472872 323061.5611390845 0.07963904611453308 4005902.1713715354 0.09556130893824642 0.10305583821503314 0.09610309148435832 0.10326636461525586 0.08403081342427794 0.07564097434196283
120 191974.0 0.08530701734151655 0.07677135013173271 323606.68002223095 0.0792732638891794 4334325.575105429 0.09556130893824735 0.10305583821503234 0.09605831606732435 0.10324896573920436 0.08398924203592757 0.07562505963526281
130 212627.0 0.08557309790045822 0.07703862844199125 321840.3124624643 0.07895973626744765 4660638.5610720655 0.09556140209860828 0.10305583836417283 0.09602038228100467 0.1032342231892151 0.08406314128961609 0.07570568494238204
140 222030.0 0.08559008386742091 0.07708540588168714 329126.759698437 0.07868287017930407 4992805.787641141 0.09776483191726378 0.10308748715813681 0.0960815903550087 0.10322273450116351 0.08403981009618404 0.07572532372607556
150 254747.0 0.0877930646005102 0.08025366942745014 305523.0220062204 0.07837939258201528 5306267.7230662955 0.09786477104899889 0.10415827963799633 0.09619456846004153 0.10323310688868215 0.0851119642842568 0.07761621513380582
160 272000.0 0.0881484427226656 0.08035661668612298 304459.7806702246 0.07807970807636525 5619256.53991051 0.09720785330962706 0.10398982129359675 0.09626158564162675 0.10328115410851779 0.08530415739977724 0.07772722147370367
170 281383.0 0.08826515210120803 0.08038619739663808 303458.5712912315 0.07781814720966129 5930387.18759936 0.09510780743397312 0.10289099367524443 0.09630471599764814 0.10331621520501649 0.08534032665118896 0.07779047478813143
180 306187.0 0.08829793774670362 0.08040240077981736 305935.5560751791 0.0774367870519084 6249858.626871273 0.09510858011265444 0.10289281286485803 0.09623861224374593 0.1032927672609936 0.08523468633426064 0.07782841881530017
190 324301.0 0.0883121863276055 0.08042349529733117 305956.31841437606 0.07709083737641771 6568413.595723547 0.09503568246463351 0.10267633205635807 0.0961775399424317 0.10326616020338181 0.08513950952329026 0.07785945649345669
200 340692.0 0.08832835454646976 0.08047340739960594 305851.2023546797 0.076777835289069 6885917.418307293 0.09503509387446689 0.10267559253993218 0.09612072232776254 0.10323680448189167 0.0850546365215132 0.07789669632085207
210 357543.0 0.08833113895951143 0.08050347914264033 310004.6442792323 0.07647747032258351 7206691.162475073 0.09384496788789436 0.10265116019575833 0.0960239763380394 0.10320928014073569 0.08497150841035858 0.07792206778477073
220 375970.0 0.08833934134872973 0.08050794615913798 310073.37543957855 0.07620322404883588 7526759.2489107335 0.09384496788789434 0.10265116019575801 0.09592537867061197 0.10318402584458287 0.08489924055057274 0.07793521013116203
230 394069.0 0.0886413090835554 0.08088242435331731 309823.7426720322 0.07590565802558154 7848822.369623712 0.09285406002378424 0.10309523645998735 0.09580513335292731 0.1031763388504282 0.08495089044873361 0.07824308261639455
240 410636.0 0.08942644460895353 0.08948485823671128 302075.2275401851 0.07564560421815486 8163216.661252673 0.09328160292995191 0.10244609677308855 0.0956880268871846 0.10316699746635839 0.08537824233542925 0.08516163214760097
250 433943.0 0.0894542731192585 0.08949456819323216 302726.6121340232 0.0752962736876 8486262.203216467 0.09298195076399035 0.10256738087447252 0.09558618430949471 0.10314069033909326 0.08531089915607132 0.08514935078221236
260 452200.0 0.09031778963033021 0.10097751008664586 295757.9636946366 0.07500374642877776 8800346.1676577 0.09328289554564806 0.10033540096162456 0.09548809607197564 0.10303619458818966 0.08583089145917856 0.09590414912636584
270 468946.0 0.09036685871917233 0.10109796053011276 295446.66967344156 0.07473211397415709 9113190.933079485 0.09328289554564773 0.10033540096162613 0.09540672335882704 0.10293653430676665 0.08578375408127355 0.09586852839670174
280 479954.0 0.09038051474980335 0.10110940581330605 296327.4478595959 0.07447711466099463 9425953.294424947 0.09327064219013716 0.09919435218822484 0.09533096787287035 0.10282772459664204 0.08572606161132931 0.09577996905795642
290 494767.0 0.09098510665755277 0.10342908246056716 290644.0501764527 0.07412689697769755 9746662.985448223 0.09227080703640743 0.09858720197944336 0.09525012689470715 0.10269657689058924 0.08604177555484852 0.0977485294594732
300 508180.0 0.09100874326373352 0.10357377954723127 291594.01977440005 0.07379760223306833 10066878.70647538 0.09226039525817184 0.09858701612979592 0.09515097413725701 0.10256004972143483 0.0859603899224599 0.09767507593710012
310 524979.0 0.09104049639218205 0.10359423542944683 291477.80323291087 0.07348888840997847 10385776.421240296 0.09223991578717929 0.09667994053363499 0.09505796362837658 0.10242616736930442 0.08587821348987296 0.09756456599299343
320 542441.0 0.09111392014295337 0.10371828699280043 295257.51170479076 0.0731988845155607 10706022.475023499 0.09235466866571902 0.09684061669133577 0.09497124643281162 0.10224865883384156 0.08581837679713343 0.09742853147407964
330 555838.0 0.09113112857934023 0.10380800094115955 295114.05680868274 0.07292601779024593 11025120.568161046 0.0923586597521332 0.09684425448573031 0.09489229580592894 0.10208536632003842 0.08574622386244493 0.0973132766680556
340 576734.0 0.09114267765519418 0.10387943684911898 295185.27236151084 0.07266806918882358 11343378.046787087 0.09231510755768575 0.0967489326131955 0.09481774019030768 0.10193110895321102 0.08567979642009683 0.09721144515466827
350 594847.0 0.091246145084059 0.10388561106700495 294640.8992939685 0.07242475460586874 11660292.106421951 0.09232631292761274 0.09667827066642279 0.0947465410845428 0.10178325064876566 0.08565224552116543 0.09707685346193005
360 617262.0 0.09677509540312186 0.10709227184512471 246801.04840392488 0.07221925124473362 11938325.085199285 0.09251104548284085 0.09660892496759402 0.09468461599862318 0.10163991752740366 0.08989365380878378 0.09920305441423387
370 642788.0 0.09681814312724896 0.10709334995686368 246694.92284777746 0.07202456384997402 12214991.582486307 0.09251115984571837 0.09660982688092255 0.09462602950052369 0.10150431368997834 0.08982036625383373 0.09906389499864526
380 654636.0 0.09685302296457907 0.10723982207414355 246690.35099964813 0.07183870001284368 12490665.45364935 0.09250374179376186 0.09660305430808296 0.0945704627007759 0.101375796141923 0.08976176843344967 0.09899551002540669
390 669081.0 0.09687397499969608 0.10724310891799486 246860.76935421352 0.07166212936756984 12765316.344148617 0.09234024398612257 0.09630111572241867 0.09451718723561534 0.1012529589119382 0.08969930351960223 0.09887091702399138
400 687792.0 0.09700292873476846 0.10726495934880967 247706.626882843 0.07149417192450448 13039514.455986066 0.09217771502562176 0.09578999764449866 0.09445886211580744 0.10111673184839456 0.08963071742697887 0.0987327442132025
410 702154.0 0.09707265583096937 0.10748340515806594 247783.48463834473 0.07133421245491844 13312758.345955914 0.0921777150256215 0.09578999764449284 0.09440335975351578 0.10098712760985694 0.08958415677808376 0.09869885525583369
420 713059.0 0.09709260837046131 0.10749711048748146 248012.66361758602 0.07118169296066197 13585220.493942088 0.09217771806787396 0.0957900611171325 0.09435049412637704 0.10086368124686934 0.08951843810497785 0.09857541129588893
430 727620.0 0.09711772918440924 0.10757118014649061 251795.47154448178 0.0710357720548906 13859715.610289304 0.09307219983288384 0.09580870258570785 0.09430119508186185 0.10074606014710426 0.08944052931559977 0.09851472925265306
440 741527.0 0.1015577159937288 0.10768143650754448 220432.76289158416 0.07091411423123917 14105178.40211016 0.09290178593381042 0.09587652417617294 0.09427141009501476 0.10063487963912197 0.0918099931598451 0.09848118533544356
450 755285.0 0.10166363521655203 0.10795036023273599 219840.04119490113 0.07079774587818127 14349250.245062847 0.09290178962481949 0.09587660118433301 0.09424104152925637 0.10052937371985658 0.09181605796787537 0.0984941553772293
460 763030.0 0.10169674232268804 0.10798034571293613 219805.78110228345 0.07068632936993435 14592419.964561494 0.0929017896248157 0.0958766011843324 0.09421199051180652 0.10042844589912939 0.09179779830730521 0.09839847589222034
470 777225.0 0.10175010818065118 0.10798668486690756 220359.29398638068 0.07057955521619771 14835204.422174362 0.09256521115301403 0.09586959335193233 0.0941777416474411 0.10033166985318555 0.09178847395114191 0.09830049846827585
480 789588.0 0.10184967626487001 0.10803738590581431 219918.78610594105 0.07047713919118503 15076852.066805054 0.09272563273372127 0.09637628553800905 0.09414656319409843 0.10024631115528956 0.0917937532718044 0.09823533098460481
490 806587.0 0.10242425756394131 0.10846454993900086 217408.72741095535 0.07036818349905428 15318403.02223223 0.09278428134163436 0.09470913055203538 0.09411869869892016 0.1001369330472517 0.09199021119727939 0.09826511859692393
500 824715.0 0.102485385608057 0.10853902563067852 217364.1787246427 0.07026350057916396 15559119.48818798 0.09278415651836777 0.09470913044674195 0.09409206262533551 0.10002859367524902 0.0919908528252972 0.09818689227823588
510 838500.0 0.1024975273263259 0.10859255545301628 221523.6014472632 0.07016284392542327 15802387.15306734 0.0927841565183682 0.09470913044674158 0.09406646759388805 0.09992449459054249 0.09197641533615768 0.09808440714757631
520 861355.0 0.1025471795919249 0.1086086959973013 221557.0744087337 0.07006598563597467 16044984.778971132 0.09278415672903893 0.09470913048750956 0.09404185510087622 0.0998243916326325 0.0919535064878241 0.09798423334259483
530 870713.0 0.10263991164548464 0.10863593865786327 221095.05478018773 0.06997271469057974 16286547.4841088 0.09278415672903537 0.09470913048750942 0.09401816963247991 0.09972805903102942 0.09196394913825273 0.09789527549605755
540 875406.0 0.10397692347862109 0.10919586180023895 213192.9035927673 0.06988292194471336 16521076.372880837 0.09171828069111909 0.09367225563091632 0.09399036001413344 0.09963225509591704 0.09302277297371842 0.09829485848724018
550 893843.0 0.10402924749726397 0.10982063275764009 212949.27636805302 0.06979954584866375 16753882.419227732 0.0917189780743696 0.09367320134023449 0.0939491362354444 0.09952410358922444 0.0931018328904398 0.09885547035395288
560 917124.0 0.10408483951939745 0.10984595431623748 212653.2603304098 0.06971909522966852 16985843.131998416 0.0917189664941595 0.09367311396238759 0.0939093827641203 0.09941980787395106 0.09308701312474413 0.09875794880972306
570 929366.0 0.10412816270445002 0.11020489830765752 212581.4419568932 0.06962493715591316 17221789.51978829 0.09170644557220582 0.09369069653058158 0.0938708901402476 0.09931935000406232 0.09309252663562777 0.09898363955642663
580 946652.0 0.10416388563838605 0.11035485781533719 212533.34207148475 0.06953419635841375 17456966.89680915 0.09170908545820983 0.09371423414977065 0.09383368113639912 0.09922287628128607 0.09307384076112028 0.09900769541640955
590 960138.0 0.10423748413367884 0.11039736617570595 213740.5879980042 0.0694464722489793 17692466.472750604 0.09173333806427725 0.09372004637598551 0.09379781404406455 0.09912968711569772 0.09305508867627278 0.0989362594886425
600 975835.0 0.10482804015669098 0.1104992211296843 214477.27106216812 0.06936162433985418 17927945.529975433 0.09173606916968888 0.09374051280429004 0.0937649423474349 0.0990399892775804 0.09333477184410457 0.09890000122604387
610 990155.0 0.10491667069822175 0.11053521469319183 214622.97905613884 0.06927951346005568 18162965.951334197 0.09175097405503393 0.09377684139984378 0.09373176096135946 0.0989533142593523 0.09332982369269367 0.09882646142991654
