1 1713.0 0.10137537839787561 0.10605868957882927 163423.40512971077 0.10137537839787561 163423.40512971077 0.20544392051075058 0.1990589840311741 0.2054142914394681 0.19906386621260824 0.10137537839787555 0.10605868957882958
10 22131.0 0.10171825994499001 0.11225915276342581 163985.1473323769 0.0990859356803341 327882.8764665866 0.20565081624937012 0.19730914948510875 0.20554897829895727 0.19786530413563846 0.10119875085907178 0.11072052618594992
20 35812.0 0.10180812267600388 0.12001355380823275 163794.72041474134 0.09836091172290985 491840.3726444535 0.20564421016453513 0.19787160805906986 0.20559621425918534 0.19770760355423583 0.1011441627834027 0.11775285474077742
30 56287.0 0.10315640631587154 0.1206898546925213 158115.7905371397 0.09814682746223506 650096.439386293 0.20545639969400306 0.19818686287853765 0.20554661352518658 0.19779863520353513 0.10192193229691507 0.11830927294514722
40 73213.0 0.11041035961523563 0.12738213463174486 129121.51576013927 0.09900763869524173 776365.4888373717 0.2041040239458386 0.1975120319671383 0.20532670150565457 0.1977945691372338 0.1088489466015308 0.12466219000871062
50 85977.0 0.1147818957305395 0.1280139805077633 115015.1872840674 0.10023798921486732 885660.7863106575 0.20550716887046205 0.19763985492698233 0.20532023244110348 0.19775870164472198 0.11240805711624324 0.12501828569156045
60 97569.0 0.11583875424395085 0.12854905951401133 112254.32323726306 0.09990383294977566 1000189.1271098556 0.2038559458434101 0.19724648564097522 0.2051565460866952 0.19766703081410078 0.11328497873322087 0.12530432960683438
70 112644.0 0.11589615601591931 0.1286238492452697 114010.9184643916 0.09879284747342167 1123358.449939023 0.2041656609851745 0.19443527665744706 0.20497378517777626 0.19743815250653535 0.1130406723008354 0.12517306549522372
80 133286.0 0.11899188822802471 0.1319109375311939 108877.05818638642 0.09780851575222538 1242141.9905933458 0.20743060777546252 0.19329551280613796 0.20516333344110518 0.19696878853375843 0.11360464963063747 0.12650836013729522
90 150639.0 0.1216434220391226 0.13634191725153444 102910.38579913559 0.0969812909600021 1355070.8571620204 0.1980921635329841 0.19371297882305005 0.20473734753476575 0.19659882093717826 0.11429135968900413 0.1283064924884851
100 169681.0 0.1351161017004507 0.13839906516227718 75462.95543198513 0.09675257781095982 1434902.5595015541 0.19697555404754144 0.1920975626778623 0.2040117314654903 0.1962390338356449 0.12237549182369088 0.12931743865289433
110 180055.0 0.13566296659047597 0.13911697014525676 75084.46336855255 0.09656118586446243 1513699.188401648 0.19782400200567096 0.192706835674501 0.20343893131311427 0.19590977838144283 0.12299572850626452 0.1292244116207764
120 191286.0 0.13569196622986696 0.1395731638210021 75135.30622266162 0.09640300066533447 1591919.8860998887 0.19916993903765462 0.19209852315856132 0.2029775113541316 0.19564006618345664 0.12259147006679191 0.12925536444881827
130 215120.0 0.13890318174686972 0.1448751316725685 71508.3304897129 0.09639246026932057 1663644.1604110165 0.20022627249080643 0.19229939261021387 0.20274311091693012 0.1953765104770988 0.12531064600086778 0.1326569224390712
140 232784.0 0.14533154371900298 0.1451602738086037 62548.109197117075 0.09671396829324612 1718855.3372796713 0.19812963320190605 0.1914617488171111 0.20251504409057125 0.19513430519650798 0.13096810319784968 0.13267745472137457
150 259310.0 0.1486408956994267 0.1457711032130278 58988.06347906147 0.09717372672268415 1767106.4925068663 0.19792251806046024 0.19126437019529088 0.20220799443967374 0.19487458904550745 0.13315307508116392 0.13275744205179238
160 277029.0 0.15244874636517527 0.149518908974104 54928.798610695034 0.09769748330606999 1809234.0779663462 0.19665980511649578 0.19293481053361008 0.2019463347457054 0.1947036172400001 0.13434700277091857 0.13451827952008838
170 289238.0 0.15396846593443525 0.15097296756868508 54343.01952364368 0.09802214682139863 1855427.0957269922 0.19667729265684727 0.19236415151471206 0.2016292468108064 0.19457912791626233 0.13458891609292384 0.1352943888735632
180 304925.0 0.1539872065397046 0.15108407798719217 54531.007837115285 0.0983125954509773 1902787.0903185573 0.1967203807625223 0.1923167376915961 0.2013564573643604 0.19445622590652223 0.13444424814889352 0.1352933489155138
190 320594.0 0.15417911227072087 0.15233275524688988 54377.29202180362 0.09846189529721731 1953389.3879821065 0.19677643008568932 0.1944333100872261 0.20111202339016085 0.1944065069128336 0.13441855808458747 0.13571279916530565
200 340173.0 0.15593547615073888 0.15314326464150585 53802.264969978205 0.09805061976753696 2019309.0028505784 0.20108845242764617 0.19597947700011173 0.20094732793444842 0.19443513553953187 0.13557273538998 0.1362063171501663
210 353743.0 0.1628276390748015 0.15319671265524615 47214.00169343044 0.0981543150716956 2063369.6889129998 0.2048715966157444 0.19520102645511617 0.20102573879392624 0.19449365181413159 0.13769487052954987 0.13625076795908195
220 363314.0 0.16891429654507775 0.15453524432938626 42494.7997495049 0.09824877063808056 2102700.551603037 0.20509917170163047 0.19525957266753058 0.2012107049034432 0.1945325232058745 0.14158554395368825 0.13663680290097835
230 376864.0 0.17430094778108576 0.15541168214112333 39118.06683239913 0.0985885316397885 2130303.223098474 0.20595227467047184 0.19373728085591913 0.20140801528918417 0.19449077780447138 0.1438489997839398 0.1368333143865926
240 387203.0 0.17537929547827263 0.1566349295162209 38638.145405566735 0.09890474304953126 2158253.0515660094 0.20647311210811128 0.1920721163457063 0.2016158784082265 0.1943971356243542 0.14469466102167358 0.13746876827322826
250 401092.0 0.17547608963321154 0.15685593249550742 38614.9930997618 0.09919708897367839 2187099.7177043073 0.20660732992770803 0.1921650321974754 0.201813647376616 0.19430743638291806 0.14495502980317565 0.1374628399127027
260 419512.0 0.17622149965643186 0.16107071688060565 38222.69193921448 0.09951325924682274 2214899.7265396155 0.20610763623955702 0.19221641493503203 0.20198217213316147 0.19423803371929366 0.14561897426419745 0.13977832920135624
270 433522.0 0.17643928035133294 0.1620784782723741 39058.52677214595 0.09982603735077906 2244057.360370164 0.20522202898587594 0.18888283574926842 0.20212857439622017 0.19407993216713107 0.14576647469038198 0.14061706267405305
280 456899.0 0.17786732035881195 0.16257754496257687 38125.57515813929 0.10005687313048862 2274626.491360522 0.20714381872649507 0.19079952560780003 0.20231038688628006 0.1939665423240951 0.14654886592144858 0.14092157904509572
290 474473.0 0.18361983790898365 0.1645080279338749 35296.23236293607 0.10016361106426334 2306068.857093355 0.20774107645113357 0.19080294989523502 0.2024894731923075 0.19385801726306703 0.14950246105441378 0.14196691274622802
300 501626.0 0.18552580723353473 0.17198499906040618 34822.14324902923 0.10023235720589829 2338367.4904306014 0.20084003550423252 0.1985878320885367 0.20249440943549446 0.1938391689607957 0.15021405926270656 0.14438993747695975
310 514432.0 0.18556389577396717 0.17208937208662445 34907.22596657785 0.10029680671368105 2370920.335873013 0.2010354213595759 0.19845473256949117 0.2024421772623336 0.1939885868332833 0.15022376999558384 0.1444011066388785
320 531231.0 0.18649540776826604 0.17726012458862414 34721.44136882766 0.10030303016016852 2405410.02891499 0.20161470723725788 0.19908966195455094 0.2024012070985169 0.19412211157234105 0.15119224797659994 0.146834464205783
330 543053.0 0.19420683600453784 0.19042668358475923 30779.493322521957 0.10043003031846788 2431139.2219303744 0.20248537935328165 0.2020040518035531 0.2023888958979025 0.194307992731096 0.1535185023523301 0.15197716210879075
340 563557.0 0.19982266495993803 0.20006512921745045 28406.96185497442 0.10046192054298148 2458175.003783509 0.20333798453173432 0.2035319762148881 0.20240339966884222 0.1945465762695515 0.15784315845238886 0.15971973100321574
350 573983.0 0.20044859012825275 0.20363941063108737 28192.6011154093 0.10046666069929451 2486161.642505591 0.2033948031596071 0.20350777321373126 0.20243095406108916 0.19480157181099272 0.15851871585610997 0.16319792440287176
360 592874.0 0.20090638975357597 0.20908526704056007 28022.55233580039 0.10042568839768286 2515993.152789645 0.19932441120207017 0.20210939945226636 0.20237072115987714 0.19501377116816448 0.1589430233332708 0.16712842567155856
370 603242.0 0.2010020892616187 0.20918492816404252 28007.547078458192 0.10038687253299812 2545717.788554898 0.1991825486569193 0.20210771331238642 0.20228611933726612 0.19520499951007472 0.158996702591214 0.167326743916149
380 616414.0 0.20792656748579044 0.21120111792931331 25285.930748403356 0.10048826342620111 2566371.2187791546 0.20153492263837078 0.20169883754223644 0.20223423914295857 0.19538062048816923 0.16339373433433826 0.1682275328075969
390 632513.0 0.21105078603069807 0.21797278031517855 25099.858976214535 0.10031422072494331 2599999.2928116247 0.19722190585201158 0.19587276301965484 0.2021214799529466 0.19540630640999232 0.16542016658531428 0.17172882749921514
400 649385.0 0.21117313349563777 0.21872847429724804 25731.10646479391 0.10013115771037584 2634673.0800943044 0.19722473051093486 0.19590096727519934 0.2019993733343912 0.19541829170792602 0.16542617498662815 0.17243164086002147
410 658382.0 0.212718658008191 0.21946607665603196 25211.08310476525 0.09998451459893173 2667132.7370439544 0.19758894233982296 0.19463989184836528 0.20188586045665913 0.19542083070888028 0.16650087748585585 0.17224735335426958
420 681592.0 0.21387098211506217 0.22036174230879674 24902.770418030068 0.09981039851199622 2700836.0812752913 0.1980471026643934 0.18929594572188668 0.20179273693191213 0.1953454975618704 0.16701676128577822 0.17257289803834597
430 704022.0 0.21740899295837265 0.22240613265207704 24307.078857408113 0.09968933229298153 2731313.5061202897 0.1990867350857555 0.1885514225827248 0.20171580015013876 0.19519892897045932 0.1692365732711583 0.17379621906063497
440 718872.0 0.2179931125113847 0.22329551362032535 24813.87825227521 0.0993994191661668 2771529.5812319694 0.19955129575220526 0.18904169903250434 0.20166134625003773 0.1950501257421193 0.1690247652238389 0.17365724597754337
450 735682.0 0.22361642992938444 0.22347358877839557 22981.208383277168 0.09929781328877434 2799936.090845248 0.20394318469050568 0.18872796365470165 0.2016755601900216 0.19491496323389546 0.17126139834839046 0.17363732991632144
460 744149.0 0.22367786220614863 0.22352698200215465 22974.618138871276 0.09920053106573902 2828126.896001246 0.2039431846905054 0.1887279636547018 0.20172474944165894 0.1947807550000734 0.17129492234378776 0.17354278384908262
470 763146.0 0.22920972040567822 0.228545769552626 21475.17971792574 0.09912995222417564 2853519.4446392036 0.203926825192924 0.18750411046815624 0.20176980880579914 0.19463797208223266 0.17401169577833214 0.176756725771051
480 772056.0 0.22968529407166074 0.22986887606994977 21361.936678768776 0.09901608962789762 2881318.8479029117 0.19991259159471067 0.18758216361015312 0.201789616421343 0.19449014576889634 0.17424418289615218 0.1774859604375942
490 779667.0 0.23402092809944203 0.2393095016482852 20315.110669708934 0.09894884243590267 2905507.221340231 0.2019721623681702 0.19174756229150372 0.2017778662345382 0.19439477564268937 0.1766356641514947 0.17903308573871168
500 800302.0 0.23575590597360496 0.24176300105570742 20090.342741294666 0.09890405536698021 2928184.2331499136 0.19610026977662953 0.18861517866645797 0.2017742726618555 0.19430834204545436 0.17755002803209058 0.1796405900986937
510 815180.0 0.23745021529046803 0.24211079486372775 19712.72709219542 0.09887952908757139 2949322.318899239 0.19645525827785093 0.18840419448148352 0.20166571176468634 0.19419572514892885 0.17914509239074472 0.17979690376685376
520 826909.0 0.23881711459076058 0.24254079498554446 19482.627276444226 0.09885504725793533 2970238.1229172777 0.1960621783485465 0.18705755534764815 0.2015615830768512 0.19407772417108302 0.17951668971200097 0.18010759709755564
530 842977.0 0.24796829301376117 0.2448188226823708 17673.83018521754 0.0988747030122986 2986718.1823384482 0.1996425112914798 0.18238454132281073 0.2014751439140606 0.19386572871738345 0.18170895805512557 0.18054190529758352
540 851586.0 0.25820921726344837 0.24776595999366371 15701.68902296569 0.09896795956921473 2996565.9341790695 0.19974072381713487 0.18140965282971677 0.20143785149138863 0.19364407637896164 0.18613805387864282 0.1815909304442778
550 872082.0 0.25842779891422785 0.2480618761218757 15710.100840573987 0.09905885305197712 3006594.0743616847 0.1996711337782747 0.18140885198748688 0.2014064215440182 0.1934220364468524 0.18629458443562927 0.18146412510633012
560 886148.0 0.2584870067790684 0.24812566072940864 15715.33524335329 0.09914655728973026 3016847.1393846036 0.1996069120940941 0.18139521684845364 0.2013750325587915 0.1932078006234182 0.18639016228726665 0.18130714678181767
570 900666.0 0.26078031701458476 0.2520504761864915 15390.891533605185 0.09908476910042575 3036256.9775444446 0.19666860397084032 0.18238037112546862 0.2012960063950422 0.19301962710144016 0.1871238575225759 0.1831343746448783
580 922023.0 0.26081369796095033 0.25205466215944616 15405.477444751628 0.09902053832213933 3055853.756685973 0.19603068738956536 0.18225168000824113 0.201208675172476 0.19283495688185268 0.187137638064291 0.18298845570510916
590 931162.0 0.2670178154862428 0.2528603157283154 14371.503939960045 0.09893891288440741 3075734.6903171493 0.19566831377696442 0.1834247352506645 0.2011149135881365 0.19265850065310652 0.18977839693731396 0.18327395793939755
600 945234.0 0.27516164064421444 0.2622165540729409 13223.86038515847 0.09885219569211323 3095011.7099677143 0.19572161065874408 0.18267370724599374 0.2010441869064456 0.1925241195476914 0.19436890101412763 0.1882972150066552
610 958942.0 0.28912500339435465 0.269027780025413 11539.109965419599 0.09880229023632034 3110168.6782622016 0.19874804304721855 0.18626717195735307 0.2010066887477389 0.19241825040692878 0.1986935457444056 0.1913594997693064
620 978191.0 0.2926403263250179 0.26953300767756067 11161.81754081928 0.09880301426540342 3121277.9178791326 0.19837720677266643 0.18555827853568416 0.20096577610135669 0.19231712646687663 0.20043674920632523 0.19151820856988672
630 991905.0 0.2935995933752842 0.27492924159404375 11122.511091087366 0.09881297181187376 3131677.985927959 0.1966322744227351 0.1839683566235982 0.20091793216438444 0.19222664177518667 0.2009208990871844 0.19223411097173282
