1 1553.0 0.22874468205886483 0.20144958519297745 14963.425686955437 0.22874468205886483 14963.425686955437 0.5334061060800528 0.5822261772829351 0.533469860567349 0.5837467202626944 0.2287446820588646 0.20144958519297737
10 11240.0 0.2350717296620401 0.20320455431809634 13863.050377563397 0.23160933961793684 28798.93217847427 0.533269700329513 0.5819765871495857 0.5334045950535365 0.5823275383660794 0.23467465387876021 0.20312175220916034
20 28249.0 0.24097022505563154 0.208329554746504 13100.021068188666 0.23363412369773662 41850.11892233407 0.5402961281314212 0.574398997098293 0.5352905433347331 0.5811081709910396 0.23867575674336972 0.20679641537785032
30 53751.0 0.24294242267770527 0.21045474698630506 13014.749051053093 0.23052664859996813 55058.14711861307 0.5431862524314804 0.5771064880296878 0.5375031123477508 0.5796147872343035 0.24055198355366522 0.20903051236940484
40 76311.0 0.24785981387878986 0.21469229402025608 12262.615397108104 0.23022536325131907 67345.16635058731 0.5452951255999073 0.5775826937173559 0.5389915249862273 0.5790263069343728 0.24344547540889291 0.21183098714694157
50 85713.0 0.2481380846822169 0.22684643303678317 12256.754227291878 0.23044201046507104 79586.08076593894 0.5450389504473159 0.5787515649961428 0.5402167809763095 0.5788222618507843 0.24377897157543602 0.2186204312341399
60 109412.0 0.2636713990835204 0.22772258300457573 10428.858517186796 0.2314973919707219 89813.55506169189 0.5509675001146478 0.5804818829308724 0.541769934696519 0.5789872860790277 0.2510634317036752 0.2195020394289471
70 119657.0 0.26919096483334237 0.22946684907027648 9811.920000277247 0.23171839523206922 99567.53390431717 0.5452710309895544 0.5767874410282559 0.5424413414651491 0.5787959175210916 0.25359272851756337 0.22049792880235922
80 145770.0 0.2707739534332117 0.22972401467321482 9676.233684356821 0.2316966279519539 109249.92334286975 0.5482741749249684 0.5765228137516494 0.5428834479986107 0.5784544707368701 0.25537603592693314 0.22107237560229515
90 164445.0 0.29087131856972603 0.24164294503171438 7873.981358929634 0.23219531436962218 116890.68536228697 0.5338680386963648 0.5736187530887579 0.543002451518263 0.5781382563088606 0.2686422842904401 0.23070302574285073
100 180427.0 0.3014412231935115 0.26703194941578695 7151.365809842875 0.23319833800189418 123511.05044673342 0.5313055165452407 0.5699505020067253 0.5419151007089789 0.5776974125333085 0.27783067698714164 0.24998657333670693
110 187280.0 0.3045434341915516 0.26772190817985064 6960.231722508462 0.2338136080830818 130126.33318436216 0.5316440996875326 0.5699185015143254 0.5410106608990806 0.5769906920610798 0.2813145054413452 0.251088170009647
120 207766.0 0.3221627508026548 0.2748494799401162 5949.338151638342 0.2351515998557735 135183.45440560242 0.5362803854388364 0.5693100280344812 0.5403442378096601 0.5763939243363775 0.29467277203581965 0.2548581493004997
130 231165.0 0.322239133799911 0.2750647866009491 5978.316153266405 0.23629871477490658 140418.04563521253 0.5346517640755829 0.5690651522392165 0.5400206755613621 0.5758527040761745 0.29529437158392585 0.25557178933073066
140 245926.0 0.3230885174639603 0.27825101951179065 5972.95963516831 0.2366916791844972 146123.6314668555 0.5413003913030471 0.5691504484059607 0.5397567192896118 0.57540464686356 0.2953630815293036 0.25840035070756534
150 259423.0 0.3233010687876844 0.28270263558042813 6058.970166771652 0.2370113514281253 151971.1461038643 0.5377946460976711 0.566193374796758 0.5397187314055514 0.5749097522210541 0.2951576848853284 0.2606327023855051
160 290193.0 0.3345459781248761 0.28374803983358293 5715.6486456823295 0.23750345462134928 157338.0080874241 0.5400423223395507 0.5652911289862838 0.5396291437781174 0.5743261493693438 0.3029050662521051 0.2606099394647259
170 311149.0 0.3409512888268364 0.294502729325595 5459.330837530379 0.23911298325731853 161751.44408617652 0.5389653696373753 0.5637330949301377 0.5396383451995802 0.5737522578200949 0.3071620103355859 0.26714188206148093
180 342596.0 0.3420479155381597 0.3017066320372159 5499.3978286504935 0.24036710102922373 166443.46393590755 0.5388050553234865 0.5663079342055515 0.5396012847087219 0.5732358288951971 0.3077928298083047 0.2713437232339871
190 352471.0 0.34291537055167387 0.31362588715709455 5714.729214409413 0.2410527225093877 171727.78036443592 0.5397116125984082 0.578844485751355 0.5395899216217622 0.5732561745455376 0.30833034243937246 0.28053215751628513
200 361413.0 0.3444506697277422 0.31395071391695695 5657.017386140573 0.24166843512327818 176992.79894991976 0.5397404828227738 0.5788746955339675 0.5395965308250789 0.5735346803268252 0.30881071938263704 0.2804769661114214
210 373634.0 0.34817150105441974 0.320719693424629 5518.424710203703 0.24223152145703652 182135.4606296263 0.5408702532252688 0.582471354765608 0.5395989772339076 0.573780731789717 0.309625160219808 0.2856980598882257
220 386604.0 0.3660616273097468 0.33641040850925674 4760.871413743403 0.24329136591613612 186044.51609534587 0.5579922411393642 0.5871531545196906 0.5401064704728278 0.5742659449684671 0.320637569831216 0.29625360767990955
230 401609.0 0.36865644608205445 0.34296211097633766 4733.387216204888 0.2443417047831299 189949.9489751184 0.5595919700623354 0.5834014119129953 0.5408279397606428 0.5746879014249464 0.32225787319757765 0.29851387244744243
240 417057.0 0.37581424820908466 0.35726658189358496 4490.656109975506 0.24538663043902262 193561.11256855205 0.5565644827357709 0.5865003192585647 0.5415569957184799 0.575081131977613 0.32678338528833906 0.30857479763483303
250 425472.0 0.3919062999846632 0.3668795679574544 4024.0956675038656 0.246357000236594 196633.24770175017 0.549109197495662 0.5909216229932311 0.5420529511189474 0.5756264016499358 0.33321924144272114 0.311653859448697
260 442355.0 0.3953038976802878 0.36853913520845494 3993.760181542642 0.24670155877925734 200262.95147021627 0.5476952009569024 0.5911790365193196 0.5422824012450214 0.576226573848478 0.334905113368278 0.31181797269290573
270 460345.0 0.3985077593922761 0.3792250299532891 3994.21249563504 0.24676887904404965 204183.88547628658 0.5489981958153445 0.5870220090012179 0.542465545079122 0.5766853957068939 0.33705406830283136 0.3159524946064864
280 485870.0 0.44159544350659596 0.3941069293167919 2957.738064025879 0.24645691862178393 207603.8595725341 0.5659788436426318 0.5817611399418532 0.5429396299763279 0.5770126018059712 0.35869914249589185 0.3217190612967008
290 514629.0 0.4593552081117879 0.4100833652277639 2637.1540914772227 0.24642116104278572 210297.01432931077 0.5662729282338554 0.5851031915927141 0.5437332009369092 0.5772563786031863 0.3647533159008748 0.3272866233563165
300 529414.0 0.4598005053642995 0.41034113918756576 2679.8449509005077 0.24635069172776436 213086.51951889918 0.5662640241405819 0.5845302351051621 0.5444818988022113 0.5775058229083498 0.3651221021028897 0.32755631935997465
310 540630.0 0.46747222313532566 0.4209014512964335 2593.4845386904835 0.24655500853607665 215362.63709540843 0.5718744345239879 0.5852509557755963 0.545198700153748 0.5776918405655731 0.37238643311063835 0.33424405536010693
320 554515.0 0.49502069500812723 0.43326846328877516 2200.585014093387 0.24624942419932763 218101.64717683507 0.5712495844319742 0.5830236694570519 0.5460351887301663 0.5778995594951449 0.3884076325062694 0.3391317393111052
330 568270.0 0.497628698288741 0.447949110753026 2191.4950668288498 0.24581175372084735 221077.6610633759 0.5728179721704013 0.590676838374227 0.546853492061743 0.5781028753976653 0.38993850130665997 0.34345015434089743
340 590525.0 0.49779460767557665 0.4481645220849228 2203.823567661306 0.2453990929839945 224024.29487867418 0.5723464501917642 0.5969271614495697 0.5476032399598671 0.5785449832728354 0.39036959424927065 0.3438179677275933
350 606195.0 0.5069724929202915 0.4622896434973863 2137.5424990962892 0.2451932374289558 226534.93931080226 0.5763060695446726 0.6017901919014316 0.5484215811051375 0.5791720646521646 0.393583420521324 0.3487808453186853
360 621053.0 0.5105614633868323 0.46744887788614475 2104.3796900882444 0.244922450377199 229138.40374365728 0.5722176415055528 0.6044969221380905 0.5490550131155744 0.5797009378930683 0.39477184325292497 0.35125126947635255
370 642029.0 0.5159602349682693 0.4785263043319948 2071.2343543748125 0.24470268186621819 231618.2814122736 0.5715865165956695 0.6009736849500205 0.5496691156045588 0.5803122376870024 0.3952995996520027 0.353933467439179
380 653574.0 0.5164066513990505 0.48000025818321307 2066.4577445149516 0.2443229122444507 234404.27359770462 0.5672254085580046 0.6052841812179274 0.5501916847662479 0.5808618013344757 0.3952448186260285 0.3548332832711919
390 667038.0 0.5189615512314456 0.4848776694168028 2097.316463302909 0.24378395535703853 237536.98372641328 0.570462727062951 0.6084774817969816 0.550674776770247 0.5815411818506141 0.3973228675563417 0.3570090398133427
400 685309.0 0.520391370576588 0.5046606255938935 2097.1579027451917 0.24323884067654278 240693.446127393 0.5697152704260268 0.6069779003164515 0.5511535483486628 0.5822064974630516 0.39824570560636346 0.3622052419835752
410 698440.0 0.5299238359866328 0.509611440046346 2006.3144228242547 0.24307217103435222 243023.06642037365 0.5680757368115192 0.6121890071300576 0.5515750490569515 0.582875222645616 0.4032445389334368 0.36320263393247504
420 722256.0 0.5313503151594028 0.5181534987634274 2044.0144905629152 0.2424925723683436 246228.62122418534 0.5549964664712702 0.6107747397963897 0.551871472197524 0.5835662994858793 0.4037652707700644 0.3675697055522846
430 748120.0 0.5363226488209039 0.5279760194965657 1998.5469184097988 0.24198934004705963 249251.23686801433 0.5486252292841373 0.6065027626221151 0.5518107266679099 0.5841090442507382 0.4065303096931303 0.37222637589970725
440 771587.0 0.5370589310401386 0.5296326633501686 2004.1088092862576 0.24146297306694742 252338.50483092637 0.5485090970014631 0.6065229435768884 0.5517359241223422 0.5846197242069585 0.4064005488926908 0.37292475268450875
450 783487.0 0.5378083535714852 0.5343440791734535 1997.8233725289297 0.24113405631278684 255008.06706979882 0.5491601651420883 0.6069939174825199 0.5516712367082105 0.5851238092631472 0.406527530829568 0.37625858293011083
460 801880.0 0.5378462196126289 0.5345681142862507 2013.3665816760265 0.2407051474914305 257909.2148804557 0.5557328036628079 0.6103845052501371 0.5516425118723336 0.5856269100393222 0.40630783716052543 0.3764696439675527
470 809958.0 0.5503641465103202 0.5392659453894214 1890.2722216235998 0.2399268919807587 261532.96957924304 0.549716410555793 0.6026205196422172 0.5516659331004575 0.5860417910943418 0.4080175475026558 0.37963061436981016
480 824403.0 0.5515588630266675 0.5450603826468432 1886.1440721391562 0.23913434819644871 265216.7550901134 0.5507983083352523 0.6039204259797883 0.5516401046774113 0.5864123863662029 0.40767462997109527 0.3814679501031956
490 838939.0 0.5626114981047298 0.5590925197859115 1784.8910345803129 0.23832339764216287 268916.4684297547 0.5390778871642488 0.6059616032458921 0.5515890412218246 0.5869186287003396 0.4086949877731182 0.3831615870752194
500 860564.0 0.5632528083192351 0.5644740285882921 1780.5112630902786 0.237552253728793 272542.92552778934 0.5413155375624279 0.6163938601365679 0.5513526625258472 0.5873605938513657 0.40831345001104064 0.3855343238548871
510 878934.0 0.5638187141552866 0.5685117963201619 1775.5815436747594 0.23679524776984723 276158.83587593364 0.5414015758760503 0.617028535335492 0.5511565339077419 0.5879329497918976 0.40810590289978427 0.389259279705553
520 896972.0 0.567745715916021 0.5783973049426668 1741.1544331285097 0.23589983592770264 280156.9223205201 0.5440369105770151 0.6206316694048923 0.5509967969873055 0.588544033012078 0.40756566262609706 0.39195857115453786
530 913586.0 0.5699107801529432 0.5904638227767123 1739.0154253782525 0.23501120673386083 284176.5097963775 0.5414044806639647 0.611265701995962 0.5508273654508758 0.5890480301879023 0.4076369077378764 0.4029251378144601
540 934460.0 0.5773008758467627 0.5969715591985543 1676.882529346508 0.23424327312100124 287863.783354433 0.5371993336492854 0.6107120868892196 0.5506026361183265 0.5894513000300518 0.40995978800020216 0.4053569722260362
550 960546.0 0.5984737361281907 0.6149547615784549 1516.912360842378 0.23335978669304858 291835.6603475141 0.5357501310920815 0.6115561828428261 0.550293540661763 0.5898350176541668 0.41405625182034145 0.4158192685492109
560 972375.0 0.5999473259822298 0.6157016914204994 1513.0025863621345 0.23250757374668088 295754.43366434926 0.5263476735548713 0.6116874311355381 0.5500164023718203 0.5902226137677791 0.4138923460895492 0.4160659293046013
570 988450.0 0.6060008348577679 0.6346191744626165 1499.8336439883863 0.23181600304264863 299217.3166882309 0.5310399433673697 0.6168957357800879 0.5496155882119836 0.5906357922270753 0.4187242112294479 0.42517967630549347
580 1016051.0 0.6065698232697345 0.6350195484607761 1504.641422317056 0.23109215537177452 302809.5658498163 0.5305972151105268 0.6127480691587263 0.5493078509616218 0.5910759757541355 0.4185303549687222 0.4258051440012785
590 1034099.0 0.614346776913618 0.6442203457652458 1476.347614721339 0.2304936562600008 306027.50896178395 0.5308015501475379 0.6029095119417032 0.5489993048022224 0.5913241143809025 0.42033075704638523 0.43023301593675456
600 1062429.0 0.635796264797217 0.6465089303388324 1331.7062700074725 0.2300559594297401 308671.4947615985 0.5337255519007261 0.6002769029802343 0.5487209205874818 0.5915060611029442 0.4269927098425113 0.4322297861819533
610 1072657.0 0.6541705746413757 0.6716273221541988 1230.4992271022259 0.22974839700861518 310843.4782965921 0.5322306347253071 0.6127225550307469 0.5484751891861448 0.5917629922985258 0.43410992521535596 0.44596372391553074
620 1090147.0 0.663358760836487 0.6752304368903765 1188.0972215254596 0.22956111638309584 312608.2165859632 0.5257487321668561 0.6114859382935541 0.5481602586290004 0.5920960477308959 0.43624481303306756 0.4482228843115829
630 1109360.0 0.6642301861979258 0.6776301578537187 1184.6892478407142 0.22936886705913484 314387.8058077194 0.5219446085740771 0.6101554432300146 0.5477863038885855 0.592398095111918 0.43631549641006884 0.4495852074182943
640 1125892.0 0.6786716394957709 0.6799550513024083 1111.9721764326896 0.22941251316028968 315364.5208533568 0.5292426435561698 0.6034821052128241 0.5474279302012759 0.5926014271174769 0.44365498035955364 0.4514648622270478
650 1145045.0 0.6819168268380451 0.682115697405504 1109.73143251156 0.22946447960417346 316313.3869576496 0.526065667512656 0.6041744327235904 0.547127207016024 0.5927828985018481 0.4451251916993006 0.45226668403273484
660 1156079.0 0.6871011464212168 0.6871498599899896 1094.6326093233242 0.22934322258323547 317790.4912031478 0.5245781532348014 0.5936786173103227 0.5467487799294768 0.5929079296922447 0.44555920306129226 0.4537667882626674
670 1176957.0 0.7047184374087334 0.6891777277384002 1016.0159273583012 0.22952176223013399 318245.11632558744 0.5236665220197989 0.5938327357603446 0.5464147895725715 0.5929220677230526 0.45402354556203417 0.45428891396900717
680 1183607.0 0.7074166845724948 0.7009438320764005 1010.3330541470483 0.2297223940737317 318627.05138781393 0.5254633119762651 0.5993321256652869 0.5460851837941627 0.5929557289119691 0.45557385649646565 0.46365433657901806
690 1191850.0 0.7099827720543673 0.7038882812284332 1003.3780341240617 0.22991846402470217 319017.2090365195 0.5234132173457312 0.5953810920113066 0.5457429413692981 0.5930319411118052 0.4558515143457551 0.46402007615527563
700 1207127.0 0.7107184777218086 0.7042458495742311 1004.8753363728819 0.23005696407042958 319588.39707625867 0.5235425739038142 0.5988689912068899 0.5454309888024758 0.5930800408060791 0.4557737728328525 0.4639916309798287
710 1220744.0 0.7152829334715011 0.7137619392545228 996.002559723152 0.23005358735061185 320595.11586518266 0.5229378075981879 0.5971797500782483 0.5451134079534101 0.5931387790521345 0.4566755900343917 0.46600910758981406
720 1237468.0 0.7187805981758116 0.7386894692577072 988.2037657141877 0.22994546415215478 321930.63177767553 0.5043424607127942 0.5996402494367817 0.5446015986575872 0.5931805108214476 0.4577273884299774 0.48623612556703255
730 1256262.0 0.7193201577422867 0.7513251870547157 986.7288208761836 0.22983599729919824 323269.9225680167 0.5052118823744872 0.6050718516346283 0.5440574538474904 0.5933540619488572 0.45733447703806135 0.49554241593961734
740 1266269.0 0.7292176675136701 0.7552885726065788 961.430532197647 0.2297882642543298 324385.6030888995 0.5304696058547679 0.6044011414959466 0.5435978359629757 0.5934740685066361 0.4614141135048792 0.49826498090718657
750 1283361.0 0.7345245565256663 0.7558395812528125 947.4168385252847 0.2297002486376224 325619.9635189815 0.529524490578206 0.6013011952330753 0.5434214684969514 0.5936116117507209 0.46235874080075895 0.4987134084146368
760 1303402.0 0.7364941046371487 0.7645378240292071 945.5694696121913 0.22964864853564468 326733.53280016227 0.5287484566989962 0.6139579990657239 0.5432913364894407 0.593810737693768 0.46261312192450654 0.5020008977332444
770 1332340.0 0.7456170715603596 0.7807057898294013 920.8064394334539 0.22946174343054196 328275.89808809606 0.5314613083465602 0.6150906640371495 0.5431284298154466 0.5940788494632449 0.4649069796357558 0.5078418868018072
780 1356303.0 0.7528454879407753 0.7821878993639337 903.0628744860255 0.22953235528576396 328947.96143138804 0.5389564974620955 0.6145731739087752 0.543022811323936 0.5943389433913693 0.46973557125829385 0.5099399006916053
790 1366272.0 0.7550964711066047 0.7843162790429608 902.8666759765407 0.22955593743595176 329773.41585351154 0.5377020234140613 0.6163403494666944 0.5429598400927015 0.594613019257846 0.4710134229750444 0.5113427076166588
800 1385060.0 0.7601847542820537 0.7923735299279286 886.8942473488514 0.22949687213855205 330856.70888908 0.5385841531445199 0.6148427731059019 0.5429005064749285 0.5948927520802954 0.47358472347901903 0.5145642774608805
810 1400408.0 0.7704546386942698 0.8030085854191171 852.6019278742906 0.22951259634515106 331656.8052894085 0.5428001233017613 0.6152525300055522 0.5428645491248165 0.5951591778214302 0.4763253281521249 0.5193158072656517
820 1418295.0 0.7798161678010868 0.8063407700847068 829.1846463315153 0.22956355497741796 332315.2289305587 0.5541472791868068 0.618825408124431 0.5429901018637441 0.5954508196181769 0.4778283469018542 0.5208226624814669
830 1442853.0 0.7877561810962121 0.8187133298103352 807.7244548203141 0.22963512757116522 332882.1905966144 0.5587402238731736 0.6172589995630257 0.5431230144746767 0.5957222494650031 0.48231261471592074 0.5250375488517988
840 1463836.0 0.7921846127565542 0.8203178463281949 800.5259933684941 0.22968649149564382 333509.4247583942 0.5583835524138715 0.6130506352623728 0.5433065030273171 0.5959419561347996 0.48441493024629834 0.5253616946262989
850 1484164.0 0.7974775037508721 0.8236240149962449 786.5877583070455 0.22977713184683043 333990.32852825365 0.5610232482310502 0.6127546667281651 0.5435033632330992 0.596135580704135 0.4856165133103247 0.5257592399127926
860 1493816.0 0.79956480499281 0.832088467507733 797.5441495782372 0.22984668175608272 334554.1070029766 0.5579613889925382 0.6127659998934931 0.5436848657339061 0.5963332660757714 0.4860054884658573 0.5284703606682728
870 1507525.0 0.8077283690090161 0.8368345126162191 777.5920916211154 0.2298657161874374 335267.04282172595 0.5584732219745717 0.6102045353453073 0.5438583308578717 0.5965198287913094 0.48679460389565976 0.5293186022654804
880 1538987.0 0.817060977807011 0.8584813228904182 755.2482575704612 0.22986128671542927 336037.47880875156 0.5623178115983535 0.6262975983711228 0.5440492801940925 0.5967820029902475 0.49054659795037564 0.5326335476720151
890 1558629.0 0.8237483163379534 0.8623347427193816 743.9273964634992 0.22985490788999385 336803.3647762041 0.5581646141430209 0.6276128054119797 0.5442441907225273 0.5971323528476127 0.4919137969308548 0.5340414199779553
900 1586234.0 0.8263421723921784 0.8679485885285989 741.0418883854566 0.22989163767193177 337418.3927417214 0.5499978753404214 0.6271176565115749 0.544321551205866 0.5974661855426165 0.49281613058811885 0.5361497267419943
910 1599018.0 0.8291094662538427 0.8692702561094936 735.4501845149268 0.22989945011159268 338126.92677979235 0.5392698254470694 0.6305278751610052 0.544363179698593 0.5978016039709135 0.4934566987418861 0.537741851580211
920 1613396.0 0.8392010620161773 0.8824630688598473 716.00650465156 0.22982077400736145 339118.13603483123 0.5432889265810905 0.6320980394029987 0.5443169184253229 0.5981576922824584 0.4940615126921562 0.5380721304082938
930 1639586.0 0.8409987819380962 0.8860813422092346 711.9519575680227 0.22977490790114805 339990.44576917845 0.5434454271617057 0.6255242578201566 0.5443044853100981 0.5985075286009406 0.4944569078077514 0.5408598792776469
940 1655414.0 0.8507736508412843 0.8915525393414618 695.7069507671175 0.22986918754366034 340359.23386038595 0.5478700634810539 0.6311376276089855 0.5443164229564933 0.5988285387822947 0.5007913616540444 0.5422445246367568
950 1669434.0 0.8523837384426488 0.8939229316558933 696.4814789974515 0.22995655024075443 340753.200651041 0.5483773562084021 0.6325361672327774 0.5443563146933132 0.5991778852450803 0.5005301483077972 0.5429399916195631
960 1682676.0 0.8596089640403037 0.8998354153111505 681.2141465187249 0.22997111194619452 341383.4022196109 0.5489414563068646 0.6296416492638849 0.5444106101119868 0.5995147052236887 0.5029490240931064 0.5456626561407583
970 1697951.0 0.8602889559671999 0.9010451034907403 679.7590525263945 0.22998537647397255 342013.1763678246 0.5467055812930378 0.6303218135818114 0.5444549659804092 0.5998256591602683 0.5033451604964242 0.5464240946338652
980 1708573.0 0.8626620063934632 0.9087835708686647 677.5925920267796 0.22996001970637606 342780.044547924 0.5461289185349951 0.631121388002508 0.5444718696274042 0.6001420540780157 0.5030855389838628 0.5491659116706787
990 1726815.0 0.8787815566801842 0.9095301935565007 641.1496705903008 0.22978932094330642 344039.13396417355 0.5477914728660809 0.6343098994069937 0.5445107977668486 0.6004812027904568 0.5081139349135261 0.5495889404174771
1000 1744536.0 0.8790485759292193 0.9101547786877688 642.2575244777382 0.22962145422403343 345290.6621213034 0.5472436691318393 0.6342673710032397 0.5445408430227082 0.6008189411067479 0.5083813471610559 0.5500547126639457
1010 1767956.0 0.8907856072699772 0.9222591352936476 619.6085357061061 0.22944436302583224 346560.4666329421 0.5519316187561917 0.6205155846837836 0.5446221886143336 0.6010490081862613 0.5164978299721117 0.555603373028428
1020 1783165.0 0.8956409362220857 0.9276497153142986 610.4404081883524 0.22919642229471462 348093.23823041783 0.5505416182349638 0.6189271923404308 0.5446864082618094 0.6012328138396088 0.5173003842536515 0.5573391161452789
1030 1801225.0 0.9005846050701378 0.9405541574407298 600.7198435747559 0.22896491675864178 349560.5413483435 0.5486807778171503 0.6184116801507767 0.5447232908245071 0.6013993651166897 0.5215469674979014 0.5652700161238347
1040 1819338.0 0.915971310892456 0.9534842011835706 576.5197475575143 0.22874351126563 350975.12284758675 0.5570255713181975 0.6232916616383418 0.5448395980941699 0.6015916453713425 0.5258432748965834 0.5728944106621912
1050 1838785.0 0.9191923853888909 0.9616138303928914 571.115671283706 0.22851579116293066 352413.83075141814 0.5568241870341847 0.6235480486336439 0.5449540671525801 0.6018011555549043 0.5265084487683329 0.5741781200316993
1060 1853466.0 0.9223053108836118 0.9667720834439549 572.2783696616829 0.22818715145217539 354254.7983921755 0.5310636174351677 0.6196854170954456 0.5448584260933302 0.601971234443566 0.5269166880051473 0.5758625488821258
1070 1868352.0 0.9292743054057958 0.9685124703658853 559.7988629434121 0.2278804529083572 356008.16992176353 0.522633245447319 0.6155573910006802 0.5446645615144362 0.6021057617027968 0.5289702316991723 0.5765783185915033
1080 1887092.0 0.9460898781649292 0.9815995894754177 533.3537914851413 0.22744266694427448 358288.31846962834 0.5158143269135924 0.6070951743346062 0.5444135219307418 0.6021766206164778 0.5345468573973808 0.5818748581638628
1090 1902709.0 0.9494690286954388 0.9911147057768533 530.1787447369104 0.22704173047020607 360428.0477900669 0.519851323907597 0.6080256100732457 0.5441869718553605 0.6022304696464361 0.5359336423485362 0.591516868050639
1100 1912981.0 0.9505689803419501 0.9917802577460952 530.2669668373525 0.22665644728130435 362514.6972540101 0.5168079972112403 0.5937709206214029 0.5439546480539905 0.6022312128076416 0.5359000584869635 0.5915773853441529
1110 1935231.0 0.9560831303749828 0.997841612909408 522.6625906392345 0.22630008811745336 364487.0946530985 0.5176132320698734 0.5941834878406851 0.5437118949590977 0.602155930675127 0.5369504551561508 0.595448677861808
1120 1959282.0 0.9604424405881159 1.0113307296446177 517.5269279932925 0.22596884981993054 366360.4242059877 0.5412448781256283 0.5988664307164114 0.5435817939276458 0.6021046732297031 0.5382716683240426 0.5989984022162267
1130 1972252.0 0.9623821114846607 1.0144060586502281 516.0206172609572 0.22566275690520826 368135.0146029131 0.5268663643382746 0.5939117503614604 0.5434871652352313 0.6020563498476555 0.5382428781251845 0.5988078419432906
1140 1986712.0 0.9683437522011846 1.017586663331569 508.97771690933524 0.225351731495644 369933.6549953335 0.5161533505125869 0.6020201956332007 0.543254039829731 0.602021077265031 0.5402338027873962 0.5986349862041465
1150 1998309.0 0.9749085612870743 1.036267570696166 500.56443878794835 0.22502042159185237 371822.17364469793 0.5109709317456261 0.6092561065661469 0.543007658791474 0.6020701047830388 0.5429777617874346 0.6020472721626392
