1 52.0 0.18740135122757307 0.14429093965835782 25143.522106785505 0.18740135122757307 25143.522106785505 0.3013635494813812 0.23309587012480876 0.3013635494813812 0.23309587012480876 0.18740135122757265 0.1442909396583586
10 10810.0 0.18804206110514016 0.1454082447044623 24990.919524836652 0.18676025167812801 50137.685355672664 0.30110922715467736 0.23307859763954691 0.3011506560042047 0.2330697856807381 0.18795651029687052 0.145235820003924
20 27625.0 0.19021891003305227 0.14543176910381495 24162.88048756845 0.18613784794545354 74323.22552476767 0.3009758090406377 0.2316921552116626 0.30108444399823153 0.23254780763932492 0.18947738972119404 0.14523136324540498
30 37252.0 0.2016946634461847 0.1485548972316268 20822.70811951327 0.18844827953857507 94830.70401830558 0.30665835282737297 0.23357754956483223 0.3015817320673123 0.2324578145980927 0.1953250450676172 0.14664388847569543
40 55377.0 0.2017312809388406 0.148578009108923 21279.897995535386 0.189834538494448 115969.11200471589 0.3070336570791554 0.2348953827262453 0.30289573117015134 0.23306983034633055 0.19658851530258667 0.14655551891631471
50 75723.0 0.20179028856796935 0.14860552924427342 21710.523394622385 0.19075871113169662 137619.2775218517 0.3070804212150677 0.23495159121435338 0.3037089271394056 0.23343003284219446 0.1973649594728865 0.14650921272009537
60 99329.0 0.20214031481007036 0.14891177156763277 21610.52279909053 0.19144560156003582 159180.32953051836 0.3071328678231624 0.23498390268130506 0.3042659919458561 0.23368241447585028 0.1981119678406362 0.14670982790519374
70 116780.0 0.2021796969047773 0.14905303210431342 22014.23541753982 0.19141111263209176 181197.32954215968 0.30593130845551914 0.2291874956109227 0.30458313956014776 0.23321972894805368 0.19847407031882694 0.14654930583463832
80 132957.0 0.20498859091448832 0.16138327617753323 21218.383801458116 0.19118035021159954 202462.65700882184 0.30618552668599447 0.2296461599716904 0.3047558571578596 0.23273324740916757 0.20031106155934567 0.15439418366150612
90 149002.0 0.20511258667055174 0.1616372161047139 21325.62444049967 0.19099574027520577 223823.21876830372 0.306277006046797 0.22971445547041863 0.3049211991084925 0.2324007058588241 0.20043668411692428 0.1546703653225843
100 162845.0 0.22225575786158566 0.16256637239914867 16717.558827209432 0.19190469566882376 239872.21842162707 0.31124092982584906 0.2318816882182589 0.3053010970833444 0.2322419188882979 0.21100542974114725 0.15518044623722962
110 179656.0 0.22281277093646662 0.16538011960019877 16875.885309347956 0.19259866889346608 256257.59975149826 0.3120021845648602 0.23415438706939512 0.30588483686533713 0.23237316196000915 0.21213478268593067 0.15766371165248821
120 198475.0 0.22448563336049102 0.16560553483930682 16746.4151129441 0.19247515201512908 273111.85084881965 0.3081644059533401 0.23694623604586887 0.3062711016103415 0.2325881555290053 0.21390757292480794 0.15771586095823448
130 214667.0 0.22480969178941973 0.16998605957425994 16925.263689918724 0.1914479430225927 291131.1328510477 0.3075947792736394 0.2363302828029749 0.3063765973932102 0.23288016568686024 0.2139582968583663 0.16013114312299573
140 231461.0 0.2248751878637831 0.16999546197731163 17009.429630881627 0.19028063154673294 309481.7004514733 0.3056101099563209 0.23453854455146342 0.30636465488346215 0.23303598548154572 0.21380489051321758 0.1599354252814181
150 255710.0 0.22543557308197226 0.1700819459842131 16923.919142441766 0.18912028290152044 327845.7511187026 0.3017044908450454 0.23134398184609054 0.30626147889726757 0.23306425311787887 0.2138854390694213 0.1597710799735748
160 274093.0 0.2289641818378287 0.1759259165068079 16231.618164010273 0.18812307952965732 345496.1936902106 0.3018713588205751 0.23332300977908904 0.3059689088376303 0.23308976490403172 0.21482185604169407 0.16466999746285657
170 285000.0 0.24385129741905295 0.1781500430400792 13599.463667064761 0.1874653915635325 360428.22028884233 0.30082434263265834 0.23331147745452113 0.30572698542260623 0.2331397227718743 0.22704429678821975 0.16618781001670607
180 305358.0 0.24651537674810287 0.18269926843534898 13290.815743318075 0.1867301429597359 375331.3504666689 0.30272631684207196 0.23481704085658067 0.3054872540705079 0.23317645148330696 0.22789474938219786 0.16753982742454937
190 321537.0 0.25613270101245766 0.18807146518490575 11889.800838959884 0.18616545768847442 388680.76016388263 0.3021836342801221 0.23423420729327835 0.30533348718328723 0.2332476174330424 0.23205411769960915 0.17011926532127739
200 345793.0 0.2563555065118283 0.1881058072075163 12006.222662308744 0.18561827657763125 402107.14069242595 0.30173026766005434 0.23376886480129266 0.3051669765296819 0.2332822840526155 0.2318691039657195 0.16993598780218022
210 358111.0 0.260742582984164 0.19556326705106655 11688.181371823326 0.18501101402399386 415481.16450116603 0.3022703856436857 0.23902822954279834 0.3049743818341474 0.23350811967874363 0.23354864230270792 0.1748970376682886
220 375015.0 0.26137637972550815 0.19634490677848052 12044.133866118867 0.18440127927178293 429184.64918505395 0.30161709399005526 0.23957621741161642 0.30481961212872977 0.2337459070442815 0.2333558983735388 0.1750621133400952
230 397585.0 0.2617312498067467 0.19641150284650682 12371.619004033182 0.1838158321341706 443112.3337421063 0.29975477722787813 0.2394019171892377 0.30460035520661505 0.23399075596830574 0.23309798731048662 0.17496878793841672
240 409183.0 0.2623484055644166 0.19649977167120303 12362.012289242779 0.1831730710887217 457248.9953073345 0.29968709373958474 0.23931878920215904 0.30439648543619857 0.23421183618547806 0.23299355559030083 0.17491730379165718
250 428105.0 0.2634686978755847 0.19660575235938602 12332.21798867266 0.18263510911902964 471072.6074148989 0.30037867739319263 0.238598831222251 0.3042307163169255 0.2343990531583335 0.23262522889968512 0.17484080043556668
260 446558.0 0.27255847490644325 0.19670864905203153 11811.32755022231 0.18200874195722344 484825.0129940245 0.30541475817742536 0.23768058471408934 0.3041200624966598 0.23453682436153567 0.2331742629447289 0.17466064264432787
270 465084.0 0.2727628118809026 0.20379612469878808 11788.68900585021 0.18143989749842118 498400.51413052407 0.30475136121682855 0.2377572045105507 0.30415919791052387 0.234660746206593 0.23292988778267468 0.17714663314899368
280 485867.0 0.2776813598657252 0.2105636675420136 11247.916535035154 0.18067923761508678 512380.80910275807 0.29896557876065477 0.23943670717245527 0.30395705436746284 0.2347909680115321 0.23477500734065906 0.1793968699051498
290 502668.0 0.2800052286395047 0.21235970823671754 10982.068746246045 0.17999046843199903 525945.1329407924 0.2979486630164041 0.2398882355657984 0.30377187239905995 0.23495692426364553 0.23542671380242464 0.1801447273966346
300 513598.0 0.28582320685109963 0.21541007674715387 10336.71815003844 0.1795782935842889 537887.3783483378 0.2994985030483496 0.2396149451188479 0.30361960518984843 0.2351134927355958 0.23807145107250904 0.18109652436624146
310 541645.0 0.2977254902717847 0.22026907018440775 9225.132058096078 0.17929563298819187 548349.3560812864 0.29730234524925736 0.23951177180441982 0.30348169244077466 0.23525869753855666 0.2476162184849954 0.1845092970992907
320 557345.0 0.3077370051094939 0.23852822764125314 8416.4243533795 0.1786559868157142 560037.2208612525 0.29278012857400054 0.24173917079964435 0.3031898028244434 0.2354456259455708 0.25333360836231517 0.19635160700859783
330 580639.0 0.3089362209416244 0.24012658869267064 8365.164234263966 0.17786379947692008 572658.4030095383 0.29187295481982206 0.24164496073686284 0.30285610946471164 0.2356336733205383 0.2535961122937298 0.1979052570737605
340 597150.0 0.3313035735473149 0.24117744881307387 6832.734309362911 0.1776996728797053 580438.9074926103 0.297898539972133 0.22971557754764962 0.30253567974404233 0.23571440320241344 0.26159827447522427 0.1980284315644253
350 613307.0 0.33563167371365776 0.24170151896840708 6590.96466812041 0.1775354571798437 588005.1970724424 0.2980764957620882 0.22976793294155087 0.30240863746535424 0.2355449880952665 0.2632246364026918 0.1982746615234942
360 631893.0 0.33822547238841905 0.24537675814149562 6453.801793473569 0.1773552540766495 595551.2130225421 0.30219335074522197 0.22851803447604124 0.3023343505621446 0.23538713194153538 0.2638278800441265 0.1995710786965031
370 657314.0 0.34048470648385026 0.24577193041872522 6412.001006756873 0.17717089815251427 603091.6681241775 0.3011283258126938 0.2251668344029837 0.30232523879721923 0.23519288192815677 0.264105575245825 0.1995130959881341
380 682785.0 0.3448996666047384 0.24632697174238807 6244.647953442964 0.17738433428053296 608078.6844779376 0.30216925434591824 0.22679240712978152 0.30230617689953604 0.23495175244557354 0.2665555273599904 0.19917005699641546
390 697595.0 0.3523608397142005 0.24811045892295394 5961.071894957224 0.17743357677007707 613734.5080524437 0.29960343154916264 0.2258776928573454 0.3023106038902411 0.23472405939847601 0.2703064826355543 0.1987472994461984
400 711991.0 0.3530998333965708 0.2481872483390624 5935.910738431992 0.17755520486899623 618923.9983120866 0.3006373333214469 0.2259402928165201 0.3022660739539354 0.23450481448289387 0.270470143719647 0.19858798725764043
410 728597.0 0.35349168421486366 0.24879153543961846 5941.192878403344 0.17747134121076483 625394.9355978156 0.2912105629685458 0.22245256978134983 0.302049061041579 0.2342381834822349 0.27062666510973793 0.19879845737526822
420 743084.0 0.35371981038948436 0.24930962043846044 5941.869881646495 0.1773913781878 631842.7925683826 0.29144926220556183 0.22393502487243855 0.3017914829644513 0.23395975318719459 0.27045217008230626 0.19875975009553565
430 750205.0 0.3693948616342071 0.2606091179129951 5239.932214449488 0.17742378898038144 636864.7143182553 0.293072682358426 0.22594533799318545 0.3015614218128253 0.2337389896257965 0.2800725249797483 0.20576503659426135
440 778356.0 0.3745551445260872 0.26278788283297405 5032.719004245912 0.17748320383419136 641490.6535218534 0.295763875348366 0.22857792015576917 0.301405557656981 0.2335980691614645 0.28256213200221103 0.20647281997571046
450 792989.0 0.3833213956521211 0.2697663824391932 4741.449673459807 0.1775337661966576 645874.9219994659 0.30275907423118376 0.23063885234499623 0.30143271641336783 0.23353565356957184 0.2853580445012489 0.20957601181624053
460 807159.0 0.3863355489273219 0.271401844685527 4640.827046977878 0.1773769074674499 651666.4330579404 0.30329186630117394 0.23050133722822097 0.30146812660777034 0.23347243452371164 0.2865814576852379 0.21059174843899228
470 817797.0 0.3871463444420003 0.2728681367775637 4616.14502106231 0.1771315666672659 658116.4063036001 0.301479733309346 0.2291267844552627 0.30147546655062774 0.2333861179113422 0.2871153034490465 0.2115046817776572
480 834782.0 0.38747631662790283 0.2805225915491794 4625.9887634606475 0.17689753883066278 664499.0904263763 0.30101625234961527 0.23012888784801355 0.3014691669334625 0.23331160811783674 0.287099801825242 0.21475271341554888
490 850390.0 0.38827801885959046 0.2808016882368454 4606.064531361079 0.17667307253673095 670802.2204482359 0.2981158818417459 0.22389835240869352 0.3014126853240962 0.2331452709403867 0.28720022646903026 0.21461764347908957
500 866712.0 0.3910789803072811 0.28644657830330067 4578.6290600488255 0.17645740712115388 677024.0044831638 0.29894199779392955 0.22547002456787113 0.301355650813714 0.23297875001254303 0.28838795530014927 0.21581460194182253
510 878458.0 0.4002050694894811 0.3095232108594299 4283.253325367124 0.17630566845081216 682495.7019102979 0.30355047170212496 0.22803928728522313 0.30136688587733446 0.23286849520402111 0.2920711663163317 0.22554250726956607
520 898932.0 0.4005895519193931 0.30959957883316663 4292.8810366641865 0.17601687766451943 689102.4363932663 0.30147758211892894 0.22647102309779668 0.3013968612890395 0.23276677376112243 0.2921967592942872 0.22547877948192271
530 906910.0 0.4075358082303093 0.31318175885954175 4086.938976246125 0.17568241958944866 695963.7858161721 0.30456061919330085 0.22804332711012804 0.301437218027961 0.2326657640477981 0.29408685135833573 0.22665441997087032
540 915419.0 0.4149127076170631 0.31606562222828477 3897.803716209558 0.17533489087232088 702829.7816208589 0.3035713541052932 0.2289853666592256 0.30148742765561515 0.23258971079279225 0.2977411329441014 0.22829165462339082
550 932641.0 0.4190757425134967 0.31667740881222045 3836.7104027262944 0.175041168782962 709195.8915545671 0.3034568224643735 0.2243311688997648 0.30152441701665517 0.2324905089191562 0.2991661734636391 0.22834938743827332
560 953121.0 0.41962513085916847 0.3192455068110533 3830.677022549124 0.17474767586002926 715575.7325997192 0.30206520679129273 0.22438172246857951 0.30154506397195674 0.23234928482201944 0.2995105275527724 0.23017076948950088
570 971306.0 0.42097984923404086 0.3229750269296621 3818.3460118638427 0.1744836491158361 721699.1254790669 0.30030701511697755 0.2232669274202352 0.3015376753925497 0.23220045340561066 0.2997710019017984 0.23203948579476608
580 993020.0 0.4213955555774179 0.32356879057055116 3814.6443711467164 0.1742317613701782 727725.8001277543 0.3002158877028498 0.22279727446263717 0.3015159057572746 0.23204487792596232 0.2999108715162952 0.23194820383626508
