1 3672.0 0.0751731050115899 0.07630253189903316 507150.97943529027 0.0751731050115899 507150.97943529027 0.174066626986231 0.16726475362780907 0.1740666269862307 0.16726475362780902 0.07517310501158961 0.0763025318990332
10 12482.0 0.07517599283284081 0.07642524854540846 511494.4324693707 0.0751731050115899 1018645.4119046609 0.17405740424996874 0.16733518918029727 0.17405936020720014 0.16728392477067916 0.07517453483780366 0.0763585672009937
20 27448.0 0.07628357801675907 0.07761291202997939 499427.2185407321 0.07439321497180058 1519669.3857548875 0.17437347961340152 0.16692386067274145 0.17417132588722634 0.16734105837171676 0.0760351174002753 0.07722555757907913
30 39999.0 0.07965512902163178 0.08021702296567028 450041.60689482524 0.07480257020667101 1967438.404280383 0.17487500803968367 0.1670403714369611 0.1743428793014449 0.16720941044414134 0.07885168874929828 0.07932863777753935
40 54660.0 0.07994203142671671 0.08083649831859872 448118.705261991 0.0751015440182363 2413909.9789496833 0.17467455859810768 0.16705143523443897 0.17444743425627277 0.1671689984772381 0.07925979732379652 0.07974048907801404
50 60257.0 0.09387448832966927 0.08217723865305397 279296.6892201292 0.07761499156327274 2625060.3182745217 0.1785700025446241 0.1667485408417906 0.17405623329077421 0.16709100519063128 0.08601494142041022 0.0810401926056991
60 73284.0 0.09543104283823674 0.08405056151284215 266837.495061935 0.07922175555258258 2845216.174290736 0.178461034968685 0.1675621810485841 0.17482603305958258 0.1671683893682337 0.08841524328947839 0.08229578234228013
70 87508.0 0.09543990002285263 0.08405160287232999 271166.10750324925 0.08022154179680707 3088730.6598628364 0.17840894518227457 0.16729331746337123 0.17533508279323573 0.16721168607170084 0.0893167281285052 0.08235532440557869
80 100919.0 0.09565843130903978 0.08457150759316717 269867.69976764783 0.08100889072982105 3337433.108353854 0.1783410822725945 0.16695806138012678 0.17571459975670584 0.1672237347900189 0.09005556014179318 0.08277204506820948
90 112993.0 0.09568787354850915 0.08543728132490584 270881.58056492824 0.08161577983456551 3592563.1269467934 0.17835459080507882 0.16718516036861852 0.17600437554257592 0.16721458366635705 0.09054298429050428 0.08305852942637365
100 127511.0 0.09646129950454883 0.08689890717766185 266473.72652911016 0.08181626606741114 3852791.5917730085 0.1784697669835845 0.16676518255055117 0.17623918820270684 0.1671959433625054 0.0911898710169296 0.08384247604586074
110 143635.0 0.0965042384565682 0.0931509400753243 269722.9862549463 0.08187443424247737 4120691.094229379 0.1769508610521947 0.16672545352456208 0.17639974519601986 0.16717098231460684 0.09147293294512232 0.08702023632295987
120 159857.0 0.10016324908954002 0.09428444042992969 247898.94820944383 0.0818122185261889 4371258.183689125 0.1730750191938693 0.16506544171587031 0.176377107879071 0.16708687574377717 0.09506699680001036 0.08817360416008381
130 168634.0 0.10027058041465679 0.09428999191941784 252554.04860785132 0.08169347158903677 4628822.385976594 0.17171714852965753 0.1642561319575804 0.176043937651589 0.16688115201722276 0.09496854136934764 0.08810650012157836
140 191232.0 0.10033714790606453 0.09451247847438188 253656.9978766433 0.08159415138513991 4886628.814279974 0.17165527246226497 0.16409425657100762 0.17573575666278413 0.16669153622462596 0.0948788628002186 0.0882172213001927
150 205027.0 0.10045176093068031 0.09461703487790393 259507.80982333003 0.08105963712754244 5173578.577494852 0.16977631916705538 0.16396223486966588 0.17538023196517052 0.16651924017412364 0.0947309915770008 0.08819843974980326
160 213071.0 0.10045226224346472 0.09465965036612863 261206.10229432344 0.08058800690025054 5459227.20221353 0.16706804723487803 0.16400477533900204 0.17494804713252446 0.1663617405945876 0.09453120477602836 0.08817108927901916
170 228801.0 0.10067621174576423 0.10319781261696512 261801.4671241686 0.08018034854221212 5742357.324994269 0.16755057296189033 0.1603913125113377 0.17450133379725333 0.16617822396838744 0.09448389744146336 0.09528907758230332
180 242583.0 0.10393406748301981 0.10516150818616513 240033.4919352631 0.07998696839073671 5994066.695772983 0.17389724281859667 0.16195158546992214 0.17436709147149285 0.16592374758786138 0.09646293369868199 0.09653312603259336
190 254248.0 0.11381185863175951 0.10696482177155012 185387.9919968871 0.08020515781055061 6161014.502424803 0.173032694588413 0.16087232833920953 0.17431123323837827 0.16570451870365177 0.10250230286827929 0.09749504317458386
200 263765.0 0.12302917198141333 0.1075188710990469 147507.46468090118 0.08077617350116698 6250822.429888191 0.17401532843899603 0.16093205335077315 0.17426238387307721 0.16546496077065148 0.10984567992087346 0.09812428408900985
210 281475.0 0.12553660536961225 0.10785531016882034 139515.0908581496 0.08105583179666002 6358583.687342311 0.17110338550825382 0.1603525855978775 0.17415207180365377 0.16523260818815708 0.11110208624911928 0.09830514900739575
220 301808.0 0.12978041886064853 0.11005653272548313 126490.45056338445 0.08145695944800097 6437529.095937075 0.1664025174030807 0.15338647255274876 0.17393687078231712 0.16488456101613655 0.11488706111329662 0.09975711622860368
230 315690.0 0.1314803377429674 0.11269054573044583 124356.32805238923 0.08183644975622074 6517126.856684602 0.166934262352875 0.15429971173027224 0.17361423994229047 0.1643908656143186 0.11558339810611133 0.10135386073501906
240 336148.0 0.13284155115360616 0.12331225867266223 122683.78378047688 0.0822199835642956 6595221.6553211985 0.166784553968763 0.15797977556893972 0.17332278741886722 0.16406708133641185 0.11627663392231616 0.10785137702356111
250 351548.0 0.13340270188456074 0.13011788432006355 123772.11404934218 0.08259599934996215 6676772.101498821 0.166819652014141 0.15440353478152774 0.17305988158409635 0.1637083835576532 0.11663944546761267 0.11321517978399673
260 363469.0 0.135860081709198 0.13278250792620164 117971.35618107747 0.08295121328063747 6753479.757399296 0.16725119161585847 0.15430559142060984 0.1728296563161934 0.16335056096634154 0.11796809051190559 0.11437427254455414
270 373504.0 0.13676273914822534 0.13336329213411513 117235.49039840311 0.08324292981232798 6836654.559315305 0.16401146627634947 0.15307315515258166 0.17253251778581202 0.1630032679705335 0.11841497560679154 0.11463975796870919
280 390342.0 0.1416634936891177 0.13603344186200628 106289.10972733 0.08351282592195775 6908589.278804536 0.16368835748057337 0.15228936545772762 0.1722262527982714 0.162623653319032 0.12109617401589008 0.11556851654251492
290 406148.0 0.14549296690504923 0.14074198763619877 100668.77222008689 0.08376611621920804 6975822.766534972 0.16442841190474097 0.15082725545598286 0.17196853965776096 0.1622494613370889 0.12263341912470424 0.11773990026066714
300 427011.0 0.14686184120313417 0.1476348856332408 99345.52522240253 0.0839770278990312 7047080.554408839 0.1642837632108939 0.15071443152409408 0.17175200048881245 0.1618860120811101 0.12323185270296216 0.12210580070284346
310 438295.0 0.15871906741388245 0.15744973519844205 80983.89410088593 0.08422804659372701 7090033.952063488 0.16534638129375717 0.15160457128051388 0.17153356558484206 0.16154137514160524 0.12895296160517494 0.12917841277699035
320 449446.0 0.15877218241829538 0.15764138000127828 81803.72254527002 0.08446089472840002 7137165.193324454 0.16843508891492445 0.15137553935224543 0.17138061223731937 0.1612272709295998 0.12892458920593514 0.12902292068590315
330 459218.0 0.15901141930315477 0.15827410314027257 81691.5501216314 0.0846380416543316 7192407.51198611 0.16800445125567304 0.1501798989636398 0.1712838014528875 0.16090471158512468 0.12891894304076312 0.12970314428625468
340 484219.0 0.1687297028279937 0.16699410054312389 69260.4883264923 0.08469671857329295 7251799.122945224 0.16682148809334374 0.14759197827057974 0.1711672059224073 0.16053921830125378 0.1340077548230373 0.13381045472263087
350 503655.0 0.16873007193858938 0.16721959931861663 69391.01707444851 0.08472471800177951 7316467.216711572 0.16633762545846692 0.14868946043649067 0.17104323976627647 0.1601993346271052 0.1338825976752406 0.13362022153804815
360 518562.0 0.1698557256751767 0.1677631134898797 68058.40868878992 0.08482003550406562 7368579.445021822 0.16727299782062185 0.14640084348366808 0.17092928470985647 0.1598771299370091 0.13434026128832152 0.13365088724288343
370 535562.0 0.17138428982413273 0.17399920107343964 66763.71821754877 0.08496047376137228 7412011.456701844 0.16946665172891268 0.14876359745802362 0.17086575138453874 0.15955198497787407 0.1354174613788045 0.13536014036081379
380 550114.0 0.17285394080363958 0.1760577970402785 65244.92797147979 0.08513990438914484 7447623.826768226 0.16857882587697806 0.14850124886939825 0.17080368658875433 0.1592612952421113 0.1362579904688847 0.13625427595720763
390 573919.0 0.17708550317876756 0.1819764160406489 60876.38606900235 0.08538429017251008 7467701.639223514 0.17085521650710764 0.1498498748785454 0.17080237153781544 0.15902055895171252 0.13883389139436933 0.13920100179923417
400 599231.0 0.1781212154432934 0.18346199663321577 60172.51326582265 0.08561604123440639 7489345.255668982 0.1710810181440544 0.1499881321914243 0.1708093843962863 0.15879502763951936 0.13942853127592733 0.1399701313515312
410 614386.0 0.1804041566096588 0.18515073169996307 58049.0722633157 0.08586951625200838 7505225.604798402 0.17139921640575595 0.1500386598789761 0.17081948466108746 0.1585812021400898 0.14147680134814059 0.14057120227327072
420 630331.0 0.1827076243880949 0.18967907576545373 56323.738264433036 0.08614608287054706 7515735.09766039 0.17184754166755808 0.14955638482639688 0.17083972162870673 0.15837317218847427 0.14239908344063779 0.1417818655435832
430 653151.0 0.19119371653487757 0.1899121216071267 49314.53776083057 0.08655222147952528 7496365.819884385 0.17447560940131315 0.1488124153988589 0.1708701252166091 0.15815853864274498 0.14692021563097593 0.14165532809646317
440 677647.0 0.1918185683256985 0.19036193520812655 48906.51952725093 0.08694030948366002 7480504.317657771 0.17534875390031116 0.148831272738435 0.17096164361896454 0.15794682677565636 0.14751084758945462 0.1417588424851663
450 696497.0 0.19444742221418135 0.19570976673481227 47027.98866172536 0.08722193188993183 7479190.606826862 0.17563738057154832 0.1518292848330905 0.17106953368335107 0.15777365339639757 0.14887641070623575 0.1437996034407449
460 703288.0 0.19702425501897636 0.19871845806773994 45617.90222242809 0.08753228284392121 7471977.581171176 0.17572917149968548 0.15183146466612202 0.17116895873618476 0.157643717712111 0.15026820084267992 0.14522939528050574
470 718994.0 0.2040233730288753 0.20124807894667004 41585.4027705115 0.0877813034867102 7469353.386237 0.1780967733354159 0.15206283263516446 0.17130534532802932 0.15751861471577958 0.15311855694876803 0.14627551739747693
480 740692.0 0.21355312725682465 0.20375222566418544 36727.69817230199 0.08802238518948748 7461606.725804816 0.18358984359494263 0.15220225493499936 0.1715257588382542 0.1574141451426404 0.1534183470651827 0.146338258789252
490 750480.0 0.22441657387670225 0.21026427835307754 31933.710787523687 0.08789474571257554 7519575.144930404 0.17985997413192503 0.14947582444493113 0.1717255182521888 0.15725541711785823 0.15812419956494486 0.1493853623498881
500 759684.0 0.22460397737178145 0.21031131361786976 31955.36729625191 0.0877694881733989 7577232.536046602 0.1797464307821138 0.149317205275561 0.17188556323006687 0.15709728064640707 0.15826606020374626 0.14923987438993805
510 779545.0 0.22608481984238937 0.21109885262243175 31465.54249702164 0.0876494125400237 7633568.851040384 0.18013880629849993 0.14912838555816188 0.1720433746851291 0.1569451534419926 0.15940261130915728 0.14942957917941949
520 790030.0 0.2284024444892863 0.2114310179163445 30547.953417121018 0.08758444731682039 7677626.02746326 0.18034962087984915 0.14910763410400735 0.17219822371175345 0.1567944439119273 0.16162368247333064 0.14938027369179444
530 820861.0 0.22842506842624438 0.21147960000035013 30799.655923310944 0.08748656401311077 7728926.047967156 0.1802043710463144 0.14909299737492757 0.17234932665090041 0.15664941646658517 0.16174676034035845 0.14924244883351184
540 836400.0 0.22854671703357726 0.21156018739069388 30858.154392087472 0.08738953196121942 7780196.134847815 0.18017725804886253 0.14886667718339675 0.1724940705085289 0.15650597640625172 0.1619398010100825 0.14915032059323285
550 854265.0 0.22864444866959183 0.21166831865241137 30896.592941781535 0.0872959529561281 7830858.092614191 0.18045630174710806 0.150039743493371 0.17263397147786572 0.15636974362475733 0.16208026575548523 0.14905943811682068
560 867157.0 0.2306240946428842 0.2123672955055836 30221.754887072944 0.08721396890627894 7878541.378866841 0.1804353928626715 0.14961991677748138 0.17277327410541757 0.1562550953955459 0.1636262794797074 0.1493831674212284
570 895484.0 0.2341668744036687 0.21288172396163305 29124.36673983245 0.08716015165005024 7919223.650199015 0.1794632739049315 0.14920256235838758 0.17289222854117547 0.15613217075796906 0.16474063379296322 0.1492904027035373
580 902357.0 0.23971365366452943 0.2152807296157021 27189.6341913418 0.0871312202605352 7952722.053472061 0.18071493377791012 0.1490148580834547 0.17302728316642682 0.15601632973007967 0.16627424662958268 0.15083128762138098
590 913925.0 0.24134966589388474 0.22063525449075563 26746.49612695167 0.08710325325067064 7985599.478471115 0.18148751071025734 0.15036911214643062 0.17315997788760662 0.15590244903440098 0.16675420418280634 0.15223153641541404
600 928248.0 0.2423955657290117 0.2209721901763423 26584.408168029433 0.0870757884417043 8018221.699024294 0.17661271793711536 0.14630110094505835 0.17324336712831107 0.15575423312323175 0.16672944904056647 0.15220822075509535
610 943338.0 0.24498213486962236 0.22128079285426552 25839.440378329797 0.0870492095943175 8049951.963047182 0.17623954761396832 0.1462941497572376 0.17329369387219423 0.15559944129176032 0.16734041244378287 0.15207077545847078
620 968113.0 0.2480422758509043 0.22145687954980134 25090.27541814116 0.08703822888383729 8077489.057903741 0.17777817856731024 0.14612250861830248 0.173354402927217 0.1554481065503955 0.1690511808774638 0.15197694132545742
630 976102.0 0.2495035876704589 0.2248824992090208 24936.082664792877 0.08701552453134084 8107506.221313346 0.17567278894926236 0.14767206750311737 0.1734143685549089 0.15530750783399783 0.1692534856350189 0.15367953917004956
640 988272.0 0.26013051255082187 0.2287003444333493 22041.74157169521 0.08699817680319101 8133539.218962013 0.17755517543769092 0.14850842520748553 0.17346232025152378 0.15519291208437222 0.17329602009156045 0.15514165936804958
