1 725.0 0.24182818846595824 0.15368625311720208 11170.50500395675 0.24182818846595824 11170.50500395675 0.6966027741618145 0.5477503412797676 0.6961220600329074 0.5455959416705155 0.24182818846595716 0.15368625311720174
10 15841.0 0.26099822235780706 0.15857239617154173 9572.262357981012 0.24611607658566043 20679.256302030593 0.7093865526544108 0.5516983684695348 0.7045837374675723 0.5505309262927495 0.25751039059643427 0.15614081869560875
20 31503.0 0.2858770448603454 0.16247265536454342 7322.97401541999 0.2500142144288669 27760.27543113183 0.709203590241938 0.5434227320398575 0.706329079996903 0.5497768201555445 0.27354127849202237 0.15809982239847792
30 45531.0 0.2894874616650792 0.17916778635252265 7078.634297472716 0.2527207995257926 34663.4600414565 0.7069615877967085 0.5452415810121988 0.7071554491972486 0.5479002207477296 0.2778722634925202 0.16871103522997558
40 59840.0 0.29656259698664583 0.20043412153875895 6676.2321695331775 0.25224078642749437 41385.6212289369 0.6946965726554234 0.5542769981563306 0.7048125269934519 0.5478292183314267 0.2830659911836829 0.1803547182663554
50 93437.0 0.29893125763545164 0.2134092840457923 6898.688659780199 0.25138925935234807 48359.42308561342 0.690463109690297 0.5474447451688088 0.7025678958493491 0.5488491471620951 0.28508864874095485 0.19046765089604165
60 109023.0 0.3048964517651678 0.22616667838158963 6615.873382221617 0.24824369445746688 55423.97007100608 0.6896649575589016 0.5575939868228055 0.7005096316098515 0.5490705615308368 0.28894731488200626 0.19956910917816695
70 125706.0 0.3054283096579791 0.22857389279644255 6629.1971852569595 0.24589499310014912 62401.46950626294 0.6892207971518488 0.5576579917963774 0.6988981422955904 0.5502252798929729 0.2881846505130675 0.20246077084149194
80 147129.0 0.3118228480768138 0.23383393022900412 6353.052575720777 0.24405839751201894 69083.18590666489 0.6740005781831823 0.5541595507617694 0.6964725226117465 0.5508964395676517 0.2900257072067313 0.20510455046234402
90 166204.0 0.342463235074574 0.24387733265060269 4907.688705003109 0.24330029486033075 74231.13850016997 0.6768358139052368 0.5626834177364646 0.6942688557319057 0.5517234107257118 0.3118948189261867 0.21136363822069168
100 190555.0 0.3492597388540766 0.2513929772824983 4663.820068016779 0.2427850717807124 79073.45748997752 0.6761002047481713 0.5602879092721127 0.6923223053881987 0.5526813197558003 0.3148342239896422 0.2161058597723817
110 210778.0 0.35665969266119996 0.2547891484256472 4483.694666491558 0.24207273685288908 83828.7552948395 0.6808021566908508 0.5618376030411771 0.6911214295521663 0.5535034492808745 0.3179518904215223 0.21881357792811107
120 228904.0 0.3715350560668253 0.2720504343451529 3968.193085220352 0.24128095330794133 88165.02062021816 0.6661031355188257 0.5743785470008169 0.6897030050092156 0.5546878640886491 0.3260693568906213 0.22673228204224427
130 262722.0 0.39132325524594974 0.28008672059567064 3401.6118284090853 0.24068376521609366 91897.8007804661 0.6598674747058435 0.5690511580307955 0.6877153257880031 0.5560360723532272 0.3340661282427378 0.23387531049885077
140 282622.0 0.3951157541471611 0.2878521893179812 3313.006909991261 0.23833841415195417 96718.45752047838 0.6601413842983699 0.5796973521735123 0.6854769915507665 0.5570752742838766 0.33422865479373 0.23873716363820416
150 310534.0 0.4105282462150895 0.3050791198094125 2988.787698087219 0.23635097118219026 101134.24822813705 0.6605481408545407 0.5802293494836953 0.6838369789782294 0.5585790109893705 0.34226837756696693 0.24773748417272345
160 328720.0 0.4199760394954779 0.30634530705361435 2797.079213388475 0.2347737201889044 105142.75850919218 0.6672273375386806 0.5851567082955951 0.6826884616876594 0.5599523374080547 0.34580506584379334 0.2486331960236147
170 336555.0 0.4337393188103648 0.314397316173512 2567.149679333298 0.23333580885533425 108909.0213508303 0.6693208142881759 0.5830814203764095 0.6819107779738204 0.5614820946945847 0.35164176230412186 0.2540631166465397
180 348081.0 0.43722598208130825 0.3201142574158803 2540.5868587019854 0.23175925253747634 112826.73349038723 0.670897498211389 0.5805022692213179 0.681312405199377 0.5627219840692145 0.35181902674529253 0.25678683716990136
190 363978.0 0.4428828947673869 0.3281087801394276 2504.6227480921793 0.23054102683656397 116419.49498784506 0.6583850505552772 0.5798022578785523 0.6804969110028062 0.5636951775841944 0.35297421640738114 0.26110146887212005
200 386148.0 0.447424213373332 0.3313539801485267 2439.5663193468995 0.22974175931502588 119585.2707062001 0.6615247332033389 0.5803006060847725 0.6795144947100312 0.5645048123279913 0.3547445001252523 0.2644842337531624
210 399514.0 0.4489815331950942 0.34173688518941525 2458.922622938188 0.22899589165274395 122728.11100526215 0.6583672939166354 0.5807591201306566 0.6786088040113089 0.5653011643080016 0.355210293416036 0.2723828673634462
220 416608.0 0.454086010526337 0.3452117892544723 2411.1316861135983 0.2284042608124711 125692.1749823275 0.6599019292558408 0.5842410817670445 0.6776989504472257 0.5660885111707655 0.3565216326683219 0.2742278298827126
230 437132.0 0.45423327119572215 0.34527745056803766 2414.6416440632224 0.2278632790152256 128616.85740284424 0.6586599195609185 0.5848814717690209 0.6768957906000188 0.5668878419916696 0.3558178304456961 0.2744212622702046
240 457618.0 0.4548568473818831 0.34610760048279693 2408.352263641698 0.2272087620846743 131657.7400698462 0.652954610131069 0.5696259430217414 0.6760215394666615 0.5671267915081969 0.35521816648207266 0.27471988495806987
250 476141.0 0.4725358938068625 0.3801409900117702 2171.5582394974176 0.22656449764589867 134507.13316044924 0.6479803714147263 0.5835197021517069 0.6751374523540201 0.5674023172961039 0.36356065909230084 0.2931799929464206
260 495319.0 0.4847067282531237 0.3832005310224131 2021.5500182203418 0.22576611757943382 137429.09189133914 0.6401774578131518 0.5908420446353719 0.6738796246985104 0.5681830752421476 0.3639107188564058 0.29514184169023944
270 506234.0 0.4858783735591197 0.39972299923967064 2052.018890848885 0.22489268389251632 140481.36806575838 0.6352182342270998 0.5955427535196484 0.672471100329156 0.569138705695161 0.3644664788357888 0.3061805801020259
280 519261.0 0.4907811364179965 0.40334147249151026 2045.6248197985785 0.22366596311256123 144003.99035754972 0.6383333044466633 0.60177661574717 0.6712431375581156 0.5702307557253327 0.36780470240599017 0.30884490236486045
290 535146.0 0.4931488511085015 0.40501977109984855 2065.4686990870086 0.22276799355274032 147145.00628474928 0.6340025928771845 0.5969755501386593 0.6700464713866464 0.5712495771488275 0.3688065509668867 0.3095723853236399
300 553279.0 0.49787912156938935 0.42231134656353375 2041.1006032485102 0.2220266472251937 150086.23313425694 0.6344916000839307 0.6052880278272786 0.6688403925503297 0.5722100201612841 0.3706512965108114 0.3188077650093243
310 571090.0 0.5084823803207213 0.43874323368448254 1926.6854203137268 0.22169559902632235 152420.35355881 0.637119549186847 0.6039735297549683 0.6676188472729517 0.5731664869300129 0.3787208242660368 0.325678965497684
320 588504.0 0.5104101985841217 0.44407264484794323 1915.4823359134093 0.2210216968053098 155202.85235824552 0.6325931065002266 0.6046893604231455 0.6666671014193104 0.5741432435292002 0.37891658145961055 0.3272785864947114
330 600380.0 0.5180493178022425 0.45189909628035985 1846.4589886893923 0.22024285191444312 158098.6623773454 0.6299687276454319 0.5929276428556879 0.6656091044450617 0.5749315650981754 0.3816596391152037 0.3281148261904383
340 613964.0 0.5205016510973696 0.4730999927542116 1853.8067283842452 0.21952553708876904 160928.47544523992 0.6307086768024214 0.5923855426737648 0.66457946578707 0.575508785927868 0.38189191073307976 0.34049123161240064
350 640218.0 0.5263049526889474 0.47826639971562834 1808.4452904605644 0.21904443616319766 163396.07175550188 0.6225447704171478 0.5832195870529011 0.6635087823441786 0.5758771621562566 0.38374380176530126 0.34336444839738917
360 649960.0 0.5382428163640677 0.481270458213692 1724.7158615010785 0.218701989679581 165601.28736755604 0.62460802025278 0.5856610419426486 0.6624154665160434 0.5761341549291593 0.3881016121521496 0.3448217458198131
370 663447.0 0.5444357468868102 0.4931478377102389 1688.8460139102042 0.2179629169316693 168390.24092305417 0.6212440603896345 0.5844447990592906 0.6613975837879619 0.5763914151719238 0.3911815478816206 0.35051034069222026
380 685663.0 0.5458092586477175 0.5143730913415601 1688.722225253615 0.21683585418455786 171850.04817957236 0.6253435086228699 0.5835371408509017 0.66041663866523 0.5766238638993211 0.39175117344340743 0.3593583651081174
390 707834.0 0.5482024254102148 0.5212520990870317 1674.2251544685041 0.2157410586587222 175291.45430169 0.624731168643442 0.5830821697572034 0.6595164921638256 0.5767983104069405 0.3921959838742928 0.3604712756474141
400 738401.0 0.5494436522188348 0.522392010685748 1682.2348494350163 0.21471557528399618 178656.23514660413 0.6250531064501151 0.5815742610928877 0.658625660600417 0.5768683137928261 0.3921245259798685 0.3606749616659032
410 761357.0 0.5497866915618268 0.5284096601255523 1716.453722171331 0.21359812426350272 182250.5401612447 0.6348522265636567 0.5633656270867587 0.6578525721484132 0.5767603682950408 0.39146790527359976 0.3645775939878026
420 789611.0 0.5637770053276299 0.5364882187834188 1613.571445923914 0.21310260157075192 184687.7062953361 0.6349285853007838 0.5583729528294434 0.6573297510069553 0.5763606179270202 0.40185757937867367 0.36716807445989197
430 815930.0 0.5724908186651176 0.5585979437909139 1542.8850091630593 0.21275821628182212 186813.07039344215 0.6232524883563866 0.5482452454310043 0.6566149206875395 0.575756675465152 0.4038882861346526 0.3751761130252144
440 826114.0 0.6058110088948473 0.5616647552687954 1328.0768055373185 0.21210157383020334 189375.23689434832 0.6479248711480132 0.550448960099394 0.6560767954191851 0.5751548091445089 0.41589385483766517 0.37649301718607703
450 843639.0 0.6103181915951338 0.5629141080438433 1304.7543952586511 0.21141558449853876 192000.54622899208 0.6500942844624098 0.5534817431260151 0.6559043232748681 0.5746157891643497 0.4173349131008582 0.37647644255071544
460 861234.0 0.6230020051554866 0.5783288923558313 1241.6056434552424 0.21074058293694628 194583.89427301902 0.645911687770189 0.5543346072699864 0.655656678176327 0.5742148541395328 0.42030558378857397 0.3835622739461106
470 877883.0 0.6275512693988665 0.5805889089162782 1235.7100623856752 0.21023005097422054 196836.29254542035 0.6433959573605738 0.5538203776429529 0.6554245807879834 0.5737820115156781 0.42137330886430585 0.38440822276156633
480 900609.0 0.643115322537627 0.5931525432280113 1151.4030697657583 0.20990913540306883 198639.31838686834 0.6485994861063837 0.5540658415518246 0.6551905513095555 0.5733510146970733 0.42993450866372884 0.3908324295303921
490 907386.0 0.6448281426480037 0.6022979489561919 1151.829387259276 0.20961405988848572 200393.03818007422 0.6436087581284761 0.5568510572855209 0.6550367085277198 0.5730115742548382 0.43019536980867906 0.3941482254541238
500 921615.0 0.6503282860967465 0.6118253160736837 1129.4989508105084 0.2091179900112361 202567.49897004568 0.6358830082796629 0.5510398649550842 0.6547932341114678 0.5726432118787715 0.4321371973389503 0.39798983515335057
510 934946.0 0.6780979377408339 0.6159507501067197 1000.4557822591763 0.20871081485677737 204462.07926112352 0.639266364948178 0.5460516998114263 0.6546692107327385 0.5721573041760081 0.45352335205395833 0.4004487374825395
520 948913.0 0.6840815392841978 0.6209746352425245 983.126982299834 0.20828468367644346 206395.6594595948 0.6402074971913722 0.5493324444757914 0.6544075651845384 0.5716960214228586 0.45463524654922527 0.4037075670883857
530 972616.0 0.6857105621565682 0.6241245929945316 1000.6593586162952 0.2078825117852262 208295.02292461917 0.6407448087344786 0.5499895508942714 0.654150902089806 0.5712921481755462 0.4540183976432739 0.40378889060106443
540 994552.0 0.6919783699438313 0.6308960887306657 975.4959568249187 0.20758536673069386 209939.39961087005 0.6391318047887108 0.5483462527259296 0.6538705067131828 0.5708772160352257 0.45485878306178235 0.40490856418351023
550 1013722.0 0.7228242460210847 0.6572442115558927 867.2341880626575 0.20746882966641153 211075.75819922436 0.6467951525922127 0.5513360726031089 0.6536721381358672 0.5705236723642374 0.46233730724129757 0.4119029472332681
560 1040079.0 0.7299392401340351 0.6696799303242904 842.9867297426129 0.20738079406191465 212123.71559936545 0.6439934644543713 0.5533676791527069 0.653515923806472 0.5702170873149249 0.4640947832886322 0.416627953591352
570 1062294.0 0.7439968902568286 0.6875190055399331 797.0385682252801 0.2073801895307975 212922.1760749598 0.6509355127473481 0.5622996328763421 0.6534208843556226 0.5699975692735372 0.4687064444641637 0.4246429005611206
580 1072005.0 0.7756808296756345 0.6918082407095884 701.1118196467684 0.2075700410239012 213168.3323517928 0.6567686054140449 0.5675579889434013 0.6534472409152505 0.5699184729515502 0.4823961512520216 0.425743026033119
590 1084476.0 0.7815501073295309 0.6930948812017351 689.8094682394756 0.20771181269050012 213517.13384697374 0.6573577415675109 0.5672750825556812 0.6535129685776984 0.5698753151595394 0.48310638121244226 0.4265641604450954
600 1100058.0 0.7890634691584253 0.7005964222467354 670.8712210631537 0.20804508713879497 213395.13171842188 0.6555812693926408 0.5649993638217221 0.6535370418968174 0.5697922925098006 0.48656959855591264 0.4328101706746162
610 1125165.0 0.8190759849194879 0.7414257017680916 606.8868219778078 0.20859476358141377 212692.03502523055 0.6712901404198113 0.6059487015973424 0.6537313034453813 0.5701250323977186 0.49267370260337917 0.4453765777960489
620 1149553.0 0.8336915026989825 0.769083692992863 583.0351027976694 0.20910322870368928 212061.27163579446 0.6797719795871938 0.6271704303022342 0.6540737942472193 0.5708839662141251 0.5011920561543335 0.44858343433322817
630 1182899.0 0.834511769416586 0.7714129670332198 582.6780532261446 0.20940881848660514 211910.80562372186 0.6753661281109019 0.6253558269846348 0.6544373993895974 0.571753655574849 0.5017684497908573 0.4518848486975683
640 1204998.0 0.8388669955222632 0.7738431522747462 578.6521540232047 0.2096336010824909 211949.46165129816 0.6479012769437061 0.6126160618641586 0.6543996950625869 0.5724600352277609 0.5026941437428574 0.4539431428917978
650 1222423.0 0.8595112782564409 0.7774754116255402 540.7352262254419 0.2099118163886793 211817.38396699942 0.6499454089786528 0.6134282085011304 0.6543358300640904 0.5730799899871309 0.5131714612317405 0.4584943142920968
660 1240297.0 0.8685266538916436 0.7858573586892987 531.3803664890144 0.2102330247111902 211575.96253766862 0.6807005119107908 0.6080603618650775 0.6546428294758739 0.5735788679175476 0.5145692750038526 0.46193518732410377
670 1267427.0 0.8792308057453505 0.7915266028559479 513.4216265256443 0.21055355385275187 211317.39030080492 0.6813793289109822 0.6068677222561151 0.655062083857053 0.5740716198426029 0.5159362128738385 0.46487662018380643
680 1278557.0 0.9180092058176131 0.7972129825831149 457.83157360748015 0.21145700646513235 209651.54880019106 0.7246829343714707 0.605789050360794 0.6559372265546839 0.5745634933247058 0.5322855359323518 0.4680971910623599
690 1294706.0 0.9255973158345465 0.8080926802737999 448.446488493781 0.21217878689734826 208402.83977924404 0.7204828744199755 0.607922596170988 0.6568962942389827 0.5750289181512601 0.536271291948918 0.47296183096975725
700 1310196.0 0.9269283587713807 0.8152743137719098 448.72775057847423 0.2129829515025008 207000.15772453134 0.7191934188155551 0.6070968268013649 0.6578026891625749 0.575492122353265 0.5371231542633117 0.47449206017802736
710 1331158.0 0.930677931025587 0.8226834316040417 446.0705993261141 0.21380946651539892 205574.69052980788 0.7192312647373466 0.6009703351636836 0.6586609809736892 0.5759318213858076 0.5393452297428477 0.4805272514057742
720 1347585.0 0.9420751844294226 0.8447926844816418 433.8250990254186 0.21450866276751226 204424.83104756803 0.72657171276836 0.6198762843066312 0.6595482851238927 0.576417971035355 0.5445527229846571 0.4862587583861604
730 1360265.0 0.946934060447079 0.8533390930108524 431.50191705083233 0.2148429580283001 204087.54450869656 0.6982865379854327 0.6098785856015384 0.6600841193087973 0.5768961157115223 0.5447154447526076 0.488464317131332
740 1379259.0 0.959294608399699 0.8569905144773738 417.8109879658065 0.21472417030604607 204787.24592740487 0.6879121196704101 0.6065140402993952 0.6603952818812218 0.5772945479445458 0.5493046665814669 0.49054018379029807
750 1404814.0 0.9697291886886572 0.871581329618619 406.8764209558377 0.21484238374719358 204916.14310395447 0.6951694665887851 0.609919427387717 0.6607879432053602 0.5776886249116355 0.5537762760296339 0.49724366861379554
760 1429801.0 0.9941240225396288 0.8783787197169914 379.5970237427541 0.21531506853766624 204200.06542990636 0.693743713572237 0.6179772979991004 0.661245366270846 0.5781377365820622 0.5655533607492953 0.5010358949303905
770 1449672.0 0.9974128630684318 0.8795079910731709 376.4662021781389 0.21586070413041028 203328.1867711337 0.6907605121545715 0.6099309027067826 0.6616520681793233 0.5785969375707922 0.5669764172837564 0.5022863768804402
780 1469337.0 1.0014257801657818 0.9259183617042374 378.5459894037944 0.21633137695582713 202636.73066811968 0.6872893429999174 0.6209268128622666 0.6620008310356941 0.5791039298939787 0.568191214046512 0.5261089453154364
790 1485517.0 1.0019704200480934 0.9317247334253302 379.71246821183695 0.21667053967034197 202245.3347586482 0.6864467139625202 0.6241339984208711 0.6623218125739109 0.579640911225501 0.568733216809882 0.5274797921635364
800 1495652.0 1.0262949586921222 0.9339008565662928 356.46947752985807 0.21699846263214664 201851.4502388599 0.7134444761838794 0.627575415477217 0.6628057421772904 0.5802111250740456 0.5737413078748337 0.5282418177659717
810 1524741.0 1.0493314451185214 0.9463780878035354 337.14394035847624 0.21739934220794385 201272.52605176927 0.689028662093163 0.624665076369596 0.6632527970599886 0.5808010633648933 0.5805881695971691 0.5292221128387061
820 1534463.0 1.0686581131130248 0.9561961318803508 321.2862462167417 0.21742193996679357 201540.81563721545 0.6853759739710499 0.6236090917741686 0.6635775258867908 0.5813482567487246 0.5830781278972338 0.5330055918572155
830 1548500.0 1.0882221300689048 0.9612869626887003 306.06599309409944 0.21727564339605032 202195.83863386622 0.7240025777560501 0.6238492018405359 0.6639147706938865 0.5818159281953035 0.5903111586916107 0.5379183625754197
840 1576486.0 1.1041854279599543 0.9773672863106942 294.33638389175644 0.21719228868783352 202689.8675599233 0.7155844863184332 0.6188235725583767 0.6645929387342716 0.582295288890022 0.5898172063055732 0.543482864255718
850 1607852.0 1.123992504751137 0.9903258106749391 281.2001663592998 0.21750750310326727 202228.15552068595 0.7132512406418718 0.6095788206508593 0.6651853019536872 0.5826794778433282 0.6003515324932251 0.5524708292026596
860 1626457.0 1.1281837130089225 0.9939041157474713 283.2634419133104 0.2178876363215254 201625.82228973138 0.6985876731540834 0.6031010884935373 0.6656678780323446 0.5829633069879706 0.6016465020638171 0.5528365916242884
870 1648275.0 1.1495201169434721 1.0189447038407053 272.62267774433866 0.2179839854275651 201670.23467240087 0.6977274295805693 0.6118270464524656 0.6660058302482577 0.5832788971834032 0.6029348484890135 0.5576684374128082
880 1660785.0 1.1613102076143047 1.021466076905101 266.623743465681 0.2181059717984227 201648.0305342178 0.7000195423728341 0.6135294921558948 0.6663665659784314 0.5836122172121094 0.6122686031744324 0.5590320818242038
890 1691636.0 1.189024409727391 1.0269164095254946 250.5703108446271 0.21815542726354786 201780.29929028748 0.6977883733851213 0.6077481516780798 0.6667306793020679 0.5839038991730828 0.6258577620153242 0.5633848378112478
900 1706828.0 1.189801420090079 1.0340802146486023 250.25457398381968 0.2182295592026445 201853.62080606763 0.6998963382170027 0.6022456438228176 0.6670895147885592 0.5841358475085682 0.6264695663982367 0.5641762587117523
910 1719944.0 1.1950940965345205 1.0379896448778287 247.0729942809471 0.2182713183555562 202000.81078276262 0.6969896031518477 0.6020677044126636 0.6674445928963367 0.5843324336113613 0.6284125103411736 0.566784725455229
920 1733744.0 1.2055490704887015 1.042651405383845 246.52161027130603 0.21840920606057812 201919.6416128439 0.7027584495062772 0.6058510534158136 0.6678142635456096 0.5845464747864152 0.6278452114035938 0.5685409659562481
930 1752956.0 1.213120004744296 1.044547538652695 242.51404705982364 0.21864791477010506 201598.67719507462 0.7130221892949047 0.605905622607226 0.6682621807124407 0.5847778141322932 0.6294098137614648 0.5692572862899071
940 1765912.0 1.2186933149931347 1.0462699437317817 239.76284434904008 0.21887213605802347 201310.23979737065 0.708861952752589 0.6044719939220181 0.6687358055368958 0.5850002690446481 0.631885230482654 0.5698112112856506
950 1780838.0 1.231903113749007 1.0494313338577559 232.57027660490084 0.21903430588096828 201159.32436953273 0.7136702215235234 0.5866755033863622 0.6691856330043082 0.5850892717799786 0.6361787864201651 0.5713205770770712
960 1793987.0 1.238198035931537 1.0521372099159527 229.64483890996334 0.2191575556561341 201097.22614659258 0.7077911544913456 0.5791826371113975 0.6696126354956259 0.5850590639646479 0.6386719917391821 0.5718463201467929
970 1814988.0 1.249554601473672 1.053323903074215 223.44261381689984 0.21925016492987576 201100.78014680912 0.7083426479564526 0.5794037564313137 0.6700071287071482 0.5849979014918641 0.644441968186213 0.5721533051325662
980 1840730.0 1.2572849143323428 1.08991461663782 223.7424632452973 0.21926691626208814 201284.6436166807 0.7097731871602795 0.6042512986765702 0.6704122598034253 0.5851186665284064 0.6482070404788938 0.5793970329274755
990 1855770.0 1.2593116677977974 1.0999722656432747 224.4099883170876 0.21929168212352465 201450.16668634064 0.7127982937617311 0.6058540983309011 0.6708328850486622 0.5853229828037042 0.6490396392728931 0.5806056713074638
1000 1881927.0 1.2651241818973633 1.1009191572388521 222.70274560944972 0.21931190266845543 201624.75403193038 0.712144855440444 0.6046474385912144 0.6712465822246694 0.5855181893232072 0.6507392378132844 0.5806248914794537
1010 1910225.0 1.2784915363642295 1.1020427951764038 216.18178019282885 0.2194711310567793 201464.1204404116 0.7068302924499562 0.5990483802852833 0.6716188471415582 0.5856689604209837 0.6575181793628365 0.5811909256751118
1020 1935850.0 1.284491808496819 1.1038863348051422 216.09217683232038 0.21956718712053655 201452.64949604083 0.7120474594004752 0.599689876448319 0.6720094322526341 0.5858037166163755 0.6579045659715416 0.5814922273715274
1030 1958519.0 1.3169446917045713 1.1132656343282092 201.4131537513235 0.219846621434484 200995.09356215486 0.7144145455528869 0.5944288593776712 0.672422153067359 0.5859152177851439 0.6673033808269953 0.5847348555023997
1040 1976920.0 1.3348603616063017 1.1211019775692805 193.84061247823615 0.22008750890435447 200619.65284693544 0.707978480060575 0.5862762395341424 0.6727981751199731 0.5859858700190794 0.672028254135501 0.5857302933384915
