1 292.0 0.11252697805691149 0.07954132221107875 132746.81302215977 0.11252697805691149 132746.81302215977 0.20768251478958155 0.185491155707663 0.20768228897779273 0.18548836829721344 0.11252697805691174 0.07954132221107937
10 8324.0 0.11427871666761175 0.0813061201244192 127414.44481252517 0.11274684284891848 260133.20537118995 0.20479654756413773 0.18456559658414787 0.20568609980208852 0.18475329226657636 0.11369060062863034 0.08113032032835692
20 26857.0 0.1215772785165104 0.08142350132832331 105880.54719975019 0.1145203205738518 364265.8760452044 0.20658129442738654 0.18240912825545094 0.20577151151204448 0.18404701966890866 0.12001403245206066 0.08111590208230347
30 36818.0 0.12881331380895306 0.08168616920141923 90220.0797804637 0.11706055413382654 450083.7068340449 0.21287388503229102 0.1786926180870718 0.20642936393658332 0.1832784683494415 0.12392584586498945 0.08097188284134692
40 48484.0 0.133546363902584 0.08236786036101026 81078.35217370614 0.11760679306159601 529533.8744930368 0.21460595961144335 0.1788770967550339 0.20808542234260377 0.18219210446295458 0.12774061716676768 0.08056013104555317
50 59415.0 0.13357660231956112 0.08240453844366794 81176.68389995777 0.11797095234677564 609646.0213250325 0.2146170246731912 0.1788843652286359 0.20936453007478303 0.18154268283498434 0.1283251593956282 0.0800947405097268
60 72200.0 0.13368718851652533 0.09130709352724967 81040.91942983742 0.11823842675336119 689909.0424113625 0.21484454056652383 0.1816376423486505 0.21023718596554758 0.181242307359325 0.12877831525421732 0.08680015209910787
70 89707.0 0.1385596333588205 0.09157612076508805 73024.99882854211 0.11778556734887077 765163.0079130816 0.21197069424347256 0.18477497087306854 0.21048904986663836 0.18174352310724942 0.13146768347062174 0.08700219907807909
80 100682.0 0.13977216992726693 0.09215993825934556 71185.7804918551 0.11727388865679117 839183.889987048 0.21009741361455866 0.18412160086473162 0.21044476181090557 0.1820704018832381 0.1323428140905219 0.08735497622832475
90 115216.0 0.1414147985890081 0.09270523073451441 71232.50602993307 0.11681937774219402 912998.7233977626 0.20829057430751807 0.18009461834243312 0.21023829633220512 0.1820292617457814 0.13290194594392504 0.08735800359701623
100 133646.0 0.14148360612456826 0.09280190916018462 71435.44720885901 0.1163957964295048 986893.2136878795 0.20799184946898155 0.17973431732180664 0.21003068293713448 0.18181987888532605 0.13282972671473972 0.08706476809262903
110 145058.0 0.14853192591757558 0.10855367179069259 63066.950788707174 0.11607340421774505 1052574.1643548082 0.21049524110466436 0.18540443734606527 0.21003272826361505 0.1818962172448389 0.13766360622574977 0.09977625522831096
120 158249.0 0.1491211663702211 0.11421876228585959 62733.98830773503 0.11578506026822012 1117709.2019371863 0.2109818854400941 0.18656192084332343 0.210128043505258 0.1822684028368153 0.13783033054263377 0.10317431253787687
130 170189.0 0.14946504044465753 0.1142384302220446 64243.58502154386 0.11466874811450035 1193325.3600652686 0.2032251946120928 0.1866782394452151 0.21001965608023665 0.1825997313226691 0.13776701293502042 0.1032224688140207
140 184099.0 0.150621283175336 0.11429097533392127 63036.74713953972 0.11368935041630082 1267158.168716363 0.20337451243614824 0.1839059470764099 0.20955162661312385 0.18283141730534977 0.13765024252218433 0.10324235460019511
150 205409.0 0.15073941468014995 0.11431098663407736 62958.25549288675 0.11283237743037622 1339920.9213204624 0.2033652651485632 0.1839075806876414 0.20914211990378417 0.18290260521174906 0.1373592205026605 0.10315511464883063
160 220478.0 0.15312539762614236 0.11509832381495398 60597.36022815143 0.1117085348048794 1416346.5658000424 0.19847826859834983 0.18518404805333563 0.20860087166005836 0.18300476868158777 0.13833146352964315 0.10354784158422284
170 230725.0 0.1546025013044555 0.11513044323132095 58983.06636975625 0.11078922638447113 1489096.8744833968 0.19817690035169974 0.18492708272608463 0.2080063002685856 0.1831296736096251 0.13925456371234524 0.1034639757764402
180 247504.0 0.15481373850839103 0.11517383467466845 59364.38377176383 0.10996668727147424 1561068.2219823163 0.19948015501683564 0.18788445179939628 0.2075350035512724 0.18339235742512064 0.13898101987016231 0.10339145563326806
190 267401.0 0.15576535034300729 0.11716934003554356 58423.30090653965 0.10924309061945599 1631171.3674923028 0.20003000066757765 0.1879976745686878 0.2071406197002856 0.18363344959373448 0.1392961363782841 0.10509639073287996
200 284930.0 0.15595982883500065 0.11723291028427486 58239.64382348536 0.10887386791952049 1694935.1322209511 0.20016827889115976 0.18852131098036062 0.20679002751436218 0.18385406722470826 0.13912525377055152 0.10509398590977463
210 299403.0 0.15606045072800787 0.11726419528818216 58256.83625205198 0.10853740262099844 1758292.964575502 0.2000907913632022 0.18838577278016022 0.2064726396061816 0.18406917447489674 0.13886426520734804 0.10506808452882295
220 323592.0 0.15668005368759952 0.11942279102596125 57782.489808879494 0.1082301951745218 1820873.395930152 0.20024690794177286 0.18898178925400402 0.20619020820114065 0.1842915860034194 0.13876622361011443 0.10738307156557558
230 337645.0 0.15698832537940458 0.12144674914756552 57599.21370035163 0.10794866377941993 1882950.1049622055 0.2002792911713699 0.1890054033311536 0.20593349548467954 0.18449503681078058 0.13871126829158414 0.10860021963430001
240 348834.0 0.15700398247717798 0.1215210574581251 57609.046863144016 0.10768965489592622 1944719.9841706846 0.20027926060615897 0.1890056799040999 0.20569887870889492 0.18468219250270015 0.13850749631908962 0.10862649937029861
250 374098.0 0.15778589730611842 0.12278655998881413 56762.874119556516 0.1074721657674592 2005087.1009766723 0.19937160118076153 0.18917764689122818 0.20545384596234584 0.1848595555469907 0.13864039259958819 0.10960001801106066
260 382460.0 0.15789083441145318 0.12283072272478422 56672.41679593964 0.10727078694480456 2065136.308143548 0.19937224622950225 0.18917781259624733 0.20522081964962224 0.18502500219933746 0.13852614909941485 0.10962123523335394
270 394457.0 0.16298930226657962 0.12703073752719132 51552.754901071945 0.10697128105984037 2123182.397527103 0.19395595645000255 0.18930757773586657 0.20481145837715334 0.1851826900665361 0.14072777280394863 0.11297460070163139
280 419892.0 0.16466598473892063 0.1286936516870391 51084.55894015936 0.10664926343980886 2181581.483420819 0.19467548938089554 0.18951406950504604 0.20444587682273274 0.18533877179521713 0.1411155467529745 0.11333490556711263
290 426489.0 0.16594719562038168 0.12968717316003608 50421.76026841808 0.10635274425276435 2238953.7624371513 0.19154082290498434 0.18885206141698208 0.20403390093548163 0.18546162312308392 0.14142029769125358 0.1137339142299527
300 438715.0 0.1664805710943921 0.12979407203627663 51333.53791896294 0.10568679035613136 2308672.4311627 0.19111265604367847 0.1886906532422502 0.20361209376380704 0.18557205307657818 0.14116590239885984 0.11379536905189118
310 454100.0 0.16656696924549722 0.12994440798247775 51332.113013915696 0.10506245857803795 2377703.799808337 0.19112659847487168 0.18865149628545164 0.20321040059656317 0.18567223191673915 0.14086647202375668 0.11380191707599603
320 474226.0 0.1690564544697078 0.1299855512848501 49115.272197643884 0.10447596508952595 2444852.9149995972 0.19167683992674658 0.18859427611498758 0.20283741619037812 0.18576473498638238 0.14079632319270644 0.11380922674674745
330 486582.0 0.16916269356475186 0.1300195964510296 49114.78696735455 0.10392397121798524 2511342.9735685023 0.1911761982538104 0.18859232977768906 0.20249721363454037 0.1858502078522791 0.14052108247269549 0.11380511070016454
340 519666.0 0.16924090152807414 0.13518187616040742 49532.32991839791 0.10325899856313317 2583467.0420566564 0.18918991952612912 0.18779110084505365 0.2021238500686332 0.18591981789252496 0.1402456591438502 0.1170275179885553
350 531844.0 0.17115047012927334 0.14286288199362246 48019.37073405551 0.10272911302865616 2649839.554956421 0.19139729885131448 0.18623347825002529 0.20180628518360436 0.18594677277437202 0.14170042763754645 0.12147365474094707
360 553306.0 0.1724472937063305 0.14600294974260855 47458.28086892884 0.10212699190844916 2719887.0790245733 0.18560952393415792 0.18289402169093016 0.20144268002993673 0.18593203497402844 0.14202780415272326 0.12202362585729645
370 571391.0 0.17265565242358177 0.14605907964552806 47365.03739219338 0.10155729025505786 2789200.5309963054 0.18582432574391394 0.18378391342781522 0.2010170682657396 0.18585494343467598 0.1416893174594654 0.12194891396179122
380 582518.0 0.17527971023938005 0.14626608043396722 45292.0840952648 0.1009974063716063 2857822.309904862 0.18394118584563052 0.18359922237750545 0.20059924768895152 0.18579885878821312 0.14336661104861562 0.1220271142885913
390 596020.0 0.17543808891819285 0.14646670162944397 45205.31081127881 0.10046551668232731 2925753.3800899694 0.18356610809695126 0.18353746457950795 0.20017221151457604 0.1857424423170064 0.14294205516477443 0.12193259002284591
400 616264.0 0.17760638979267893 0.14667706223567056 43766.68412732804 0.09994711636424682 2993009.703609677 0.18369371793040998 0.17994102785397165 0.19976254403862273 0.18562218090637606 0.14396494562042858 0.12196444573583072
410 634911.0 0.177618847273974 0.14669118525724179 43792.24647689171 0.09945340177559873 3059648.8542036056 0.1836890619171814 0.17993882682162 0.19937150706256065 0.18548392120633228 0.14357797559472368 0.12186321591362471
420 654386.0 0.17762736794194783 0.14678732692816931 43840.23027789832 0.0989826506561901 3125705.029430781 0.18350728245920134 0.17917971296143587 0.1989985765014054 0.18535044080086696 0.14320727786751697 0.12179739603181189
430 671361.0 0.17890926757000578 0.1545181221839845 42971.081305644904 0.09860694053882284 3186482.213801991 0.18672009379577184 0.18375839798006222 0.19869751675847327 0.18523027062738806 0.14365809734933904 0.12349132298371429
440 688401.0 0.17963317189756178 0.15513016584319314 42676.49201362772 0.09824626970295525 3246656.6904623797 0.18668332735811444 0.18360429851778673 0.19842546605424183 0.18519429486793637 0.14376316998774766 0.1239107898474242
450 703900.0 0.1796704235639362 0.15516315518434265 43463.044974818884 0.0978691939500322 3308654.033863998 0.18849383240257261 0.18562683896858076 0.1981931420602047 0.185190429447573 0.14349001283210575 0.12392384239086325
460 724428.0 0.18028716785768245 0.1554997344760656 43056.92443555943 0.0975172432580573 3369372.515989865 0.18912282473593867 0.18601145108864217 0.19798680736824242 0.18520239659675247 0.14327176951132958 0.12393731540610854
470 732100.0 0.18117450147586397 0.15680281688337858 42486.01936505025 0.09718746443589682 3428817.2847074247 0.18955023299597307 0.18721494205538505 0.19780593242299013 0.18524123863560016 0.14329767174477848 0.12502012603031037
480 744180.0 0.18213917258086326 0.15724754709441516 41881.11480496653 0.09686357628645044 3487905.6333870892 0.19000042008852852 0.1875231008467281 0.19764361626064833 0.18528878215333525 0.1432521286288872 0.12484623064836148
490 758712.0 0.18331827385554766 0.15973331235767205 41262.24645392838 0.09646919440036573 3551687.4419327276 0.1892375039581754 0.18758333659762472 0.197475521526669 0.1853352690679379 0.1435869660727532 0.1276508010520763
500 771131.0 0.18819894348377592 0.16029543628677437 38424.900005322204 0.0960988842595023 3612858.1024041283 0.19038088416864188 0.18655989533871623 0.19731779033735206 0.18537033182699905 0.14388030460237292 0.12776594201413272
510 799942.0 0.18825703491315957 0.1604578012750589 38410.08745565519 0.09574281681636439 3673496.3550848193 0.1903795633070652 0.1865546284209451 0.19718202640622634 0.18539356633848955 0.14367319903233322 0.12790269604003465
520 811743.0 0.18845643409464338 0.1635366136225712 38343.76173576208 0.09538517792090664 3734710.184075784 0.189832463213773 0.19092393912241776 0.19704095064114346 0.18550015452941193 0.14337950573774105 0.12919990067279705
530 827166.0 0.19400114230817755 0.1683189545900343 35297.431756955426 0.09506979208508388 3791523.096972679 0.18842833627671446 0.19182485720018705 0.19686945920260332 0.1856240265693541 0.14699182427662894 0.13214029201184452
540 839849.0 0.1961716559677226 0.16924406513729065 34188.853997297825 0.09476813815400024 3847025.571695511 0.18910382537048423 0.1926418714909205 0.196719336857499 0.18574141608258496 0.14702932213275063 0.1327600155737373
550 851908.0 0.1961775839974829 0.1699570015148146 34196.907777233806 0.09447638978893037 3902110.304032329 0.18910508670357123 0.19264086064612837 0.19658111806637862 0.18586663753905305 0.14681310742260822 0.133129815867212
560 861739.0 0.1961934816771623 0.16997531922343134 34226.884857355304 0.09419487820859981 3956734.949553825 0.18910840464303835 0.19268121696233972 0.19644786469626857 0.18598765202343187 0.14660623011441642 0.13314305534837742
570 874046.0 0.1963007808514978 0.17009779941296826 34181.1448850139 0.09392307392414272 4010871.079610598 0.18910780450216627 0.19273511189223463 0.19631931805555672 0.18610562865122943 0.1464427231001909 0.13318812089323565
580 892464.0 0.19716549373092263 0.17043551088566303 34089.61353314248 0.09372647788342986 4059114.879387301 0.19015213021291896 0.19450088782222197 0.19620600679003652 0.18624554734046794 0.14669916658640647 0.1333731276052277
590 913696.0 0.19812483875632494 0.17516635313836698 33906.01303371624 0.09355637745841502 4105291.812700369 0.18922254269277441 0.19511765150029425 0.19608756532374155 0.18638843855314657 0.1466665554610428 0.13471704570013598
600 936001.0 0.1982513015138792 0.17520403652228173 34981.85173278261 0.0933563417056852 4154730.7087732498 0.18886978059693887 0.19713381543683434 0.1959673913106321 0.18656695808209212 0.1465176816265641 0.13478238361484685
610 947002.0 0.20735606347099048 0.18639984561627634 31171.533883892407 0.09315220325275826 4202198.1603842545 0.1850652934530779 0.19958064277415657 0.1958180571427639 0.18675261379044186 0.1525228752426448 0.1401995826876711
620 955879.0 0.21138297630712852 0.18659432328373257 29671.4378221112 0.09304738301815152 4240210.8854492605 0.18767857280929687 0.1983961678055952 0.19565351670361858 0.18695147626690992 0.1534864295760583 0.1403271906543954
630 973359.0 0.21294072664778357 0.18675418093058924 29144.87856668741 0.092883079747727 4283056.519122245 0.18637355112497558 0.19739196184850466 0.19553503142047982 0.18712259761681033 0.15459998030999106 0.14044614018375
640 990114.0 0.21476146398596885 0.18753765158103355 28486.975077906485 0.0927331792506858 4324258.332335948 0.18601533020855265 0.19696840465393145 0.1953847412673849 0.187278881826929 0.15524200305656238 0.14069353021715292
650 1003350.0 0.21482237933137605 0.18755950228000237 28473.9976477293 0.09258745656822401 4365178.878524349 0.1863627682622384 0.1977256551737424 0.1952412936423342 0.18742887214300832 0.15514127966578722 0.1407835248705088
660 1017129.0 0.2150599427998997 0.18774007176362772 28441.858641930114 0.09245805133295715 4404686.103101316 0.1864201741319727 0.1975915961841279 0.19510705879886428 0.18758444078155878 0.15509934712776166 0.1408930422166707
670 1035186.0 0.21525023578602248 0.187839132188725 28380.483031062842 0.09234882536904328 4442393.88518736 0.18639948066938952 0.19759792156610753 0.19497758120126746 0.18773359341054607 0.15501472501972813 0.14097881668323334
680 1055711.0 0.21551034408712397 0.1894865117889859 28375.3193233862 0.09226547574875374 4477835.111808414 0.18636815990909217 0.1973675706682333 0.19485115798111527 0.18787506150535555 0.15507241685281392 0.14240225826974273
690 1081305.0 0.22006212292880886 0.20350685083856326 26708.87336293045 0.09222259888601793 4508268.259688774 0.18662866691374805 0.19820648940480512 0.1947297676168233 0.18801778920235335 0.15910235948820287 0.14923412160820354
700 1098588.0 0.22115415299381286 0.20452044668582667 26370.167590222838 0.0921981923538626 4536760.866334761 0.1860430123295314 0.19807980308146778 0.1946119407462663 0.1881630552386299 0.15952778248417013 0.15021237929021078
710 1115799.0 0.22183089462282923 0.20462423549648523 26168.656424413864 0.09217825017138909 4564670.990826109 0.1858616468210702 0.19805627069487344 0.19449005751564025 0.18830248692885285 0.15984091483726282 0.15040614554547618
720 1132882.0 0.22202982256671022 0.20493585135498094 26247.36709033869 0.09215574257086205 4592884.831017315 0.18571546392405813 0.1977516950798536 0.19436876195404462 0.18843438308850755 0.15970791544631438 0.15089849018401263
730 1161098.0 0.2221183127304248 0.2049625993227426 26251.968442751026 0.09211926741967762 4622352.847560188 0.185718083337116 0.1990085740399014 0.1942505037110642 0.1885773956018956 0.15960296002327695 0.15100079505305034
740 1175649.0 0.2225354679925114 0.20518178426620157 26114.360056086854 0.09208318797762108 4651665.938716886 0.18548766461316585 0.19895528627862574 0.1941325504351547 0.188717511855768 0.15949293607011616 0.1511816074323869
750 1187320.0 0.22276281855497573 0.20538984322261822 26158.663770536292 0.09204805799456602 4680940.235161527 0.18547415313433924 0.19895611765597468 0.1940173458031794 0.18885384320870954 0.15946755128304063 0.1512425270058418
760 1209926.0 0.2231235878388094 0.20551214623314012 26164.53846956747 0.0920138404786033 4710143.495372052 0.1855484043818073 0.19896094600836997 0.1939058655936777 0.18898664622791245 0.15948636708059474 0.1513898442582124
770 1222484.0 0.2235993558514881 0.20564576477467666 26117.797488351694 0.09195180175351385 4741883.183649671 0.18387718506135386 0.19602805721971803 0.19378040328611743 0.1890865789670278 0.1593196864907845 0.15171505358322726
780 1239852.0 0.22415977457257438 0.20772402417704608 26232.83481458003 0.09189271720413911 4773463.350443549 0.18435310768472374 0.19538692822973824 0.19365695477148817 0.18916714149030073 0.15942243879316398 0.1527012358058743
790 1253330.0 0.22425424018756818 0.21091230085627327 26333.685934039488 0.09183539087362744 4804983.370760777 0.1844422396828068 0.196402242422992 0.19354045996681976 0.1892585934356295 0.1593361073372183 0.1532780089676504
800 1274627.0 0.22653724891253815 0.22028541724011932 25697.761717349033 0.09176390468595874 4837340.941769854 0.18455957663972825 0.19709311429129237 0.19342824900110792 0.18935642007058295 0.1609640994206881 0.15760482083129493
810 1292843.0 0.23407204244192628 0.22126068242342495 23393.999052412983 0.09163403963895933 4874024.69395674 0.18607934104721593 0.19842524854909377 0.1933337093329319 0.189460992413943 0.16208004117269542 0.15777379979787434
820 1310384.0 0.23516415242894373 0.22527587090033382 23198.216119535802 0.09148327211301174 4913001.358507645 0.1853341305020101 0.19665403665452907 0.1932374577366686 0.1895532274363408 0.1624460680669586 0.16060551527826109
830 1326595.0 0.24050164300490307 0.23265038107984004 21863.220432111844 0.0913597612115235 4948115.021323627 0.18515477611217152 0.19731884238604155 0.19314067966605136 0.18964125942031013 0.1625643498726772 0.16519023307688524
840 1344321.0 0.2412584774488862 0.23310284930005415 22005.878239743088 0.09121014666598468 4986436.139220088 0.1850871724135353 0.197319139202507 0.19304540089038763 0.189732551949351 0.16281109267465757 0.1653735462646027
850 1366130.0 0.2413310068091199 0.23319299401622054 22006.048830216692 0.09105762772895772 5025236.799163442 0.18507852611524048 0.19695228433080872 0.19295205274785904 0.1898213585058595 0.16275435323647164 0.16550757053846463
860 1376257.0 0.24170137256506485 0.23562668344631935 22067.90276065867 0.0909187444106541 5062601.823392298 0.18780033869515897 0.19564525312076902 0.19286953277135388 0.1898936379891326 0.16275106586679647 0.16628159088469874
870 1395903.0 0.24215392610779266 0.23622156578026704 21989.180668858327 0.09078846742614298 5099013.637658929 0.18779701638259166 0.1955765266857648 0.1928113124343246 0.1899592097792942 0.1631197261474486 0.1671799067910416
880 1411748.0 0.24241613225262404 0.23645038715862396 21992.38208730349 0.09066111801431748 5135184.951517531 0.18779547607393152 0.19558432335000006 0.19275437780710783 0.19002304757880606 0.1630446417837988 0.16728818654462463
890 1425592.0 0.24521452374510183 0.24434612004135864 21379.949438676435 0.09055724773571357 5168232.61147605 0.18721819249298202 0.2001509107832391 0.19269673100626378 0.19010627039264089 0.16403400029830786 0.1700838471283514
900 1438962.0 0.24527611614200723 0.24442199632581235 21375.383289711943 0.09045566032037569 5201073.066343077 0.18721821139965203 0.20015142505798708 0.19263592611939573 0.19021775560525822 0.1640103429401009 0.17021015021071031
910 1447919.0 0.24556902532413127 0.24672043243502054 21387.108892458047 0.09036431659346898 5232766.664641034 0.18717946990661438 0.1992510454105094 0.1925756012529325 0.1903205797308499 0.16429481080971822 0.171769416279821
920 1460344.0 0.24754619807117867 0.25118292145143184 20985.742523400073 0.090279091505262 5263479.5437408695 0.18609311358484085 0.1963361659617464 0.19251420788203732 0.19041034409491395 0.1656160998750905 0.175273109372099
930 1474302.0 0.25810309075082705 0.25624850688870887 18633.43057381534 0.09016299040331965 5296399.252615868 0.18550407139813657 0.19543817765321161 0.19244139650239264 0.19046134762024805 0.1703647351668274 0.17700673474565437
940 1496469.0 0.25973343874976024 0.2582336130538015 18329.876470166102 0.09008043608638376 5324860.738287582 0.1860596292632602 0.19647043223612148 0.19237150804835315 0.1905231961779532 0.17043696668268393 0.17787043777392053
950 1510627.0 0.26035045592223055 0.25859846403723136 18355.754404854633 0.08999560220635812 5353679.596544955 0.18626528651887425 0.19609612603183116 0.19230536303836926 0.19057894562182195 0.1706336774565835 0.17818695188932873
960 1526822.0 0.26068544011102845 0.25876641441864834 18353.142035792258 0.08991251747849799 5382319.240510878 0.18649181741568233 0.1966332237555204 0.19224444541214508 0.19064082974804364 0.1707706289095151 0.1783757259994131
970 1541612.0 0.2607408571401737 0.25884723188605246 18352.959264025183 0.08983126349740543 5410768.562457477 0.18693477379432416 0.19764111946093876 0.1921857010430348 0.190703582474972 0.1707125074103872 0.17846628968209066
980 1550796.0 0.2623959293959748 0.2594729063687636 18127.235427490068 0.0897516510108804 5438877.212511782 0.18725628716382092 0.19764041913722621 0.19213381180085481 0.19077429750729022 0.17045888758316 0.17884911774720547
990 1571914.0 0.2632721222865355 0.26276508080927086 18052.173001409436 0.08965094880977494 5469767.381184357 0.18431346458235023 0.19930467240397454 0.1920660182293684 0.1908534316013233 0.17065239327119472 0.17989726029447475
1000 1588801.0 0.2634429141930061 0.2628803370253362 18031.083582175936 0.08955224071166168 5500445.138259786 0.184860756623648 0.20081764686079712 0.1919864605859542 0.1909382848624394 0.1705370964151197 0.18002628777828372
1010 1607548.0 0.26629165376159 0.26608051401158983 17599.033115568705 0.0894708313036691 5528545.219758553 0.1887704826030644 0.20070470375154703 0.19195055738703654 0.19103517447840018 0.17144694476527053 0.18136147552828263
1020 1623933.0 0.26669840117558175 0.2668036778222264 17667.07308145523 0.08936116567349457 5560602.025143502 0.18677585959377488 0.2002312146106949 0.1919078591727908 0.19112795520336506 0.1713730206821791 0.18169007375835036
1030 1640607.0 0.2668415666417216 0.26683564790275754 17652.182089404658 0.08924496638450807 5593648.44912466 0.18675857403040325 0.20046408013009576 0.1918578141726982 0.19121715152577545 0.17131805442737855 0.18178498577951296
1040 1650840.0 0.2668919522387608 0.2668545636050352 17646.504998334032 0.08913098041531174 5626477.127788249 0.18671673052337284 0.20085872912318578 0.19180878992204495 0.191306357995551 0.17123332678715739 0.18187213139696523
1050 1668446.0 0.2672243963180103 0.2677498811555136 17598.71500428183 0.08901482404266087 5659678.353595889 0.18675752120325775 0.20086169466499387 0.1917604582569235 0.19139726909318255 0.17117776414024533 0.18220855648485526
1060 1679911.0 0.2681380428737414 0.2689200737200556 17428.956862945928 0.08889803570744846 5692961.208649622 0.18681361678825215 0.20125738658125553 0.191713668507235 0.19148908231737236 0.17163384979391358 0.18330554702314267
1070 1693630.0 0.26816749500224807 0.26904983557946616 17432.83055438186 0.08878341011918443 5726035.356865421 0.18679921428973992 0.20124413510751135 0.19166787817226347 0.19158025840253776 0.17155150288063192 0.18343097191505373
1080 1706000.0 0.2687948967142753 0.2694868298061116 17432.32663109773 0.08867235769796948 5758688.314057737 0.1874294948037721 0.20055888881547998 0.19162573944217384 0.19166646860549744 0.17133570318786953 0.18370825465021118
1090 1725748.0 0.2689238510605616 0.2698916208733178 17425.58534361672 0.08856597117411888 5790749.998878019 0.18725654400391076 0.2004200357851488 0.1915864913211213 0.19174738389797127 0.17134514797275274 0.18410525742679534
1100 1748526.0 0.2689538708407068 0.26990196572101993 17420.974720807855 0.08846150683173279 5822613.700298547 0.18724240977755763 0.2004143062590309 0.191547055645321 0.1918261095868253 0.17126668655549418 0.18418888808037875
1110 1767395.0 0.2689833082538209 0.27013310597605283 17753.30221851783 0.08835829306227697 5854596.383868655 0.18127631661830787 0.19614295353013433 0.19147120649013633 0.1918757534093669 0.1711631925964882 0.18438519835239237
1120 1777110.0 0.27425434549074595 0.2708840337636042 16947.10606984454 0.08824980767772828 5886918.311884401 0.18132494422783663 0.19477984364103615 0.19138310483701435 0.19191028124018833 0.17438595369456295 0.1847386840415675
1130 1795835.0 0.27461187410332266 0.2710484025903476 16912.93954027298 0.0881450062261729 5918754.850331555 0.18096669484688857 0.19498601368213858 0.19129256990434304 0.19193655749596353 0.1744477056902215 0.1848518446429053
1140 1814455.0 0.2747268396571646 0.2717979536699023 16918.891305366822 0.08803169891671007 5951976.241976241 0.18034048225143195 0.1887179122808456 0.19119878085532202 0.19193033299804585 0.17432087178934827 0.18501263477573382
1150 1823433.0 0.2850367208764626 0.27428157482430693 15148.851777233074 0.08794518442195948 5979993.724090771 0.1798052598435125 0.1876759435035633 0.1911022175569249 0.19189624072450487 0.18139358571341146 0.18558827292262464
1160 1846250.0 0.28540901935964136 0.2746719987972032 15114.446185332688 0.08786014880746104 6007816.914339423 0.17978244534587517 0.18760336688197135 0.19100482856606385 0.1918597321708825 0.18127239392648647 0.18564839087854115
1170 1855823.0 0.2854849049066391 0.2748244979669568 15112.892739964826 0.08777655447456427 6035472.070730864 0.17977897311343063 0.18760049777378346 0.1909089665408477 0.19182336440055153 0.18115712363714045 0.18562696249956734
1180 1865547.0 0.28576562811359 0.27729199141280436 15088.377497911491 0.087756019821243 6053553.5516516045 0.1796702869609055 0.1867997903854548 0.19081075292676714 0.19178182784470973 0.18124209916960773 0.18682369746054517
1190 1886969.0 0.2858275328711077 0.2775408008309903 15091.815944351629 0.08773582741214377 6071591.034533562 0.17967032327653254 0.1867990276243646 0.19071721775835684 0.19173999613359308 0.18117499847272284 0.18685860624053377
1200 1899253.0 0.28595829361411634 0.2778824765391496 15134.802949832057 0.0877156401980638 6089670.518509686 0.1793811895831035 0.18655801179385972 0.1906239469118421 0.19169798512568356 0.18107361582336606 0.18686336083592303
1210 1917786.0 0.2902174825436872 0.2788140398145074 14510.186270478185 0.08769578392191957 6107129.238145567 0.179562347584784 0.1895313982707026 0.19053078964919276 0.19165897754395902 0.18397170722804976 0.18722372285412842
1220 1931392.0 0.29142283131640107 0.2838516211222169 14370.373148824354 0.08766803155337267 6125658.993829998 0.17951109225590345 0.18777056210924795 0.1904407488312671 0.19163434907977508 0.18379972764480293 0.18913391569200302
1230 1946418.0 0.3007945025330947 0.28923503456334965 13086.215758146327 0.08767543967588101 6137615.527137486 0.18372631871522718 0.18716188175783202 0.1903725101159121 0.19159992274699567 0.18666142558078636 0.19001143954937447
1240 1963989.0 0.3038115819260712 0.2905093719559032 12783.278743275314 0.08767817063680788 6149978.00745851 0.18400050439023072 0.18700304379180943 0.19032177253020527 0.19156396791842517 0.18796091662680323 0.19035937034666547
1250 1981717.0 0.3060450070441192 0.29091461844987715 12522.644712782574 0.08769566225974651 6159806.872850305 0.18438098478235784 0.18687517303910414 0.19027430098210388 0.1915262465560575 0.1895301485832485 0.1904854546713223
1260 1994569.0 0.3070139933600769 0.29278686888399036 12412.478075976747 0.0876758516011047 6175335.158943867 0.1825385091508352 0.18738077700281985 0.1902231857932127 0.19149063521084267 0.19012407460110733 0.1914959524220248
