1 5330.0 0.09097456969279874 0.05935419242625886 269325.07688373333 0.09097456969279874 269325.07688373333 0.20241534146526177 0.12797884371775753 0.20241534146526177 0.12797884371775753 0.09097456969280086 0.059354192426256794
10 18827.0 0.09535934942796566 0.05941821180762703 235459.61597487965 0.09286902824315421 503343.5559347082 0.2054978718490288 0.12728893576679556 0.20465643694425123 0.12747828265439215 0.09454605894421837 0.05886849654107209
20 36581.0 0.09754522296617495 0.05953989662840196 221975.1289921171 0.09409643606646588 723709.5332979136 0.21032070244892714 0.1260600304737739 0.20684933027695251 0.12697139322435488 0.09662422133908492 0.058582897336104875
30 56599.0 0.09754783485730645 0.05956722660281194 222448.15153438927 0.09471013997812171 945407.782273307 0.2100072211485407 0.12605510827421992 0.20793883067658714 0.126676931987505 0.09680231016826941 0.058365768099287736
40 62456.0 0.09755354999850344 0.059568293895510355 222723.5421024859 0.09507836232511521 1167702.2348015155 0.21118554323231176 0.12716686876324632 0.20847205572057054 0.12655238377667974 0.09689308901619967 0.05825575629469053
50 88658.0 0.09770009483839692 0.05958557563152114 228967.135652095 0.09510564543959872 1396651.6706947207 0.21119958128324753 0.12709056665633148 0.2090086414972731 0.12666239703833354 0.09692030524696155 0.05805611213014485
60 102549.0 0.09784362985205201 0.05962078620951676 229694.53905296867 0.09508055808328934 1626362.5252254284 0.2105763219018523 0.1275493735506382 0.20930368784183168 0.12676945487374833 0.0969673947513575 0.05792910277030206
70 115497.0 0.09786362153874599 0.05962812541562794 229851.96376001154 0.09506174256605732 1856226.0808676658 0.21057863197895568 0.12755191384114184 0.20948310258426495 0.12687945643555912 0.09694696341036337 0.05781579117465862
80 125586.0 0.09885524063088527 0.0602978304322391 228963.93024472025 0.09463286996606536 2086505.8121023611 0.20983046790465487 0.1286018487900508 0.20959544326460647 0.12702631172889384 0.09745614169077414 0.058116275446013665
90 142221.0 0.09901995560563062 0.06180459772001727 231272.98349988274 0.09420623378114464 2319084.4917053296 0.20835582938758793 0.1288447088009681 0.20952872990523566 0.12722551856644598 0.09746672095760614 0.059085340660638155
100 164083.0 0.10315200119083481 0.06221864595634854 205132.05323607716 0.0940225138451385 2526030.0969744823 0.20795790832158317 0.1285644133355992 0.20937480932731428 0.12737414993676904 0.10065831624604714 0.059416090836169666
110 176287.0 0.10727461400217418 0.06387224805682594 184428.37523458348 0.0942118260447624 2707778.9877179745 0.20917123929757428 0.12876154862532332 0.20934394483967542 0.1274972460102467 0.10371210614822572 0.06063000695925776
120 183092.0 0.10732741247190118 0.06387968022765762 184201.61238600558 0.094372013290598 2889715.386039644 0.20917086806748394 0.12876154859715636 0.20932964711023958 0.12760173382781181 0.10379442206600013 0.06064228644363378
130 192911.0 0.10746924182758773 0.06589811881830382 185266.14772910753 0.09450931773002065 3073113.313570228 0.2074812733592722 0.12946885198605723 0.20925139798810213 0.12771187760458388 0.10389915442852253 0.06202899195663385
140 216552.0 0.11391346049639178 0.06928515687080078 155585.12585767554 0.09503952289140481 3216969.5093993717 0.21134522200018194 0.13114647380674335 0.20926290413290508 0.12789610655056902 0.10684450991126519 0.0636457726235588
150 228523.0 0.11561999723148705 0.06929244153995634 150028.29244840879 0.09560822146368372 3353822.6702668434 0.21114427532841543 0.13061262510356852 0.20939316904411417 0.12809363117620026 0.10863045269020195 0.06379012780161743
160 241552.0 0.11578640769533623 0.06951255181134756 149425.55435902003 0.09611001432157688 3491691.252013769 0.21117728512078987 0.13062630276884662 0.2095037516247618 0.1282508468622384 0.1089674898304599 0.06395816765913095
170 258887.0 0.11626956258432437 0.06952119694985162 147938.17507206905 0.09655422640724191 3629191.3447265294 0.21122948310480436 0.13060076550169153 0.2096039880598381 0.12838854568940444 0.10965023298315571 0.0640677218098297
180 268903.0 0.11720560730212509 0.0697141269671608 145386.2423602849 0.09695167932599483 3764781.395267454 0.21123040418555067 0.1306008437599482 0.20969383512666503 0.12851077123740984 0.11061050671686687 0.06414761477694136
190 285702.0 0.1172119414418212 0.06972642975341553 147360.684807402 0.09707158011116364 3908848.9405969977 0.2086665741815844 0.13540131739192746 0.20971602458448327 0.12874617511805458 0.11073976505694602 0.0642413685563142
200 306821.0 0.1172132234528517 0.0697388500469346 147488.7480161544 0.09718183240576174 4053336.206395967 0.20870459478429132 0.13547947746233627 0.20966417963629322 0.12907805501357483 0.11080903525330874 0.06433232033311677
210 320081.0 0.1275864995699294 0.07028457230587858 114338.50947666577 0.0972820617644873 4162771.729380802 0.20854183785413258 0.13539867899566885 0.20961326064382715 0.1293786050544496 0.11967350967572318 0.06473903353122774
220 339066.0 0.13151329049455626 0.07411484936031303 106221.23239006956 0.09687338609584945 4294784.170109969 0.20393565586515933 0.13559709947611825 0.2094113492364641 0.12964537220974107 0.12239065511468965 0.06723054586345087
230 355085.0 0.13286328435666153 0.07671479190999905 103336.37743638933 0.0965311043132115 4420521.903661579 0.2060509890165105 0.13818391444011002 0.209210186590565 0.12995114454814893 0.12194801532771479 0.06840130538171263
240 367783.0 0.13289619984406958 0.07672763489341432 103875.98163339343 0.09621620507318461 4545179.695059954 0.2062594803165598 0.13820022394144313 0.20908688559910613 0.13029336392217397 0.12185374172750581 0.06849808468754767
250 380097.0 0.13503918451334948 0.07721646577296486 99099.0313241978 0.09585536765783198 4670174.520884563 0.20759151791357902 0.13823100494489118 0.20896044938747171 0.1306079042625327 0.12270407539596419 0.06885896351279885
260 391704.0 0.1350887886741232 0.07726448496069889 99117.98427855261 0.09552125893991288 4793625.781519173 0.20759313107125874 0.13823180645781669 0.20890804935115945 0.1309000016530574 0.12264745386904842 0.06895540001384191
270 407168.0 0.13511320825386766 0.07729015293547085 99475.9927900778 0.09521101513041656 4915926.388230111 0.20777091497438632 0.1384263709872844 0.20885999345046063 0.13117126301867252 0.12259838376031572 0.06903703249515297
280 418357.0 0.13511578497056026 0.07729195613409144 99944.21417471133 0.09492216744571311 5037288.367081113 0.20777361487233303 0.13844688016050027 0.2088213269791169 0.13143011376753114 0.12254076633605965 0.06910146997003716
290 432225.0 0.13514137305714105 0.07734576376685753 101253.07532068672 0.09465257627332321 5158476.608572645 0.2058105842167845 0.13829258642560588 0.20874485983917349 0.13166807599341646 0.12249690223167099 0.06916851824713371
300 446492.0 0.13818910354914757 0.08050497865684857 94846.46641473963 0.09452407690878663 5263181.932008812 0.20611859341717198 0.13866037299346334 0.20865044545836714 0.13189182504333496 0.12490176074605105 0.07184324987989867
310 463097.0 0.14075077505907663 0.08055168844939394 91501.23211627772 0.0944036087545336 5364353.332515309 0.21512839714002902 0.13906540499307993 0.20862924959869744 0.13211300868691092 0.12587293161187715 0.07195994587792882
320 481291.0 0.14878184052127202 0.08250066634993464 77495.02539216344 0.09441066334542221 5441207.365158552 0.21471291763188602 0.14007424317005912 0.20882937424147768 0.13233588186826892 0.12680477755367808 0.07322641705774635
330 495683.0 0.15197260826735298 0.08431492741711662 72987.97269155558 0.0944970890409942 5506140.0665052235 0.21385045505249484 0.14118955069770356 0.20898757405626353 0.1325806026051607 0.1292565638721011 0.07502910666299621
340 509792.0 0.15198835409723224 0.08434499054497684 73881.27741207312 0.09457857612539065 5572533.8419857165 0.21314551434450113 0.14079275833128316 0.20910950778905643 0.13282142828627852 0.12942278414672226 0.07511371221623606
350 521710.0 0.15199291773379778 0.08434976675897853 73923.04990809632 0.09465553614954286 5639412.405686083 0.212043548062875 0.13996098702768175 0.20922135422573104 0.13304616198755032 0.12956997581542287 0.07518424078049424
360 533357.0 0.15520847168774235 0.08529427655983172 69860.08578125156 0.09472833617238953 5702285.541750913 0.2120209271730331 0.1399609160154792 0.20929890476808766 0.13323770757218428 0.13219168834092168 0.07583861728627027
370 545592.0 0.15521132610915217 0.08530194354867147 69894.70647161202 0.09479730461508637 5765583.468861183 0.21202076683373783 0.13996090919352108 0.20937227205114325 0.1334189260182793 0.13229827087291463 0.07589989591136884
380 560096.0 0.15559706733236178 0.0865964237989794 69497.11884849846 0.09485891374166353 5829165.742677045 0.2125768147246252 0.1404050206880069 0.2094427204178638 0.13359500836632424 0.1327261556356812 0.07627360054935889
390 568720.0 0.16193273655438412 0.08679962553909712 61735.80194294579 0.09491744241191179 5884726.984666983 0.21267766177559083 0.1404195114207678 0.20952490207146712 0.1337694296343338 0.1389850347800725 0.07655684770351467
400 580135.0 0.16460443391124802 0.08764975272357545 59158.33838528615 0.09500891676571094 5934068.543042036 0.21318832898551857 0.14121000929039823 0.20961232968627694 0.1339496041115639 0.1409694385973475 0.07718693089041556
410 589368.0 0.16461963121994913 0.08767652375989435 59215.01352166223 0.09501063583004991 5993094.625162822 0.21286806239979295 0.14083880442563973 0.20969777727308292 0.13412444748424304 0.14107766714392442 0.07724802990426283
420 600719.0 0.1646460280586056 0.08770039175761873 59235.8173113955 0.09501227493790802 6052150.356951902 0.21286804985259877 0.1408394806176881 0.20977308087040605 0.13428394315956552 0.14116151015974385 0.07728364243718851
430 616276.0 0.1646625553494507 0.08770995976821558 59311.49866888294 0.09501383954086347 6111290.128497727 0.21286358629719895 0.1408099677375065 0.20984499158898895 0.13443555506171453 0.14124781128946426 0.07731775987096588
440 627993.0 0.16470218467780826 0.08779248608769333 59451.60420372683 0.09501533460590979 6170577.940243683 0.21284098389956585 0.1407395377728488 0.20991342236238028 0.13457985902233713 0.14134005186810125 0.0773736176208249
450 640480.0 0.16702687523747706 0.08799657922933164 58288.733015137324 0.09501235146052521 6229198.880603121 0.2143017214180765 0.1408019404202441 0.20999715884847897 0.13471736444155175 0.14177527084516647 0.07754604589099119
460 666053.0 0.1694716590309202 0.09255807954081868 57318.71148072653 0.09504055452483091 6283375.024721278 0.2140322301694016 0.14159310042157153 0.21008810494486943 0.13486198511862924 0.14320661456506714 0.07885156568876527
470 676878.0 0.16978162728754992 0.09580055776633346 57050.21799555058 0.09507017590539839 6337120.010279147 0.21050780034471145 0.1407383771711009 0.21013093521986434 0.13499141411792578 0.14344588200883515 0.08138439478209322
480 694560.0 0.17011216898864803 0.09589930359141258 56749.75337679922 0.0950985882500243 6390690.265072731 0.21038249144580667 0.1407143741574425 0.21013698909933776 0.13511055460464214 0.14375840802517725 0.08150587834906356
490 710865.0 0.17033883625054572 0.09642168382425707 56572.24817247054 0.09515417708502305 6441109.194687702 0.21054309568068355 0.14135855897885025 0.21014268395708344 0.13522927350216962 0.14387615430887962 0.0820270719699113
500 726526.0 0.17340637161818553 0.10226995648788392 54252.84911998941 0.09526203878282832 6483332.132081231 0.2132230990610818 0.1425474724209026 0.21019415431519353 0.1353729703278201 0.14638092397351665 0.08630322566061736
510 752476.0 0.1735587637506864 0.10234798672328178 54237.91654429627 0.09536463896012992 6526168.562314857 0.21311809284306413 0.14249954304029464 0.2102516425198834 0.13551239122293493 0.14652353555326197 0.0863604665364512
520 766002.0 0.17377022506531006 0.10241457441961835 54062.91559695064 0.09546604056314224 6568993.56574216 0.21311806499779085 0.1424995406744215 0.21030666038613077 0.13564650159071295 0.1466243994913933 0.08643033172074523
530 779407.0 0.1739189802607718 0.11035996729856294 54068.7115139608 0.09551751071832942 6617254.856937014 0.2116211601459363 0.14226858571535497 0.21034029581621533 0.13577206191289723 0.1466687031744735 0.0920808465094351
540 795134.0 0.1745640354768484 0.1103844960356099 53831.76409883854 0.09556100981616034 6666156.681052706 0.21167283237195478 0.14230079892396064 0.2103647651356907 0.13589256241329858 0.14713940128333988 0.09221295790568709
550 800310.0 0.1747659764020836 0.11041319114529127 53733.110765898295 0.09555818930615967 6720216.44574875 0.2089142019963397 0.14173193584174174 0.2103635109317155 0.13600370786769073 0.14721168294877768 0.092298839220799
560 819539.0 0.17503748288373738 0.11057823789592933 53540.758237408176 0.09551697614055735 6778635.05444648 0.20877633400951956 0.14119530049186457 0.21033595786637307 0.13609913137797106 0.14745055065553375 0.09235716044727788
570 834755.0 0.1753845859848999 0.11090523009225257 53239.96656275147 0.09547774715569564 6836545.135739989 0.20867904566738535 0.14076601860395999 0.21030831081751958 0.13618709796927 0.14769268510834413 0.09270346727892534
580 850243.0 0.187786368805851 0.11178717312694184 43671.32227489543 0.09555219038296497 6870508.189611384 0.20895412343344907 0.14008199172132949 0.21028037732812402 0.1362562869493205 0.15244616110678363 0.09313811039259426
590 869241.0 0.19573274119081727 0.11235269070586529 38559.723074982 0.09579010858127951 6877743.371091327 0.21328287029833104 0.1371538774625707 0.21032996410925187 0.13627298995919016 0.1572445284073965 0.09342843307634946
600 900485.0 0.19665426225615484 0.1126684555525496 38079.025556112 0.09599241615900961 6888942.76021457 0.21312350264003105 0.1370217528149632 0.2103782786247634 0.1362866206547518 0.1577244095478313 0.09367448765318538
610 912136.0 0.19704888051368838 0.11276770611624003 37969.46669718574 0.09617550168686956 6902619.197732493 0.21283219498537315 0.1358681608451794 0.21042088906695253 0.1362892122239215 0.15810892553601272 0.09373715982569134
620 923548.0 0.20135193267921206 0.11522282731817318 36299.96038085051 0.09642128347836898 6906535.441408426 0.21425939894112922 0.13732243436358868 0.21047130292594168 0.1362962096237175 0.16040280459641032 0.09509546544740029
630 931957.0 0.20145962004954246 0.11536461081933619 36323.374266388855 0.09665938458888401 6911802.805766433 0.21426065341046263 0.13731936898038077 0.2105313090013682 0.13631243163538176 0.16058776977890887 0.09522759078444629
640 940875.0 0.20150541102749975 0.11537404771789853 36313.37835857492 0.09685738312069571 6922175.524219356 0.2139726351036414 0.13727126000062553 0.2105877034921545 0.13632784263439798 0.1606926287719226 0.09526597306367396
650 955626.0 0.20276737404903286 0.1219774414849511 36267.45837590269 0.09703814735758301 6934816.349308194 0.21473092371283864 0.13748366681213114 0.21065217303594228 0.1363439665572931 0.1613371689791863 0.09702945259629873
660 966843.0 0.20381549517241404 0.12216282601854164 35778.48578216608 0.09706771334846706 6966491.696287098 0.21072060839913057 0.13684921845603232 0.21067726864378042 0.13635464137648565 0.1621463966525044 0.0971935021526475
670 977082.0 0.20393416426241007 0.12224389628216098 35752.78266022027 0.09709640975138394 6998265.235177967 0.210722467284972 0.13684930259020797 0.21067793670434706 0.13636201312591756 0.16222520313768887 0.09722368684156872
680 989878.0 0.20397953713560402 0.12246756744884156 35916.043547507266 0.0970832759736694 7036025.6575479545 0.21066210423139967 0.1368586972823172 0.21067790942192174 0.13636908101490608 0.16227148345928982 0.09720959833507889
690 1022215.0 0.20420003366127687 0.12281251513340105 35812.84076139638 0.09705231082474858 7076227.640819902 0.21064338879969172 0.13683753832503218 0.21067762516884941 0.1363761337940779 0.16235353732662708 0.09753406939173269
700 1038287.0 0.2042971731424525 0.12286118774323246 35795.515771984494 0.09702221793354383 7116295.112586148 0.21064697830612603 0.1368448251454926 0.21067712865588187 0.1363827247241411 0.1624804180694711 0.0975791837488527
710 1065005.0 0.20455124251872772 0.12319138697056806 35803.33817979733 0.09699296095598364 7156256.2731441 0.21065001750274917 0.13685660787227502 0.21067670133694177 0.1363892864261583 0.16255282162535456 0.0976049657365361
720 1077974.0 0.2045837761386894 0.12335812225171658 35826.71620974802 0.09696457682357115 7196119.993836448 0.21065353575585866 0.13687215308395137 0.21067636052026603 0.13639589736337224 0.16259650525370226 0.09770229632273329
730 1097414.0 0.2070909421790824 0.1234786592885006 34746.41888079812 0.09685817295090468 7246770.3355876515 0.2094069509353078 0.13671362544330845 0.2106592589634072 0.13640058605515465 0.16213598358353187 0.09770448715591105
740 1111306.0 0.21466606393932064 0.128108902915894 31249.195831919806 0.09676287440464106 7292983.569836824 0.21296776098376996 0.13835617982560813 0.2106664920545 0.13641709062482807 0.16562364279588565 0.10047652881465931
750 1128681.0 0.2150190913253809 0.13137248046551056 31225.278015825705 0.09662262723615005 7346695.781056472 0.2103349422614717 0.1394770824089405 0.21066905529055496 0.13645461411434398 0.16549525762370673 0.1028180302518984
760 1144992.0 0.2150749654852188 0.13157220043123655 31225.526220520063 0.09648603798146403 7399948.817306913 0.21031743799571323 0.13947500975523278 0.21066461690605434 0.13649433042834 0.16543836882045787 0.10292038077814743
770 1160673.0 0.21511529686898787 0.13162305928053067 31226.641345980832 0.0963529510153597 7452759.504602705 0.21031743799560984 0.13947500975523633 0.21066011393704734 0.13653299034178856 0.1654029692288248 0.10297874364036202
780 1175559.0 0.21513920664059985 0.13167376726436655 31278.851430878 0.09622183013202008 7505417.294534975 0.20957515158004586 0.13872396982120172 0.21065002413889994 0.13656489112749 0.1653521062795281 0.10302215010140141
790 1192984.0 0.2217148471752198 0.13273732264442595 28632.052419678308 0.09611535394957652 7551994.610952768 0.20917762270430124 0.1382097435061255 0.21063533895884703 0.13659022071661805 0.16996921533810433 0.1036034161500164
800 1201044.0 0.22449583298588902 0.13408569061286119 27756.60586000423 0.09597644558080269 7603819.514381159 0.20214193607754274 0.13510101809094707 0.2105560102624526 0.13658042105821014 0.17155756636111122 0.10406484510772719
810 1223610.0 0.22621765337867303 0.13450223618667675 27169.816599156013 0.09587046414488737 7649418.680097053 0.20250992581037733 0.13532861974072827 0.2104559305125649 0.13656445849727758 0.17160340460454604 0.1041585948196699
820 1237407.0 0.22791642252246952 0.13462793607093332 26708.345407231627 0.09573254376629733 7700639.193423841 0.20322672719581772 0.134943979824535 0.2103650626249554 0.13654775052205248 0.1720718238189659 0.10401965620040157
830 1252100.0 0.23254233377060807 0.1379380527266891 25290.797455887983 0.09561426703778633 7747348.061997356 0.20161973058581456 0.13512639857174397 0.2102638565215416 0.1365299083482926 0.1747890362818505 0.10597531661005327
840 1273534.0 0.234200962193858 0.13831894436820383 24786.644423874273 0.09545536010825262 7801629.313827495 0.19894712159545616 0.1346194057848551 0.21013882736305206 0.13650899984975076 0.17606812450990658 0.10631848594281922
850 1290842.0 0.2359262157927203 0.144102872543982 24315.598631636367 0.09526790911221758 7861508.929923202 0.19779882505516386 0.13394508858255283 0.20999649494721923 0.13648045947902385 0.17708857157857824 0.10929193594654805
860 1302610.0 0.23611557218152648 0.14420056210156093 24315.4106696248 0.0950986082324708 7918065.979694883 0.1978185103831711 0.1339696133646851 0.20985485215826213 0.13645110379088804 0.17709353992419513 0.1093589615110123
870 1311786.0 0.24250918759345969 0.14813445621915108 22529.627099209134 0.09495851642339397 7967854.6775755845 0.19875406673858292 0.13446457909909126 0.20972202764962908 0.13642433355664402 0.18034144373497216 0.11255546424426126
880 1321328.0 0.24565612218572805 0.15079937465102738 21752.031560843345 0.09482252523491183 8016473.454769633 0.19766728842558226 0.13456278038826197 0.2095876646126095 0.13640298062331582 0.18161016464833454 0.11383121642687333
890 1342528.0 0.2485984503459019 0.1512152414860467 21035.70641038914 0.09475958690167482 8049879.874788699 0.19919885974151036 0.13262999463122985 0.20945763914063653 0.13637795654114715 0.18243730809452197 0.11386531471699593
900 1356207.0 0.24893188069931718 0.15143065935661668 20988.973035567295 0.09468277732234771 8086083.022839192 0.19906360532507467 0.1329079646784246 0.2093424753639709 0.13633875811060897 0.18239627004385658 0.1139346361471214
910 1385454.0 0.2490129034194234 0.15146264891839814 20986.022211561925 0.09460763751648422 8122001.035564205 0.19905691284218882 0.13290230247539656 0.2092296088402142 0.1363010731299615 0.1823176312832535 0.11395246493199566
920 1400706.0 0.24912807664567047 0.1518300865913891 20989.30269098627 0.09453427355186603 8157614.055729369 0.19903745344051266 0.1329758341743782 0.20911900822725957 0.1362647273447065 0.18234246929304943 0.1142923042010707
930 1413906.0 0.24928237654756613 0.15188190286884365 20956.716880644854 0.09446247052266525 8192933.880216826 0.19903745344050575 0.1329758341744183 0.20901072085038805 0.13622940088745283 0.1822645240938254 0.11429734568666793
940 1436249.0 0.24948941530202212 0.1522168533623768 20922.159016334637 0.09444429494877953 8217444.155322997 0.1953837473451844 0.13272399774307092 0.20887997615482948 0.13619163249731245 0.1822786709634433 0.1147432078716111
950 1453296.0 0.25040844500574744 0.1571621086602311 21078.317163299733 0.09442924861361995 8241485.2870388385 0.19408166270933208 0.13645985232769248 0.2087257000430963 0.13619027033336198 0.18208649071696514 0.11631093840328961
960 1469800.0 0.25311745329675794 0.15725692930274854 20410.968278424305 0.09440891794673045 8265950.05761419 0.18583682582886876 0.13569630204815902 0.2085070594995518 0.13618575383570572 0.18270178356807884 0.11633176944239534
970 1483559.0 0.2533333329952139 0.15743379598805696 20392.46637893845 0.09438900219141011 8290318.063619491 0.18583572361783796 0.1356962338242743 0.20827358302650706 0.13618071288125982 0.18262354518890014 0.11637334603976218
980 1499381.0 0.2534909907066518 0.1575430878293505 20745.36599864251 0.09434524658747433 8319831.042173091 0.18511483243635535 0.13560905628249637 0.20804008617926514 0.1361752857509982 0.1824295574256908 0.11639500679499211
990 1512410.0 0.25384018731034436 0.15761150062679044 20751.07697712476 0.09429146914892028 8351417.451267781 0.18555174643766129 0.1363224782100034 0.20781362909362947 0.13617401976528629 0.1824233206238664 0.11642448148942805
1000 1521572.0 0.2540034573408054 0.1576898452773873 20807.078587216183 0.09423875661013958 8382860.4329187935 0.18555174643764918 0.13632247820999946 0.20759123266349983 0.13617550286663202 0.1823241049035892 0.1164814039572805
1010 1530862.0 0.25404014479308684 0.15846847712172665 21012.510360473203 0.09417185871048932 8417433.27858297 0.18399518397891726 0.13632716266970696 0.20735923845816842 0.1361771599176389 0.18217824492811524 0.11719063517158625
1020 1545971.0 0.25504828460151785 0.15988926462074923 20831.731336757097 0.0940807474784976 8457003.893412009 0.18238235902401562 0.13434110443461453 0.20712148262491528 0.136164544602618 0.18264230833106077 0.1182372902305736
1030 1557447.0 0.2572527048249955 0.16317746076893655 20325.390124851285 0.09400887605254332 8492184.832942938 0.18324707005535953 0.1350132890673287 0.20688901132530133 0.1361527722877747 0.1836248708560172 0.12031889409895177
1040 1572249.0 0.25733566603842273 0.1634677185996168 20322.378535764597 0.09393815411957371 8527171.464254647 0.18325476392815948 0.13502297432508437 0.2066619181025202 0.1361418504546333 0.1835323284280042 0.12047703627844232
1050 1591157.0 0.26764414396046066 0.1636908095760884 18196.013098825362 0.0938680321264054 8560413.188240789 0.18374408228381697 0.13508285722515956 0.20644322551832434 0.13613190297140518 0.1898363779880755 0.12066911876288165
1060 1603867.0 0.2708799909025937 0.1648275398888918 17583.21564970921 0.09374152164635045 8605945.721981417 0.18373568201700294 0.13414289608563906 0.20622627065141283 0.13611644091544334 0.1905713435351314 0.12122650470820208
1070 1621136.0 0.27546453655773023 0.16496330378992055 16749.405872307143 0.09361735395296318 8650579.76738029 0.18463688978898443 0.13368068204254463 0.20602054235636327 0.13609588454864124 0.19130298261972786 0.12123925469252403
1080 1642089.0 0.2755360881375296 0.16515210596453442 16742.18020121099 0.09349530649139504 8694879.778030103 0.18456097248130757 0.13393744897767498 0.20582282643927982 0.13607356224259093 0.19113349410300667 0.12129422245955515
1090 1657384.0 0.27584429668954635 0.16747371530217647 16795.747531427493 0.0933769963480487 8738497.765473008 0.18445877735871782 0.13325352823640663 0.20562340946021587 0.13604773879937193 0.1909452664202376 0.12186178579006277
1100 1671304.0 0.28013785200498903 0.1675184128054189 16079.852073956523 0.09325886339791715 8781768.504520504 0.1870985544884809 0.12818228810140508 0.20543679067179024 0.13600812976942284 0.19294013406614582 0.12186789353196616
1110 1685140.0 0.28276667437360975 0.178903114644732 15706.35239719217 0.09314283996475224 8824448.795435049 0.1860683963113318 0.1302492811602723 0.2052634463740645 0.13595158637085888 0.1924170851406642 0.12943581973598892
1120 1714861.0 0.28501057667510926 0.17926321261534714 15360.623715942826 0.09306510736313339 8857870.05547161 0.18649127199080645 0.13023646434445377 0.205094713254959 0.13590089117810955 0.1929253701778481 0.1295421718866242
1130 1728382.0 0.2851009472097888 0.17935734223659142 15362.06695120851 0.09298873849136752 8891034.546463815 0.1864838501971623 0.12987273526546125 0.204930197226023 0.13584920306146986 0.19279383577522174 0.12949751947820884
1140 1744297.0 0.28795247943108165 0.1805686061570656 15022.164158005973 0.092932758921398 8919139.261482256 0.18631310628244957 0.12997689404835355 0.20476842649710766 0.13579678551419788 0.19472030818542757 0.13044896563243633
1150 1753692.0 0.2885285028003042 0.18145040265137694 14962.352076647894 0.09287596735863596 8947424.35719367 0.18611561794700357 0.13039080802355799 0.20460624485808387 0.13574794228470877 0.19519428059110258 0.1307946604758548
1160 1779933.0 0.29566897016058236 0.1840127700031895 14109.724281918001 0.09286752066382459 8963518.010276577 0.1922336358916692 0.13174700454117869 0.20449267337215823 0.135709761647664 0.19793852732735442 0.13209224499840502
1170 1791192.0 0.2961150956275066 0.18444973210796484 14140.020250015168 0.09280773125352763 8991912.801287033 0.1960501163299752 0.1337783677678915 0.20439383843214656 0.13567940926566055 0.1979419494357617 0.1323147784565692
1180 1803942.0 0.3042374585499148 0.18512938513475233 13071.469378566868 0.09284220540285092 8996829.247962318 0.20175466797793187 0.13207870878235276 0.20434182076307142 0.1356520635669751 0.1999129632369019 0.13237647123598884
1190 1818569.0 0.3043863545116556 0.18515559057120368 13112.257312985364 0.09287610498301882 9001939.693114415 0.20163703262979285 0.13201786927543951 0.20431960022329718 0.13562180034772556 0.1999234605189248 0.1323424576267464
1200 1829330.0 0.30442858968949227 0.18527920058062208 13120.294853912876 0.09290942357502653 9007207.654641813 0.20165656593903475 0.13201894968290445 0.20429734542780276 0.13559179709319963 0.19990280195533294 0.13230769079667262
1210 1847708.0 0.30465923497104025 0.1860663042832414 13096.558668297224 0.09294479300533172 9011983.571993718 0.20160802625006788 0.13011998698809626 0.204275231719578 0.13554974966722325 0.19996571542093428 0.13286967346474443
1220 1865528.0 0.3048325759857715 0.1878550097767629 13077.43502341123 0.09297215101432503 9018617.697947038 0.201254901204209 0.13069235644706015 0.20425165201040704 0.1355080924325365 0.19992019478616055 0.13376320469434552
1230 1876935.0 0.30489044558032785 0.1879685530721828 13101.39114731452 0.09299906776510879 9025389.711314475 0.20126132642675956 0.13070601855002056 0.2042273445285578 0.13546904960146045 0.19988031893155642 0.13371305441771397
1240 1903110.0 0.3052640974956714 0.18850557271593613 13116.015030553188 0.09305527847834386 9025433.539444145 0.2039973623749682 0.13123846762386393 0.2042123428712564 0.1354323787154366 0.19981594414313036 0.13357841838356177
1250 1912041.0 0.308631842289765 0.19475784186735484 12732.703281944609 0.09310318938406574 9026945.111024765 0.20073428291765147 0.13323037724546055 0.20419160094036198 0.13541240913431996 0.20108234330872454 0.1341895381208857
1260 1925073.0 0.30879695606696883 0.19477958488858085 12717.614521959058 0.09315034578733532 9028637.604533834 0.20073206626313475 0.13322986040509793 0.2041641731210487 0.13539510269504113 0.20102756442727443 0.134178165045774
1270 1934783.0 0.3089216333852086 0.1950323534702848 12729.113536756717 0.0931967653718038 9030537.810576374 0.20073111203293134 0.1332309548682358 0.2041371737883968 0.13537807486670458 0.2010274357976513 0.1342127016456828
1280 1947656.0 0.3090910768205119 0.19509278776704014 12743.62185943267 0.09324246527279215 9032644.231575614 0.20053162419361206 0.13322861043497455 0.20410934501164696 0.13536129942097005 0.20101440012982724 0.13421357443603127
1290 1958260.0 0.3092548948625546 0.1961787714199923 12769.764866567295 0.09328148018934863 9036336.281558102 0.2000117233509307 0.13313380471505354 0.20407862540307836 0.1353441902688847 0.20105245146939402 0.13448291790200043
1300 1966232.0 0.31014241504779017 0.19727782456903076 12668.512047943856 0.09332059976006744 9039902.616257463 0.19959983972801143 0.13305478704453033 0.20404357252914207 0.1353258316901864 0.20138539558569174 0.13507628625404236
1310 1980422.0 0.3107410378970773 0.19745510871951524 12600.96132019035 0.09335818910209988 9043757.875835087 0.19970976539324772 0.13308463865372722 0.20400992832546894 0.13530857700549606 0.20126684990159555 0.135080765787165
1320 1988528.0 0.3156909702212901 0.19796616265423775 12062.877710300672 0.09339521319086866 9047132.179499961 0.19970738069877988 0.1332407562340354 0.20397735919163598 0.1352927054608804 0.20397173668957116 0.1352964939395207
