1 394.0 0.17586066259407293 0.18109371038476396 27347.20301490258 0.17586066259407293 27347.20301490258 0.5284177122677888 0.5851662221072496 0.5288547677561415 0.5814727380032667 0.1758606625940714 0.18109371038476454
10 6545.0 0.2028929222629015 0.1909185717335866 18700.427150915122 0.18460830976110326 45134.08843769776 0.5432849837554173 0.5851198360625087 0.5366438954718801 0.5840032291107232 0.19276263120066744 0.18665464798739967
20 22327.0 0.20365216849352702 0.1923560524667891 18519.187024851424 0.18651582154710145 63444.775885671035 0.5396447599004187 0.5863263671180825 0.5388038264039599 0.5848940515107633 0.19545574659775744 0.18831646164559765
30 43865.0 0.20456679985483336 0.19489919101872905 18383.73381452026 0.18715407210531063 81752.72870993632 0.5413648885485557 0.5885159627051157 0.5392633822685561 0.5850589845062594 0.19663505998630285 0.19037092693116853
40 60613.0 0.221892402147065 0.2036380005227823 14679.6718589436 0.18895489461569562 95867.65188758067 0.5611985231241141 0.5917390238699597 0.5429613044211469 0.586784940220439 0.20707503276175498 0.19609631673221078
50 82105.0 0.22366142722857313 0.20424507827658378 14780.905896674763 0.1896012905758143 110443.5449040771 0.5628542044585155 0.5939627668758571 0.54673571830993 0.5882613105052868 0.20767850602531557 0.1970915441982297
60 93055.0 0.22530788245371489 0.20928085306306518 15076.141537174519 0.19034760613891893 125318.55683824189 0.5478701530160829 0.5878579816119751 0.5491396680557273 0.5892080258138113 0.20902346363588212 0.20077469513515064
70 102118.0 0.2319047488607167 0.2134919952188377 13819.530187599446 0.19067542371203072 139000.31882993478 0.5471667091473797 0.5900767063749567 0.5488764714492566 0.5892720162443739 0.21406731012080857 0.2038537491142967
80 121843.0 0.23222977959556912 0.2141613656438499 13826.08769371753 0.19089381273434236 152734.71442534207 0.5470244702117306 0.5903044508525119 0.5486597965296346 0.5894439433361954 0.2140265767939445 0.20379759247306453
90 159012.0 0.23508428812284393 0.214894572884922 13516.587196232149 0.1912368630289087 166098.90771396566 0.5481722561305736 0.592280680516437 0.5485168928285521 0.589581443043658 0.21589191250273937 0.20420067779831577
100 175381.0 0.23938389488785153 0.23930076247542165 13196.571722321161 0.19125882178974357 179284.02857252554 0.5399564625448456 0.5894159397156907 0.54817334069578 0.5897693812855069 0.21886991160874267 0.21638264368087742
110 189375.0 0.24789351096300818 0.2532939363535442 11904.688215220123 0.19169994521334807 190886.29444218194 0.5408198023715237 0.5970527631828842 0.547470119198981 0.590176427900917 0.22360904488017125 0.2254913265022751
120 226200.0 0.2558762942009054 0.2724584093071579 11005.757254251977 0.19212412872575463 201534.95862359027 0.5339913491264916 0.594957116123662 0.5467208093028277 0.5907340175284117 0.228126245563989 0.23779297071461328
130 242662.0 0.3030479871799522 0.2889682860122862 6660.6353375403005 0.19285607362938936 206965.56555979725 0.5529483375925861 0.5903828883895714 0.5463970160819891 0.5910669207937946 0.2446874737156926 0.2440115782519941
140 258256.0 0.3134653178027815 0.289866391199798 6045.603039825438 0.19310334945337904 212556.31729192068 0.5433103285540796 0.576738789248008 0.5461011294745223 0.5903006359795505 0.24932293236292052 0.24369325746357506
150 281288.0 0.3229671715616513 0.29746615776464364 5624.344378048637 0.19330177845770108 217797.63227244487 0.5440151438370633 0.5786693085745198 0.5458343479348075 0.5895604937304746 0.25311892566204963 0.24759234077511774
160 303648.0 0.33190488507352517 0.3014446371371588 5184.753587009969 0.19423834330696169 221171.9388235209 0.5438744367850277 0.5758153360843985 0.5456980131302456 0.5887719747341158 0.2586109017349561 0.24931091769267502
170 321655.0 0.34270346205100305 0.303477156265429 4711.899566253406 0.19550609838607572 223384.67510163976 0.5461770759024924 0.5794943358139137 0.5457072673517066 0.5881453149157719 0.268477866251138 0.2502902068229615
180 333544.0 0.3557561666548486 0.3283984902661221 4292.981540251503 0.19692819530315103 224818.85944541436 0.5566356470853251 0.5905914669785737 0.5463233569613517 0.588074455559927 0.2768836215802334 0.2600314851062279
190 349521.0 0.35867714412999135 0.3470342548792811 4256.2227322162025 0.1981277372927175 226699.35072993764 0.5632918115796287 0.5810004704215274 0.5470983078323624 0.5879290147618029 0.2789056890051294 0.27691401563077167
200 361242.0 0.3624264253827216 0.360260193313676 4129.896140722976 0.198792093194121 229473.0456604224 0.5633369062473175 0.5832573853545654 0.547887103035904 0.5876693285626018 0.28077773584288246 0.2814080852146043
210 396624.0 0.3690448027107267 0.3666448303431153 3953.533956417632 0.19931368661784846 232338.23632116686 0.5710166956101621 0.5855517881883044 0.5486848686634075 0.587499043013627 0.28533510677564583 0.2838068641723278
220 404730.0 0.36946036837734086 0.3668421585866588 3948.6633636905794 0.199528641518316 235833.14169962791 0.5695016803368262 0.5857396501932102 0.5496335211723364 0.5874071351580539 0.2858052898879954 0.28374968547791884
230 420493.0 0.36949412107292123 0.3669107081773643 3994.1891462368158 0.19972568351041128 239416.2462055237 0.5695452483145036 0.5857434214791403 0.5504939445124852 0.5873346762654607 0.28620660522958014 0.2836760006033247
240 431047.0 0.37307452787860657 0.3738877429177234 3926.524517825871 0.19965945278687233 243485.10589255067 0.5583566459581086 0.5932671123788238 0.5511354552567266 0.587586707784683 0.2880519605843798 0.28768486230245965
250 452728.0 0.37492540456557355 0.39973421053584857 3887.3028548672655 0.19959796324573986 247505.59877677695 0.559683525111977 0.5955263675309507 0.5514582859805043 0.5878898801737145 0.29044527814571236 0.30003731775171333
260 469996.0 0.3778940320166855 0.4012062902542818 3815.0288910570785 0.19970677135612758 251085.50206401545 0.5505421903322455 0.5896183975793678 0.5516374683700277 0.5880505405197038 0.2915354048571342 0.30031751822397257
270 486518.0 0.38566607862835994 0.4104386278940968 3709.6139574131944 0.19998473883862933 254195.1362611301 0.5585603605054059 0.5759207732977271 0.5514853393611566 0.5873969240956701 0.2985399490895684 0.30296835200384503
280 505768.0 0.4000083494313546 0.4120569562556304 3369.865530846246 0.19975548925583264 258114.44647742153 0.5586473875285818 0.5713311648027676 0.5517292479446702 0.5869641869220898 0.3078123526999664 0.3031352294355411
290 521159.0 0.40845353969787984 0.4138267357705117 3185.8755439648025 0.2009894554724211 258639.96038796712 0.5673599733075649 0.5716387608328085 0.5521441780507725 0.5864346001913392 0.31201929586251487 0.3042861463448685
300 531891.0 0.40895729553130944 0.42156101623442266 3220.8594927229888 0.20208215230123694 259561.10839566996 0.5658943517131632 0.5729553218623498 0.5526498956471141 0.5859840067547024 0.3130088569516661 0.30608146891914906
310 561011.0 0.41019176469837965 0.42403284972761257 3228.6807872930704 0.20307714712923552 260733.9051084914 0.5647097237995954 0.5621438702966776 0.5530300044093429 0.585413257861716 0.31365621196922105 0.3075376619819755
320 587011.0 0.41132562944383816 0.42470578318522567 3248.244532202663 0.20395567240080362 262195.6139008584 0.5649818381806289 0.5558284779897251 0.5534046751860775 0.5845025231563171 0.3144765445907526 0.3070381084697015
330 603204.0 0.41383702374834913 0.4358842206230383 3229.1550124038295 0.20472781066364795 263859.9138592543 0.5671035148368471 0.5588445701052638 0.5537654755101293 0.5836326374616155 0.31562397773848966 0.3099031557309644
340 623260.0 0.4150205373953546 0.4378483237380808 3291.403985295975 0.20539843684808345 265823.1037068375 0.5677820384905642 0.5603284647842929 0.5541515921660838 0.5828844577696894 0.3160204525156289 0.31013216534328564
350 641020.0 0.418670552467146 0.44180627432188646 3243.971789111467 0.205933109224045 267990.85337463603 0.569436874071672 0.5628804985817139 0.5545568904194123 0.5822631302948903 0.318657997893053 0.31199684706165826
360 657208.0 0.41941751067313077 0.4478710625779859 3230.8549039845266 0.20628878099727527 270493.14772831317 0.5817161035808296 0.5681171615810282 0.5550149352043854 0.5817956073134329 0.319134567789168 0.31399874762554164
370 679827.0 0.4329592293780665 0.45756546361492006 3005.816503766569 0.20552433752647475 275399.62601236743 0.5702445564305156 0.5695804138382821 0.5556192803934799 0.5814559247293688 0.32257958127756176 0.3151837641838536
380 699446.0 0.4381134346769339 0.4655016221834189 2966.487886319555 0.2049113896026707 279903.4072931596 0.5775606061916698 0.5658930597361295 0.5560523394905471 0.5811344632783313 0.32675800469522615 0.31913273905198536
390 720525.0 0.44143992650940755 0.46808258026696087 2926.5234048942502 0.2043949375420754 284140.17652931216 0.5805487356510668 0.5681061960063448 0.5566563081227897 0.580810855016836 0.3284914931030277 0.319610520489492
400 733448.0 0.46444156907633904 0.47793861110910485 2604.316637400575 0.20410755720958548 287511.4478337858 0.5778076844833337 0.5660234614702854 0.5572385964774327 0.5804805853009213 0.33945084141113463 0.322983933268411
410 749916.0 0.4722198730979628 0.48882850128638533 2502.4240578794606 0.20383833714637958 290751.23442920606 0.5788891526409461 0.5724107260729916 0.5577631587357873 0.5802116530179899 0.3416985650845235 0.3274370751380778
420 764320.0 0.4735757283501188 0.48984130709336116 2482.6702360537474 0.20356644147897995 293986.8532932315 0.5789633096700537 0.5725009624274968 0.5582672185522972 0.5800296323071386 0.3425494936312823 0.3274794022549573
430 780209.0 0.47452770206679756 0.4924238027726144 2474.4310312965868 0.20309635172693738 297804.960061707 0.5801622157413511 0.5678926425598736 0.5587506342303045 0.5797726803733179 0.3429621480493177 0.3281675444171468
440 802626.0 0.48599179665835984 0.5113532349320679 2305.6256072262677 0.20265492437027544 301425.9046245517 0.5808320137590249 0.5690243384227857 0.5592411581760346 0.5795147637501766 0.3494687279961188 0.3392882805263578
450 816982.0 0.4860548010352214 0.5187875204306074 2305.2278853471053 0.20223316514110273 304998.6642046372 0.5802659894161031 0.5705786865293347 0.5597021277705765 0.5793197200742123 0.34981719446271686 0.34250788088591294
460 841100.0 0.4896961951526736 0.5224656625152959 2270.8363070998985 0.2020920964565307 307686.7209719462 0.5707366063691279 0.5585224433811987 0.5600384355413588 0.5790389937505821 0.35309483676479037 0.34431046812417454
470 860127.0 0.5025619472684363 0.5378360992986301 2108.1404770172494 0.20210601230825823 309752.8286630052 0.5717250254261428 0.5563710959837668 0.5602863943520222 0.5785592467748719 0.36303347739696695 0.3564752030984304
480 877431.0 0.5179105851270723 0.5547319982923501 1974.1052375817394 0.20199309762765122 312083.36747351504 0.5767237061879213 0.5450667212605955 0.5605301284167139 0.5778588415144883 0.36812210879695473 0.366168058140293
490 901366.0 0.5188829469327392 0.5592143088649064 1964.9940680080344 0.202142474807241 313588.846108845 0.5738991687435188 0.5493056080723321 0.5608078930891528 0.577259381921937 0.3681288884092774 0.36921499480104053
500 920126.0 0.5288113342045048 0.5694007437024108 1859.4055766711278 0.2023883434952692 314683.76692323637 0.5731183494548125 0.5563102775865062 0.5611216486945799 0.5768379735312263 0.3730976008454694 0.37441075831617143
510 932406.0 0.5349312525614629 0.5777346528006775 1804.1861564397068 0.2021373933550183 317319.31413769815 0.5691492095579717 0.5715120190320144 0.5613953694764943 0.5767895334768705 0.37475764513275905 0.3791469841049544
520 943359.0 0.5411421265293612 0.586110647120915 1746.672340554124 0.20169632232759618 320582.8102625995 0.5583743729880208 0.5775217733276288 0.5614088161571679 0.5767556084117512 0.3794116276986659 0.3821057012993462
530 968773.0 0.5446777622535678 0.5984648757688911 1724.5657292669089 0.20132059488565282 323609.8254922527 0.5521052636037209 0.573677170917943 0.5612971696210463 0.5767581567244096 0.3812109055211853 0.38518065335954316
540 991004.0 0.5536179832882179 0.5993648683196081 1646.2082460021584 0.20088866704534128 326799.1246997873 0.5473754213300697 0.5738405827200078 0.5610712241179883 0.5767063425822886 0.3819442816644465 0.3861511739088407
550 1020521.0 0.5547450543968211 0.6032583447909549 1662.5648235186009 0.20011141489121848 331352.7231747608 0.5434765410655098 0.5687895746499957 0.560756464781397 0.5765469401781117 0.3824442074530216 0.38848177643874676
560 1038368.0 0.564698477996153 0.6346061840495753 1579.0803385408929 0.1994030024917683 335636.8809115589 0.5437198211437273 0.5748674768858164 0.5604514745754808 0.5764844969716106 0.3899124944522245 0.41338828096533325
570 1049901.0 0.5813384016914339 0.6417696755787223 1456.3900495285104 0.19892097925475283 338967.276251215 0.5349357168519641 0.5783582530313782 0.560067038498013 0.5764650604939263 0.4011218954314716 0.41652893705501437
580 1060445.0 0.5817066464916621 0.644033014439773 1458.59571458451 0.1984517628546212 342267.36639681656 0.5350670960747503 0.5778458675926873 0.5596375219768374 0.5764992288630643 0.40072707162938875 0.41844949260774955
590 1073597.0 0.5824834256259019 0.653372580298464 1455.9058344182613 0.19804619113592273 345323.34205563227 0.537989108884665 0.574730956267269 0.5592333359152355 0.576454955586391 0.4003770287476746 0.4241749388568111
600 1088563.0 0.5873219883510393 0.6580096481619564 1428.4670867054708 0.19763482832747786 348399.7518820941 0.5357534369732807 0.5760168569990071 0.55887118521334 0.5764637229560694 0.40101812077718824 0.4252460096751887
610 1107360.0 0.5912669096984033 0.6631844449015826 1406.6154762364697 0.19701213574457574 352386.2319967398 0.5284665017016451 0.5829471389834753 0.5584488996727913 0.576532472025609 0.4046034955906137 0.4290252867805907
620 1137237.0 0.5942920635303812 0.6754347933727824 1424.2079386155845 0.19641471461312182 356307.0962820334 0.5214211129889553 0.5609768756576091 0.5578868363570562 0.5764535813387908 0.4055283822990897 0.4351223687793129
630 1161800.0 0.5968886569443108 0.6796647246300971 1416.2491603006977 0.19569381585919943 360818.43036348245 0.5183897598040664 0.5592759748127427 0.5572669798687911 0.5761852986033787 0.40609624833849306 0.43502038446890023
640 1176146.0 0.6118560459856899 0.6916614897021174 1318.7952351427632 0.1949314019530381 365534.2836703484 0.5241841943677473 0.5573842254697632 0.5566063061280787 0.5758510332954878 0.41263525402681334 0.43719250968329976
650 1194684.0 0.616177866598402 0.6950631952075739 1304.317048368655 0.19424227940242564 369950.8915159404 0.5264594569913239 0.5496132736315351 0.5561378587714079 0.5755170485554528 0.4144692258934361 0.43866287191680026
660 1213310.0 0.6197303071901749 0.6961844065066404 1284.1426358031742 0.19362442401172963 374061.98691689933 0.5293844137072995 0.5513216635627998 0.555700677593311 0.5751496623531751 0.41510893497259754 0.43833281788320794
670 1234730.0 0.6255022801517695 0.6990948694581928 1250.0344234741306 0.19301397183217261 378160.54920061294 0.5301903686830279 0.5513172870956481 0.5553122705578569 0.5747911792852388 0.4169986734319263 0.44021917473665917
680 1243391.0 0.6264240310398972 0.6998077823997282 1246.4138375739044 0.19259415667084875 381359.9873633994 0.5274586119774587 0.5497159068536572 0.5548615015147437 0.5744143506893526 0.4172939380738058 0.440119044418354
690 1271843.0 0.6272390410939889 0.7115975131774819 1249.2572173107264 0.19214863430561963 384706.2912346217 0.5242258625402882 0.5570202008854929 0.5544407346344506 0.5741191360839777 0.41718285444757536 0.4456323920014898
700 1293617.0 0.6325927884029469 0.7230227540119273 1234.6086915744213 0.1916480798772494 388340.97232086514 0.5249262491791833 0.5646539280977696 0.5539850208810264 0.5739164365492347 0.418199750206411 0.451503420779834
710 1316148.0 0.6573115392749466 0.7259769924329881 1102.6797776428689 0.1911648779611038 391841.7215703377 0.5283570333866756 0.5616909280392954 0.5536146806232858 0.5737839433434645 0.43108216798747623 0.4523411172805937
720 1332243.0 0.6644345528564212 0.7340380716976422 1068.8356773435362 0.19061728744293768 395690.905205439 0.526720251534299 0.5600867849673787 0.5532443550922046 0.5735984944192419 0.43489982995496956 0.45740860261320515
730 1345393.0 0.667283406818918 0.7364842134983687 1055.2277887898088 0.19010408370248738 399383.6506909542 0.52424896128647 0.5635754353882345 0.5528720072284485 0.5734185644146168 0.43449595833927934 0.458332318873441
740 1367775.0 0.6696284195131227 0.7371673748893979 1044.9782637636854 0.18960502576956137 403025.6558804283 0.5254644956351916 0.5636336730684689 0.5524886568332863 0.5732831539044295 0.43534088383527564 0.4584403104970091
750 1401159.0 0.6773555762640399 0.752190352006707 1042.2064470043485 0.18918672999201286 406255.0638417254 0.5258561574469358 0.5800133701975944 0.552149803597291 0.573361446211438 0.4379599011289967 0.46296881709196774
760 1408445.0 0.6808632516889611 0.7602130345317991 1032.6090549693404 0.18878182848365038 409426.7398900538 0.5291921170586764 0.5923996074230392 0.5518283854088628 0.5735436851622053 0.43709950465185315 0.46727890790372784
770 1425118.0 0.6829687040446977 0.7611672983058569 1024.282716431462 0.1883879912081399 412552.52416999807 0.5304907573526579 0.5926304243936787 0.5515448901730886 0.5737898494298647 0.43765385570758525 0.4679020492445116
780 1438124.0 0.6840151532427141 0.7788827609309342 1020.0764280398957 0.18799556486955718 415687.31521504297 0.5296377782577885 0.5919776075179733 0.5512656152480849 0.5740376380267974 0.43801729370343917 0.4834351139369045
790 1454215.0 0.710609333206595 0.7823904103175989 911.2168393684531 0.18767339409284717 418376.65070374083 0.5401363729759868 0.5866285582567972 0.5511087494101707 0.5742296493696635 0.44799623522896065 0.4856825774271718
800 1468585.0 0.7159569498964838 0.784834128882615 901.2223415925962 0.18731660136273492 421271.5380708508 0.5387956603609474 0.5818067037014726 0.5510193662100348 0.5743602691796375 0.448386839550812 0.48679911889422167
810 1485384.0 0.7308921012449693 0.81758514446416 847.6520670649604 0.18709767354618786 423351.15172556706 0.540421924236358 0.5785672772297071 0.5508792750985971 0.5743993140391469 0.45372296522959094 0.49815920925209806
820 1500606.0 0.7328932003790998 0.8253911559819735 840.8379339742495 0.18688831436773637 425376.76291672257 0.5385207513519603 0.5807780703738367 0.5507365464897318 0.5744459787932276 0.4534299836210284 0.4985697089717246
830 1520166.0 0.7438983511192699 0.8624135949714361 807.0603845839114 0.18677351860613423 426835.90202594176 0.5374926893778289 0.579259134096153 0.5505767147616841 0.5745263019167469 0.45754167865870343 0.510554327606378
840 1535177.0 0.7635063317339954 0.8679081476364655 758.5538780778077 0.18671878548636786 427907.90089591657 0.5314710624270478 0.5752403126483618 0.5504055081374807 0.5745410323519112 0.46590983297446525 0.5107131930475118
850 1553492.0 0.765397703453159 0.8817828787031469 763.4120925915515 0.18666508072700544 428978.87061714 0.5296555750603154 0.5705153359663225 0.5501752714980955 0.5745225548403584 0.4659854569674701 0.5139153484699714
860 1577964.0 0.7982959848266641 0.8892342585266035 677.1920171881045 0.18698064464355665 427866.6310165116 0.5294439169884584 0.5574662151045227 0.549988830673535 0.5744151643843682 0.4857453194771583 0.5196562237244668
870 1605751.0 0.7985783885049984 0.8941397453503491 678.205774847321 0.187229991655495 427133.1221632259 0.5338091314277864 0.5592043307115627 0.5497604408819883 0.5742246183147403 0.48573029730259903 0.5218477103365186
880 1625425.0 0.8145237997676786 0.8943220755836476 638.8501657292516 0.18753804155284906 426027.958959099 0.5338447371993171 0.5561148149515917 0.5495747802630991 0.5740327694817631 0.4976418141468074 0.5216243013631583
890 1635467.0 0.820147452104761 0.8957653099301524 627.7033775118143 0.1878026106705978 425157.96160980134 0.5265541635865751 0.5549886965312868 0.5493330385140758 0.5738181441688006 0.4989476963829443 0.5216185566485664
900 1667092.0 0.8210578174564526 0.9041314858899335 626.7936420678761 0.1880404536631615 424442.9292281198 0.526569520103769 0.5546159653035259 0.5490793815045114 0.573605550083254 0.49900132837924377 0.5232526148008932
910 1699000.0 0.8308371027235307 0.91250985887889 622.8692499372912 0.18802799531485145 425137.2745178071 0.5081447501341166 0.5356360725811079 0.5486949611910619 0.5733599045215538 0.4991326355179058 0.525953432379429
920 1706761.0 0.8404043778154461 0.92479080519864 611.2442253784226 0.18807765827603687 425464.16572680796 0.5008852348768906 0.5387119096621427 0.5481469834426871 0.5729618826306255 0.5029924744695772 0.5317452199477698
930 1720295.0 0.8461323006156111 0.9264396566339834 600.2622451126715 0.1881444289840507 425682.01477318123 0.5005100772830922 0.5381116191918126 0.5476364917470671 0.57258488708288 0.5041430447140036 0.5322905806068468
940 1734794.0 0.8516880873793589 0.9354215212206831 588.6503056397265 0.18823834282763935 425733.1875681681 0.5066037100357955 0.545308412881734 0.5471434074433414 0.572209205614938 0.5056536598456096 0.5375029890542433
950 1752453.0 0.8617212546734302 0.9393083041208194 570.8941009231177 0.18813647916158813 426897.90462117764 0.5091690767244428 0.5421027701261767 0.5467190022200915 0.5719166866855862 0.5095828738044265 0.5377284234957096
960 1776569.0 0.8998212440931765 0.9617762883795942 504.9732006935606 0.18809399586586387 427654.0071172569 0.5181241026151997 0.5490434481711102 0.5463994270941999 0.5716664531777256 0.5202211085643058 0.5454498768798678
970 1789685.0 0.9065859544596913 0.9690522518250135 495.83079426079786 0.18814434425622362 427853.26753431803 0.5178093091088054 0.5460711084966139 0.5461084705904055 0.5713980205299534 0.5223687096197606 0.5469849161890714
980 1804819.0 0.9129850116722662 0.97311276689388 488.63898209989964 0.1882724755915428 427590.99028733285 0.5094365323479866 0.5384399595944221 0.5457981301839463 0.5711149192217623 0.5244271307814518 0.5481894199765717
990 1827387.0 0.9171405609837708 0.9755222941615456 483.9310434435823 0.18838189849597708 427433.7243571627 0.5104710757366923 0.5405804062501001 0.5454352465588079 0.5707914160191316 0.5258378058255893 0.5489557674419394
1000 1852675.0 0.918069415920411 0.9762667223563907 482.6671322406643 0.18849164858306677 427274.63200892956 0.5197614160286596 0.5404915179144575 0.5451694862766262 0.5704888410305267 0.5263468820078258 0.5489782661672378
1010 1872003.0 0.9259467222672316 0.9822828754431717 471.25379342473053 0.18859674447037636 427130.6413304176 0.5229684049231136 0.5434265393453296 0.544939296279478 0.5702080876704226 0.5282525785876115 0.5515179905195006
1020 1889589.0 0.9281246353970058 0.9851211953140835 468.41908806522616 0.18862717486186853 427420.1657316074 0.5222882700388503 0.547281428333484 0.5447207955308349 0.5699648003414451 0.528630556586891 0.5526458491336531
1030 1918298.0 0.9296885696709974 0.9853173393714165 466.2642664942308 0.1886568952583205 427711.7144339776 0.5221597228725029 0.5470949774960392 0.5445028401344699 0.5697442417749867 0.5292318410790517 0.552609841645815
1040 1931606.0 0.9314258772882892 0.9855732934535942 464.0416409362843 0.18868604955198293 428004.3687036131 0.5226388081949342 0.5460521586008851 0.5442917004565072 0.5695188820350698 0.5296936429042054 0.5525048801550293
1050 1940283.0 0.9347157559099686 0.9897936865747041 462.49346135823885 0.1886926479447123 428428.0132136029 0.518302585287164 0.5495373399942085 0.5440629221709132 0.569314199285482 0.5324721249193367 0.5566112892479168
1060 1951723.0 0.9354662558119778 0.9908618486797809 462.28093082370617 0.188694174114952 428881.30583451845 0.5151542757282018 0.5481710881689871 0.5438025055794131 0.5691209901788077 0.5324266281502349 0.5563993751603339
1070 1966829.0 0.9503187350794682 0.9936046982136334 440.7802391463641 0.18874636785692148 429014.05901247996 0.5178381098433132 0.5478631572381153 0.5435491302711598 0.5689257201720115 0.5395250995462861 0.5579393564475221
1080 1985649.0 0.9573478694178439 1.016734334513378 437.933829242695 0.18876855576908386 429320.7895882438 0.5033128790945044 0.5491021233733331 0.5432418876359664 0.568735797827755 0.5404547190879957 0.5681617352906639
