1 3522.0 0.08470757111102166 0.08087200790374119 260709.82444894421 0.08470757111102166 260709.82444894421 0.16509431859179144 0.17622029905972295 0.16481342018650436 0.17621300935105538 0.0847075711110246 0.08087200790374122
10 12545.0 0.08587629188982435 0.08700445105152149 255748.85233882497 0.08408431874385723 516651.21188708255 0.16990134147562788 0.1773065024917009 0.1657966863049855 0.17722387829905198 0.08489854844376933 0.0846600088143767
20 33183.0 0.08737656178860732 0.08806575378069875 249513.1293966553 0.08407540663742857 766169.926969703 0.17089599244610895 0.17762016391442687 0.16796673590394567 0.17739487892247552 0.08599262369815852 0.08531065011025958
30 49554.0 0.08738957917477438 0.08806629527203962 254871.85160186014 0.08407095058421424 1021042.01611774 0.17055510144474653 0.17838720823586704 0.1686766394165997 0.1775270872283069 0.08601744601049384 0.08504577073266234
40 69627.0 0.0874187050069816 0.0881947212925842 272693.39401174773 0.08406621316456604 1293723.6335922682 0.1704445848205821 0.1728043700216471 0.16911530944827313 0.17702767349258375 0.08603662541567889 0.08478457782921568
50 92637.0 0.08796270892340846 0.0887859676342847 275831.23199214897 0.08405394177031973 1569517.805101988 0.17029785935972264 0.1726846623168486 0.1693553331469066 0.1761554644309043 0.08628473167890723 0.08456594524844309
60 113264.0 0.08796315045779152 0.0888565226561799 290540.4809561223 0.08404310988415407 1859991.5653622635 0.1703172072879523 0.1764745833128826 0.16951046600662062 0.1757717280983452 0.0862785368943008 0.08427189647240245
70 130626.0 0.08830424504029243 0.08890030074006926 294066.45005073905 0.08404028208051967 2154037.9868930234 0.17095109974101072 0.17694005065342183 0.16966556159038187 0.1758811448374449 0.08646354986883177 0.08403598846756798
80 145481.0 0.08859228884999276 0.0906733208737149 298698.4741158846 0.08394019270676109 2451980.925411977 0.16991846895908572 0.1766732396155604 0.16978182516426177 0.17600568594935687 0.08663187051943796 0.08541547889438013
90 170002.0 0.0916458115172501 0.09135047137409746 271384.15944354754 0.08384270393438928 2723489.22180674 0.1732601002282215 0.17730562803905914 0.1701042763700654 0.17610918627365596 0.08756742502639611 0.08557721092374268
100 180661.0 0.09438907729615932 0.09321717668132189 251449.25889798976 0.08397047632060345 2974189.5820706375 0.17331369247379289 0.17761329728745479 0.17041875388471897 0.17623517523203877 0.08947990482171994 0.08678369183808603
110 188851.0 0.09746212853029816 0.09341973572793931 232273.27812772803 0.08360995334649034 3213513.6412025373 0.17200571354408903 0.1761631012968334 0.17060817740610365 0.176282928831252 0.09167266578945103 0.08677825921744822
120 213372.0 0.09911048205645993 0.09440438168341685 225075.11119680165 0.08331266000982793 3445346.124286048 0.1722180899948861 0.17631318893702763 0.17073664265952868 0.17628250726805375 0.09208447165563527 0.08693088541239899
130 233858.0 0.09911303320251522 0.09441779527578838 226158.9482670736 0.08304577919383391 3677583.477501909 0.1708188444181303 0.17507886405341386 0.17090728396190952 0.17620051815212687 0.09206650065954529 0.08674551239247744
140 245930.0 0.10197151147278116 0.09523655022081723 216106.99933208653 0.08301791183713615 3894356.0378462197 0.16987229266158801 0.17535067993798717 0.17084885090871513 0.176110686509508 0.09394178471081092 0.0876809214210543
150 260781.0 0.1021422963660655 0.09753205834885177 223020.76009901497 0.08299300284704181 4117879.7235736297 0.16795447649930975 0.16886165465010033 0.17065881206421477 0.17570876110913847 0.09411838128813509 0.08769692905088956
160 281851.0 0.10222261181859332 0.09759335204597322 222914.51982057962 0.0830202301049169 4340277.772555299 0.1661084673040168 0.16838239630656168 0.17044608365517555 0.175270533721414 0.094167633621451 0.08750363317599737
170 299999.0 0.10280508055995091 0.0982069056337758 222570.56461194833 0.08303991479912778 4562468.790026552 0.1651302673491725 0.16789068078044253 0.17015021710613495 0.17484579167884343 0.09452681857570247 0.08763884312618599
180 319869.0 0.10285017211835265 0.09829811626720288 226079.4243314756 0.08300806489832965 4789141.698849815 0.16538696589716806 0.16751567550639834 0.1698890042859158 0.17445313626483708 0.09456602647219543 0.08747441064636541
190 334120.0 0.10303767447392226 0.09837297118245454 226736.18250085166 0.08268316897637015 5025333.24678022 0.16769541894621628 0.1694297385946999 0.16967077783616247 0.17410879914494815 0.09461065296247972 0.08738594819883701
200 346687.0 0.10424710512785303 0.10167204084628789 222530.78032414688 0.0826996731221297 5247535.664893612 0.16757635392357423 0.1769441369146573 0.16957454221950274 0.17417525140390194 0.09606782475155465 0.08803816664361826
210 363261.0 0.10425023652926405 0.10183299437236276 226295.85185337593 0.08271467610144011 5473576.432998433 0.1676077295417267 0.17683823028622125 0.16947998150348154 0.17430257733892826 0.09609825420056808 0.08811816852356834
220 373308.0 0.10497185506940078 0.10187195804518125 223361.1198266971 0.08276659171163168 5696032.681417996 0.1626388102428429 0.17687585439722148 0.16930838251040944 0.1744206255735889 0.09657115208383081 0.08808179162432103
230 382871.0 0.10506612663688085 0.10293247044097541 224106.43260929608 0.0828354150566442 5919065.08834566 0.1622439740730253 0.17780253903210322 0.1690386543102276 0.17455144572930348 0.0966225779316303 0.08827449282871559
240 399155.0 0.10682430074033811 0.10300826185087152 213647.6539620089 0.08289894805441488 6131139.986028342 0.16209207521220897 0.17429818264751615 0.16875506166062573 0.17459924629546308 0.09771770880153596 0.08829968272580874
250 416174.0 0.10691001461971208 0.10533926488364602 213354.79783561846 0.08281186808204113 6347432.573527407 0.16650017817442295 0.17609348162606703 0.16853002424825053 0.17463215110107871 0.0977456189526408 0.08939689281878697
260 425974.0 0.11125157288427445 0.11048248839769036 192394.16547778164 0.082843707912196 6538349.788661359 0.16645606704463387 0.17599266633378988 0.16845055449547675 0.17468315326122372 0.09972187798863294 0.0917028618551164
270 450462.0 0.11214877934959987 0.11054829929813936 192996.79487345344 0.08284684283866552 6731197.9867071435 0.16502418807281902 0.175870119429813 0.16834174490675796 0.1747289724094488 0.10017148383368242 0.091728846078902
280 462740.0 0.1132632097076363 0.1110309263118102 188531.4061354218 0.08284976255125544 6919577.862796091 0.16537710387706883 0.1759140430629725 0.16822761622319685 0.17477035152182477 0.10024273515633504 0.09180118909700537
290 474861.0 0.11569879394031574 0.11143563753510373 179271.04926854256 0.08281673817070424 7100963.064592871 0.1656835075168156 0.17593780694541392 0.1681328383227236 0.17481093387573357 0.10156142251239042 0.09183036146264523
300 481666.0 0.11571715702077973 0.1114546522739837 180753.70805996185 0.08278530500720728 7283683.322385439 0.16574916343095814 0.17540546561001388 0.16805186620553061 0.17483067808383437 0.10161107834737051 0.09188016593478338
310 493682.0 0.11571831334580171 0.11154418129830722 185056.07466632174 0.08266594766385327 7476499.796285745 0.16578953422022644 0.17722858593703997 0.16797900643714347 0.17488969982242178 0.10165035503140052 0.09195353704321838
320 512085.0 0.12087138943417734 0.11308245298683041 163187.2252114566 0.08254518179272799 7650589.349606973 0.17094087490572651 0.1792632806881165 0.16803148806110763 0.1750088638275944 0.10422265877489478 0.09298228088377516
330 544215.0 0.12223584624913456 0.11314639015636653 159168.091944327 0.08245074779968298 7818623.841878755 0.1718297238790535 0.1786383357652932 0.1681433110623702 0.17512048381467568 0.10421533383774344 0.09302481426295951
340 550890.0 0.12441789676202793 0.11467880723764781 151488.45159796844 0.08227740772909946 7989189.725746352 0.16867294721820614 0.17735285980036727 0.16820481051928637 0.17520360829464035 0.10469594204018126 0.09357207083776013
350 568540.0 0.12497756621825218 0.11544267983998228 149989.17910975392 0.08222019229324407 8145126.03903992 0.1674335226839079 0.17583387046038573 0.16820553532716678 0.17522960750256128 0.10507288326501774 0.09388595415547778
360 599781.0 0.12578310262437198 0.11855089784975988 151742.20851532082 0.08211498442477132 8308074.516051705 0.16783503803887923 0.17621539918424922 0.16819603721250057 0.17525416148025272 0.10579898197343442 0.09593894426118406
370 607531.0 0.12586209083983918 0.12986882513903564 152752.34895592552 0.08193541867112338 8481156.187504325 0.16618913839414073 0.17125628055917677 0.16816256978877536 0.1751753807045284 0.10595696417539052 0.10213625121321676
380 621036.0 0.12622756029824622 0.13004897874955934 151713.4862319118 0.08176775218886483 8652200.875439353 0.1663042240708177 0.17122716222295156 0.16811307438107054 0.1750736924933113 0.10619332430452101 0.10227915064161419
390 640528.0 0.12648566977681183 0.1370950913971017 153355.5567218525 0.08160846880680032 8823726.809489857 0.16252131128415725 0.1787307691898772 0.16805626618450215 0.1750099068427025 0.10654076959581303 0.10388465201743062
400 652059.0 0.12976829432055564 0.14093276826530896 145992.5007521606 0.08151813723008157 8980425.411850696 0.16369963989416267 0.17870521542142936 0.16794235382687117 0.17510275003807674 0.10886404885527122 0.10518177624096993
410 663782.0 0.12999641487244248 0.14828277892766145 146131.76679355264 0.08143266224315618 9136709.650443053 0.16367067180519893 0.17862529432931523 0.1678387303995315 0.17518946719142695 0.10906291674670299 0.1071293552941835
420 677785.0 0.13003161306888708 0.14836865992077516 146901.75583788313 0.08135064256445294 9293305.619900135 0.16361371839856756 0.1784696939573012 0.16773881921996228 0.17526853847801138 0.1090724044407643 0.1071811724472029
430 694371.0 0.1302778589139464 0.14857739433382075 146217.95495918227 0.08127305029130429 9448805.18570277 0.16352439684743922 0.17844911706002126 0.16764228272157466 0.17534278261187808 0.10910418203696477 0.10724740277252913
440 714183.0 0.1305971695921998 0.14926272580391742 146526.89904888207 0.08127770528098129 9594823.580158947 0.16316981964259983 0.17870530614718344 0.16754203904961984 0.175420289153641 0.10928989737105915 0.10745432013984726
450 736379.0 0.13133551654238795 0.15045107649093956 144777.94926886514 0.08128567632461065 9738711.762692202 0.16391611015880792 0.17267104040337172 0.16745056907706346 0.1754479826076543 0.10978057319779197 0.10760926399430228
460 751803.0 0.1315088068162163 0.1516991025533203 145169.18830353068 0.08128895460278633 9883515.304531619 0.16409769980971603 0.17228407787296288 0.16737810733077294 0.17538677122885388 0.10979423010478684 0.10788789671695724
470 767575.0 0.13154298508759316 0.15173362556824005 147254.86862471074 0.08133467306119614 10026134.649352593 0.16204388146460047 0.1711470143111547 0.1672665151929551 0.17528842966533886 0.1098177765199026 0.10784816578074358
480 786563.0 0.13998968223277491 0.15204586560158317 122394.6844026348 0.08147539075789263 10129828.862431066 0.16419248919075133 0.17133128215088028 0.167176094068308 0.17520457736825595 0.1152171219828472 0.10790975605089777
490 799311.0 0.14020867007144372 0.1522281860806212 122061.8090432897 0.08160810069675635 10234236.689619098 0.16428514828849086 0.1724668893639436 0.1671164343578167 0.17513912184363073 0.1154042756347011 0.10797690682317178
500 816737.0 0.14268397539648262 0.15580147114576304 116724.60447808431 0.08157985657115872 10355601.5953374 0.1685184481582229 0.17866218121813737 0.16713547417615984 0.17516181954818108 0.1167559366906075 0.11087476378496458
510 831451.0 0.14469295736603294 0.15813702570676585 112676.28749345613 0.08151586476848396 10479598.406408556 0.1706783945549311 0.18722610039563403 0.1671447133294839 0.17532831623708364 0.1165881277832684 0.11128768548498547
520 848084.0 0.15052591475660468 0.15994974110706014 100337.90894924184 0.08154509553017004 10574425.354578214 0.17091071575721684 0.18758872257970916 0.16721630765202294 0.17556468117055596 0.11991427030370434 0.11227072901207866
530 866858.0 0.15054611801275994 0.16072046602278686 101019.6304297454 0.08153356620061587 10677661.123584319 0.17088105111493032 0.18747310033731826 0.1672854336749796 0.17579022056393934 0.12000981177088214 0.11257894755716534
540 885480.0 0.15061459336862537 0.1609445390654015 101474.3879139757 0.08152311934380829 10781134.352129208 0.17042568260075555 0.19220004328862966 0.1673451754944715 0.17607607334052794 0.12010878374792479 0.11277956623778855
550 905081.0 0.15124162216188922 0.160981592085027 100971.63585057785 0.08145247019146182 10896303.725326786 0.1711006695851782 0.19394848919706764 0.1674076016870014 0.1763722482468709 0.12044382491250794 0.11291660358702833
560 918781.0 0.15162762130342788 0.16639591702385942 101264.11094587491 0.0813856569674308 11010989.032830575 0.17149809252085324 0.19207916753040877 0.1674797800951567 0.1766555549140533 0.12069726725799144 0.11621050095727206
570 939749.0 0.1571252261654813 0.16705364828191052 91377.36404900391 0.08139501800839412 11100390.55404485 0.17295205553773865 0.1920813745313007 0.1675771014985429 0.17692588709391002 0.12361249173338044 0.11646612456064963
580 954056.0 0.1706326455517215 0.16717169698303166 72779.92858159663 0.08139969834570501 11171994.432009464 0.17813076279182447 0.18984782535102224 0.16770629950577953 0.17717146896115035 0.12634544204272224 0.11662001392215522
590 972121.0 0.1789759696973144 0.17278332662233414 63897.05544805273 0.08143212671257964 11227218.076438272 0.18043949743626275 0.1915026464482752 0.16791270186298332 0.1773963315635705 0.13122825046874206 0.11927062241737262
600 987449.0 0.180602423564946 0.17306170352067268 62394.29618367595 0.08143900782059615 11287733.164026957 0.17990328600984576 0.1918338931638854 0.16810409662330134 0.17763583369165678 0.13196430015140667 0.11948459241658273
610 1008325.0 0.18076689678452632 0.17320469122149962 62262.44171431957 0.08144705953174415 11347796.310469117 0.17955686324453207 0.19308851889500628 0.16829637071778286 0.17786380143998134 0.13220859406942959 0.1196667523145696
620 1020267.0 0.1841617162914443 0.17462717255173324 58925.11262514631 0.0814291514475918 11411797.748085044 0.17904890456401776 0.19299979012543997 0.1684713269593411 0.17810817044490948 0.1336929433261632 0.12041300633676215
630 1033505.0 0.18484702416592808 0.17653187464184883 58289.81759045812 0.08134454208638067 11494835.307573589 0.17734586193431692 0.1926446501130722 0.16863344541070036 0.1783408839207776 0.13401177264627262 0.12165989133427454
640 1057217.0 0.1856421979657561 0.1779064539057389 57907.32434905583 0.08125778105585761 11578342.727822835 0.17720069643869235 0.19433219715356873 0.16876875797841684 0.17857194643114335 0.13409731386684073 0.12156899759970481
650 1069767.0 0.18570984392433998 0.1782389002642982 58207.91228363387 0.08117376060160963 11661389.492408147 0.17710787355054922 0.19404135182618504 0.16889765176426141 0.17881077473903398 0.13423291042021598 0.12196151123286343
660 1078605.0 0.1859233150424641 0.17837119526258635 58275.97790261027 0.08109110046748096 11744200.868220909 0.17749688645275163 0.1938938988951184 0.16902717862190694 0.1790392854479382 0.13437245662258274 0.12210051862774622
670 1102646.0 0.18625788529448933 0.17945331275363866 58171.86293864966 0.08100074282918565 11829433.9126693 0.17748930277325595 0.19408060588502635 0.1691539526855451 0.17926309701317142 0.13464796548957866 0.12252244614315218
680 1122771.0 0.1865252517319025 0.17999898742863413 58014.2311274082 0.08091193480161626 11914207.68852727 0.17749112878389792 0.19409851575083814 0.1692760760740021 0.17948089647157942 0.13472815171990116 0.12306773667529297
690 1133682.0 0.1886506931475828 0.18533266243701632 56474.86845244426 0.0808478288125353 11990138.083984004 0.17764979214315282 0.19637725342308876 0.16939593193489852 0.17972783075548887 0.13599805700463574 0.12500424875265534
700 1156157.0 0.19134499830413762 0.18650844192315827 54470.87171599135 0.08079554677966354 12060716.299750345 0.1777305042594346 0.1939621653313294 0.1695143159346681 0.17995849301646755 0.13725386793965338 0.12566711364219751
710 1168609.0 0.19338265910205354 0.18670129498330695 53227.72254494656 0.08074260837359643 12130474.347140634 0.17872202778766078 0.19514686192127836 0.16963805937570586 0.18015762412158295 0.137264986373538 0.12576893714370033
720 1179081.0 0.194042263604953 0.1885873217873649 53321.605066437514 0.08071189701839339 12193319.099040376 0.17772571584254812 0.19502050662087034 0.1697554494145589 0.18036550035018967 0.13755416353080407 0.1254956013918567
730 1194581.0 0.19516100177482293 0.1895686216234442 53047.71896846141 0.08065288086335516 12264967.182915198 0.17766426292758278 0.19515320009169762 0.16986335712228331 0.1805685500080268 0.13778813846747454 0.1262593076887571
740 1211101.0 0.19771035643347262 0.19340324334248202 51068.7148466291 0.08057796781353466 12340272.529585194 0.17693005618795998 0.19521367902581502 0.16997135130933336 0.18077688041533635 0.13868480764225768 0.1280559900928903
750 1220640.0 0.21552097875401258 0.19345771671651843 39575.84297929788 0.0805842088410568 12377689.487891598 0.1883393758945187 0.1952233652364269 0.17013752601357202 0.1809692412126446 0.142936345474391 0.12814748561131614
760 1231957.0 0.21608530644009238 0.20003564279021804 39580.311144295745 0.08057917141104413 12419018.081483698 0.18743728212489494 0.19162107607157394 0.17036263627371356 0.18112857919777578 0.14385420910205574 0.13173711219609216
770 1246950.0 0.21882164757060557 0.20320218027954137 38373.443549903495 0.08059171779584376 12453018.07616549 0.1873073152002992 0.18987314552754622 0.17058362817185613 0.18125537781159035 0.14470490806756278 0.1328981931113185
780 1257732.0 0.2191765660477121 0.20399285449118462 38406.33851724193 0.08062933128352964 12478437.015169648 0.18699759388878323 0.19000877026851573 0.17079436420122193 0.18136597209592611 0.1451074517002799 0.13315155704040507
790 1272468.0 0.21958394862662384 0.20459386504038957 38386.44474735012 0.08066010598545367 12506193.158964513 0.19111077335023544 0.18780843241428283 0.17100845428225475 0.18146372937562422 0.14543323139938497 0.13348767487567065
800 1288467.0 0.22083066126488693 0.2082241941042036 38063.454533563294 0.080711056333219 12526764.920461308 0.19327246337310064 0.191062699903204 0.17127867305993888 0.1815769974242655 0.14566532451223213 0.13431308745159964
810 1305104.0 0.22127508008497265 0.20866500118185694 37943.938448087705 0.08076381927094484 12546640.238860965 0.193207735198456 0.19190830947140344 0.17154954048684357 0.18169659409278516 0.1459969234020952 0.13443606127602675
820 1318138.0 0.22572758914155003 0.20930812262319998 36043.08260737724 0.08081538353703202 12564758.840893896 0.20086907433380824 0.19461762328598586 0.17186645911179504 0.18181955835265576 0.1465299369615724 0.13472062036168503
830 1329345.0 0.2293375474590803 0.21108938581877829 34574.6539126272 0.08086519898123466 12581821.666672254 0.20058201641264478 0.19500794111608077 0.17221334477227582 0.18197534274501143 0.1475878661934603 0.1350030671967425
840 1344421.0 0.2296289225001453 0.2115911395696194 34544.09068761333 0.08091384317836606 12599302.164966892 0.2005368183596525 0.19500056235677943 0.1725503289328592 0.1821302911075261 0.14786378800381708 0.1351926718039361
850 1369503.0 0.22970427507659502 0.21245859342460047 34678.797787485615 0.08095530149647812 12619459.16864053 0.19976512086172366 0.19446916603050507 0.17287810231839743 0.1822802589958333 0.14808803067571605 0.13534596078856465
860 1378590.0 0.2306021926523059 0.2182664128858376 34301.12860256032 0.08099542722438577 12639681.50860973 0.1957271993056139 0.19587789000651828 0.17314097506505638 0.1824291769572205 0.14863901362574203 0.13664935932337186
870 1390605.0 0.2336921580817654 0.2217099517937208 33047.06417413963 0.08099387242880925 12673287.38969073 0.1878331182534238 0.19567340017651888 0.17337253272162628 0.1825797975328219 0.15041750695159636 0.138016498689514
880 1403099.0 0.23379803796610824 0.22313597518449022 33478.364074229954 0.08099853265257392 12705100.865142804 0.1877643768779455 0.195900157286874 0.1735392221790156 0.18273074000696252 0.15055765156728276 0.138947587236642
890 1417741.0 0.23480912907775633 0.22666021709450668 33398.19881671559 0.0809880287188663 12742273.852278946 0.18747537713906198 0.1991721840374154 0.17369670752989372 0.18291174620189093 0.150915395747926 0.1414607486038329
900 1435071.0 0.23619390833642226 0.22695734461554914 32867.616219011026 0.08094261128722391 12791753.81871635 0.1864525465568136 0.1996928982546892 0.1738457134546868 0.183094111236234 0.15172682518830766 0.14169706360282291
910 1446051.0 0.23635790640722015 0.22934455415384142 32872.10627168123 0.08089005885142027 12843944.861137576 0.18775259239410047 0.2087382036096884 0.17398549043006348 0.18329340722195378 0.15195650251880233 0.14329239644215686
920 1459005.0 0.23652977449852874 0.23386653346917083 32985.83028067282 0.08083984579074062 12895410.839937177 0.1887681379789462 0.2077191306598117 0.17413946400439198 0.18355517696607906 0.1521116846807205 0.1442564017699362
930 1467628.0 0.23740173147643154 0.23688177181239364 33149.08074163032 0.08079658188278832 12944464.052345516 0.1855761732453195 0.20815762058507478 0.174291134258458 0.18381867016657444 0.1522218268623901 0.14583634595127978
940 1477277.0 0.23864715714626483 0.24059759320712001 32653.724017422464 0.08075520384913863 12992423.157433962 0.18978043876048015 0.20772766894820863 0.1744472032898726 0.1840641392948557 0.15272795102429423 0.14645881622573584
950 1491497.0 0.23940249639642958 0.24200806764299382 32713.514551706452 0.0806946334995352 13047742.863645725 0.18994456698586007 0.19884318698913478 0.17461095347474787 0.18423690447973243 0.15290650304949382 0.14700533583104827
960 1505933.0 0.2397966500076507 0.24202420590045062 32701.893671188518 0.08063390590495807 13103191.519713977 0.19007190365844262 0.19884804834026215 0.17477110312660563 0.18438889797943112 0.15304220980001407 0.14707106659576752
970 1526293.0 0.24110786426104722 0.26086720290229976 32507.776258123133 0.08053068280702896 13175181.207136648 0.18553260160063917 0.20343395600550387 0.17489518605522986 0.18456248568217187 0.15324846632252667 0.15142040611473015
980 1544433.0 0.24142401132917216 0.2610369402947023 32472.731984596314 0.08042271463302421 13249278.734480971 0.18651243280484006 0.20969622161084484 0.17500616082358184 0.18477348077202668 0.1533319104442283 0.15159015440389487
990 1557382.0 0.24194308838316025 0.26664749214889244 32440.603504409315 0.08031654084601084 13322888.765740212 0.18654735973742193 0.20969226490561638 0.17512260716237701 0.18502515941085915 0.1534666372954375 0.154183939004297
1000 1573240.0 0.24416214180251028 0.27324547024556084 31606.45120676895 0.0802304087185172 13388081.018724257 0.18209332268748946 0.2094075077713582 0.17519679598221566 0.18527118926506012 0.15546010754535317 0.15946823557168768
1010 1593969.0 0.24599194666412355 0.2751980460559726 31050.18024202293 0.08014596545626854 13452358.012786452 0.1813877140219297 0.20772733166697485 0.17526085317122653 0.18550122263474172 0.15581312102673242 0.16016479726846494
1020 1602121.0 0.24768150181601276 0.27653930631986817 30538.5171741672 0.08006532388741076 13514876.060560837 0.1816281719567048 0.20675875573815766 0.1753248412389398 0.18571613552983673 0.15642424106781308 0.1604550168671473
1030 1616027.0 0.25281440419793805 0.27679875042106583 28799.49083764868 0.08007416569881917 13540216.600678716 0.18023219024264073 0.20606301825467216 0.1753843542183044 0.1859148142672676 0.15748272162490598 0.1606143276634786
1040 1626877.0 0.2538300559590324 0.27715252597985585 28506.492992796626 0.08004640722860924 13579762.824059276 0.17890164273555367 0.20514978811687537 0.17542070873258025 0.1861016181210997 0.15785805396002214 0.16078142088166114
1050 1639725.0 0.2560422140354577 0.27791938058344917 28026.511552468204 0.0799731639077537 13637587.89663569 0.1745155311134088 0.20109958366817487 0.17543712121377367 0.18626364375027668 0.15754742720637657 0.1610007804897758
1060 1660144.0 0.2562117862049127 0.27817450494334883 28018.824959603764 0.07990129246991068 13694955.844660489 0.17495288087216324 0.20213326291216668 0.17542907635442934 0.18641027703474827 0.1575790728682507 0.16120537570648746
1070 1675514.0 0.2572214684077139 0.28855525824196254 28003.678569612457 0.07982751914346317 13753232.846482854 0.17283299754933942 0.20819014891088364 0.17540431276803967 0.1866018891431702 0.15792073604219614 0.16569350460042692
1080 1691459.0 0.2657135148811354 0.2894794385315912 25493.105473706786 0.07974110097688507 13815281.208940139 0.17331001190395995 0.21111444551115327 0.17538408608754122 0.18681973238502178 0.16220186660201702 0.1660667337201657
1090 1715333.0 0.2671205855310134 0.29045029573670444 25124.362982641847 0.07966915479567313 13870936.534347702 0.1732340507503946 0.20991595592021317 0.17536732867899713 0.187037182362576 0.16211290173765042 0.1665170068772849
1100 1731665.0 0.26817391499282034 0.29160943766064346 24935.226673465168 0.07961501906187297 13918836.69044017 0.17163736548517844 0.20818091178581372 0.17533965515466254 0.18723255039934752 0.16202234547192207 0.16674560563380583
1110 1741317.0 0.2696301106140705 0.2945857298155712 24683.36338724155 0.07947215695408423 14006231.934457468 0.17136726014385423 0.20906495976403414 0.17530543581425873 0.18742415022579348 0.1623443146428327 0.16801131510832717
1120 1759422.0 0.2709985179159502 0.29584551657702646 24319.728281549906 0.07933150092195868 14092923.254948115 0.1713712303987298 0.20901077170154525 0.17527010191623746 0.1876170533125407 0.1627931992852881 0.16902300404059023
1130 1772293.0 0.27346849216935804 0.3043601150992591 23701.2572052962 0.07919021013649673 14180087.242167331 0.1712654108071746 0.21068009044784103 0.17523860815476916 0.1878264694982589 0.16383035325328194 0.1731025305681617
1140 1789791.0 0.27718547158801604 0.3083883001270833 22875.413781359082 0.07902492924136527 14278790.026844319 0.1631805506175303 0.20738816793901196 0.17516847840621394 0.18800718265896563 0.16593202903521875 0.17561942791019158
1150 1802611.0 0.2782752098034534 0.3100552675837055 22701.665654991935 0.07886255660128204 14376706.900331937 0.1633791635227812 0.2073938378929465 0.17506664333284927 0.18817649286600044 0.16623828753776368 0.1758287191231261
1160 1820583.0 0.27845900806945467 0.31026483421343853 22799.836561025324 0.07867110890600507 14489677.757409621 0.1630678088264657 0.20889395736379782 0.17496356667231092 0.18835362405151598 0.16621858531005676 0.17608359454958228
1170 1833208.0 0.2890258989993945 0.3198157996227814 20475.04117154015 0.07841956429335435 14633622.635873307 0.1641296418233382 0.21237204446171873 0.17487079700176997 0.18855421705510111 0.16908100206926763 0.17959799324218945
1180 1844414.0 0.2905665749144853 0.3199481445894379 20331.522396189514 0.07814720784211991 14790278.89847404 0.16351556376812826 0.21033253108551717 0.1747770111269824 0.18875088150773145 0.16928248702829787 0.17981749996164956
1190 1863697.0 0.29076843455889073 0.320962098756003 20347.39878948282 0.0778794019129494 14946556.863596126 0.16352177680886235 0.21080223849309992 0.174682572948099 0.18893695870544944 0.16918176884253724 0.18013936644525777
1200 1881518.0 0.29153560593531486 0.32126148477579003 20215.635233017605 0.07761438367192658 15103321.634283323 0.16932639995959584 0.21100774581060808 0.17462894715689212 0.18912457631691662 0.16919162545501518 0.18028459194313395
1210 1905306.0 0.2915554543217063 0.32282717919625986 20308.510351034525 0.07735369509414461 15259736.791354956 0.16932471891793754 0.20744460115625574 0.17458515096538638 0.18928572012053696 0.16912920344047078 0.180704283003658
1220 1928432.0 0.2979122742381314 0.32660101650531864 19140.094245884946 0.07710222690045637 15412718.83111446 0.16888918766106248 0.210315487684852 0.17454099366362144 0.18944164245397957 0.1692577015720112 0.18128811850947085
1230 1943275.0 0.2981201859828033 0.3271001410900067 19169.349061831683 0.07685504439313531 15565157.779059757 0.16875331390022194 0.21035250674166903 0.17449484856487368 0.18961131455288516 0.16920698493571107 0.18157716331600293
1240 1957314.0 0.29923443065243666 0.3282538160189219 19027.65717709767 0.0766227415157498 15710852.642215844 0.1685845703813658 0.21095998454130055 0.17444730612146034 0.1897816674466673 0.16956015323127416 0.1820622613023082
1250 1971360.0 0.302290687700057 0.3321109180923259 18548.067095618677 0.07639312440979823 15856530.350403702 0.1691140311730261 0.2109337752236469 0.1744021451936221 0.18994658036935183 0.1699218308427449 0.1833578632881314
1260 1991488.0 0.31055387541939733 0.3538320832884926 17168.596193584344 0.07619853871697026 15982888.621053057 0.17103348774867264 0.21052846318974403 0.17436533031329277 0.19011414300188242 0.1731667517998529 0.19028537291379993
