1 838.0 0.10404630732725233 0.12487726346943216 143473.83508991142 0.10404630732725233 143473.83508991142 0.3507074109811355 0.3693455290565622 0.3507036763632596 0.3693442038945164 0.10404630732725234 0.12487726346943186
10 21711.0 0.10436956323045454 0.12524921632740954 143478.56809438957 0.10368204294573216 286962.6513048086 0.3501676037433345 0.3679699550373944 0.35034597712267357 0.36841643510954736 0.10410475093667879 0.12476068862737369
20 33022.0 0.10447808264801962 0.1287783087494007 143729.36860680993 0.1027423179873751 430889.03072594176 0.34749592923844125 0.3654847875838979 0.3499048935394895 0.3684863621726052 0.10412389272118736 0.12749060726557404
30 48575.0 0.11505694550036523 0.1299028511820274 111992.53837108158 0.10426872308415468 539661.7579681433 0.3468979874830782 0.36522384777004285 0.3490645686522903 0.3674859491504283 0.11389031174243533 0.1284124263576124
40 64444.0 0.11628909727737943 0.13148675712900196 110365.33451015293 0.10523977772145532 647914.6330552439 0.3470029511445383 0.36483408426009606 0.34854277880851064 0.3668596955581202 0.1146894082511358 0.1294966165074342
50 78718.0 0.11645564597066371 0.13239213971924046 114542.98732885814 0.10464562731169245 764052.8936196371 0.35231564867285314 0.3651901092185874 0.3490448272904656 0.36651596143285403 0.1147432322639428 0.129922847989557
60 92904.0 0.12395934894548635 0.13513431795018785 99173.68206215004 0.10406734032213603 866403.6120615404 0.35378281317682275 0.3579502668470663 0.3496217407055431 0.36543577384140497 0.1187760232378234 0.13115792472561347
70 109050.0 0.12403762611270468 0.14233216446112926 99075.09813213052 0.1036538512526004 967790.9837089515 0.3501445745747108 0.36007333178902606 0.349746640378656 0.36465060278076045 0.1186212094024766 0.13406483855344092
80 127900.0 0.13648284538156355 0.14891605667995525 74852.85623371377 0.1036419722928576 1042769.7808270126 0.3519688075482177 0.36471029519341025 0.34988983602307744 0.3643361999171547 0.12554804323791266 0.13863360343124945
90 138053.0 0.136582930888101 0.15588112985388067 75190.30278364188 0.10363086837975284 1118076.913002326 0.3514716656508853 0.36779482553458914 0.35012938368273233 0.36472886299264223 0.12594091438069346 0.14068746332780474
100 157491.0 0.13712965962797685 0.15654307697482706 75455.18881518969 0.1034434956713838 1195571.766182201 0.35137036400668703 0.3675559899846755 0.3502497951159495 0.36501394242037577 0.12670491347566862 0.14197975890944503
110 178686.0 0.14498502077865333 0.1631417420069458 64070.92867019275 0.10369828508808852 1256217.2600178558 0.3511010588369489 0.3667798574666979 0.35034748666449106 0.3652241877931084 0.13233773963120907 0.14559004909471623
120 193243.0 0.14585713453605062 0.16434464318103775 64993.08817550037 0.10380763074757306 1319754.2372211402 0.3544461066707311 0.3659989262691548 0.35048533847138913 0.36537931086650033 0.132972534110574 0.1467394544076143
130 205205.0 0.2002579544600544 0.1667126546274515 25739.18622948648 0.10623773689881957 1287792.082158529 0.3717068666234826 0.35902261520388606 0.3512946507243279 0.36489168598395816 0.1634763235285418 0.14815352186101216
140 214416.0 0.20208658666989165 0.17756369104590594 25099.725483978946 0.10853130479286979 1262768.9691564713 0.37566532325365004 0.3619377617783488 0.35280657176237334 0.3645860043989675 0.16583637863964742 0.15565381527033245
150 231214.0 0.20321652297556914 0.17819503407026133 24930.67752883086 0.11047397704101636 1247881.9602594415 0.37557179939114144 0.3621078814890091 0.3543160027634963 0.3644499098961995 0.1671637032333673 0.15587994534487828
160 248735.0 0.20446488831177576 0.17863196211906182 24509.024806046873 0.11218811411845946 1239000.2423287705 0.37587168827199824 0.3620389583086453 0.3556495552002951 0.3642998664129021 0.16886634711737245 0.15601126333953566
170 258252.0 0.2054885645853307 0.17929504656390327 24249.411410318353 0.11316869936858488 1243849.537979036 0.3737567474996669 0.36180060858202595 0.3568011939124172 0.3641618057864139 0.1709322929202597 0.1564095369710497
180 280485.0 0.2165979388141572 0.18246189626675352 20725.710504887484 0.11470070882924445 1234433.5315566773 0.3782813085920456 0.3617942480367855 0.35788277819264674 0.3640177552502136 0.17886033586522387 0.15839175265271155
190 293350.0 0.21782505789617154 0.1925434897924623 20845.241345118695 0.11583379724783656 1233494.2604416641 0.37895854878625157 0.37008338597663604 0.35895927811374884 0.3640954250688723 0.1804510380301439 0.16433837013648928
200 312364.0 0.21956296110629034 0.19354548448437092 20597.056146686617 0.11612491434861366 1248153.9987493018 0.3820628699675369 0.3818058781561484 0.360055184397054 0.3648070864301673 0.18175163022563912 0.1647372503440093
210 329151.0 0.2229854880105023 0.19515280709017943 19838.96938600305 0.1160264320678325 1270108.3024446724 0.3813177417280096 0.3884134476157724 0.36102394144726513 0.3658014758900388 0.18439098120338385 0.16497388953290798
220 349017.0 0.22331198861231605 0.19537173867469196 20083.162897899267 0.11587652330177205 1293424.0524358777 0.3846094158308864 0.3901467339645107 0.3620296821838787 0.3668684118154466 0.1843349820874641 0.16495344442672955
230 364983.0 0.22747183412704491 0.21158130721600393 19038.234540668782 0.1156780566420333 1316913.807151881 0.3864242341182962 0.4041496526785494 0.3629960414001133 0.3679787395740571 0.1852966620545185 0.16957145411462848
240 387894.0 0.23598418804193574 0.21344605716677312 17352.820707797175 0.11566967635133046 1334460.361316825 0.3946306105080605 0.4023195753619408 0.3641978895447492 0.36943151548739134 0.19159693057742677 0.1709544853601866
250 409746.0 0.23641118478751394 0.2137228597647553 17309.77647195069 0.11565931762259331 1352010.0330167792 0.3947655509165822 0.4023751172353556 0.365406636257847 0.37074136082188913 0.19163783685575025 0.17105270271034706
260 420350.0 0.24185806582446578 0.21645660311010445 16364.290325060443 0.11561583040734244 1369413.319869875 0.39343429324620416 0.40016205269228045 0.3664812302990181 0.37188603453624053 0.19496814325453773 0.17244143381658747
270 441901.0 0.2453461399520435 0.2258912921712187 15796.165927680138 0.11562113803697573 1385081.1553651192 0.3939419389184507 0.40223639290507834 0.3674911403090699 0.3729971044129613 0.19587193163940822 0.17444782235215545
280 448410.0 0.24978156311826716 0.22749708429580356 15129.50553118751 0.11573609303491553 1397416.0167259097 0.3773450018480002 0.3879658657993625 0.3681552469017626 0.37377916535641065 0.197296024770899 0.17525993915108212
290 455279.0 0.25343426105941785 0.22948856715024657 15494.174654257085 0.11566101915333725 1414752.53447066 0.3746583529156476 0.3804594529927751 0.3684636412373167 0.3741176528526507 0.1990123415510448 0.17654899332267013
300 465391.0 0.25356239988133755 0.22956713043596083 15756.52295962398 0.11555233014911787 1433176.0681282785 0.37885598489374794 0.38018342872844046 0.3688186881926348 0.3743103213751446 0.19869598110808592 0.17651363743216852
310 478238.0 0.2592673516745227 0.2328316165225219 14776.78118853413 0.11556534131697634 1447627.9130751826 0.3767220715248991 0.3803397405389707 0.36910859311072425 0.3744874807144968 0.2017823200658417 0.17941907460066112
320 501990.0 0.25964578181212894 0.23534221516364096 14756.064878596588 0.11553766469299737 1463079.5325565084 0.3769524870847691 0.37969046443955196 0.3693479656921614 0.3746631419202716 0.20157780365229852 0.18079677116077333
330 523084.0 0.2675954216224177 0.2371166337629614 13747.002714904711 0.11562217810318609 1474664.6949748679 0.3813700587326725 0.3830350770833698 0.36967085110654796 0.3748652034241593 0.20408815406677758 0.1815054924367335
340 536239.0 0.2683376083686831 0.23938537610091695 13667.641757314897 0.11565369801857557 1487520.0334431068 0.38164342171748045 0.3809253611689963 0.37001566721022805 0.37507200688299813 0.20406736850780993 0.18387964379660632
350 553920.0 0.272454570975084 0.24258851129923337 13234.840435588312 0.1156200382171141 1501643.2139861016 0.3812091363078855 0.3780882038170486 0.3703361771194993 0.3751706149203789 0.20616565152933158 0.18443638881077695
360 566276.0 0.27370196993595014 0.2437783169307857 13284.239838242538 0.11554530870052872 1516912.0068694067 0.3841733037973328 0.3806580907955295 0.37066566544202945 0.37530302680020716 0.20669247834879162 0.18539541837639023
370 587655.0 0.2740804064778061 0.25125340713510047 13268.248966079493 0.11528229155914617 1537408.4506441166 0.3809755437329299 0.37887708448604 0.37099923573158655 0.37542444510142897 0.20657865498377626 0.1890852277368659
380 602969.0 0.27887841218151105 0.25191966799532106 12890.648719781419 0.11461494999707501 1570227.2785834006 0.3744986308064789 0.3803444969004769 0.3711246928594203 0.37556059619999266 0.20851926299877646 0.18916172548594962
390 613250.0 0.2789499525672852 0.25236964296188924 12998.372653904757 0.11398097551310742 1602545.6242893375 0.37158145807195536 0.3813762700504023 0.3711892012047229 0.3756946831407352 0.20803263006795042 0.18909189099355156
400 632044.0 0.27918163065744894 0.255369796894086 13002.832229670687 0.11338962893160176 1633938.4423550088 0.37162459463057795 0.381164490067621 0.3712002763178848 0.3758372893979161 0.2075014162256179 0.18909095755485508
410 645311.0 0.2798083377379178 0.2736868593827625 13038.895043014812 0.11285961529565072 1663700.6705663025 0.3721981914785681 0.3842959039406977 0.37122023396556875 0.375996437120499 0.20741056327548446 0.1981264198196591
420 663225.0 0.28116855541178465 0.2753958593898238 12981.88133200422 0.11233571574651906 1693603.3379825717 0.36751607616959125 0.38242828683591945 0.3711952970749165 0.37620627901085646 0.2080267140926721 0.19876677092001166
430 678561.0 0.2946773805439088 0.28043962515730336 11291.178067073797 0.11198383582499093 1716768.0894140468 0.37126716101697277 0.3836716360191914 0.371158039145064 0.37637213524809693 0.2119487878566242 0.20070473581332704
440 693606.0 0.29708714325897567 0.28290683519856324 11147.546973641452 0.11162787229483165 1740166.0009316443 0.36547620741885983 0.3892582553393504 0.37110621883172235 0.376590870977949 0.2132165279673693 0.20147355554684698
450 709173.0 0.29757384396542824 0.28338449506845464 11311.160141231787 0.1112884107196652 1763247.1579435882 0.36451280117748136 0.38807423671356106 0.3709642026235298 0.37686555663070914 0.21322879240586828 0.20172755181983373
460 731923.0 0.2977611018716859 0.28347722133725595 11428.112153488448 0.11092916183406441 1787309.7888923665 0.36455603878212833 0.3883201945338896 0.3708271317460986 0.3771173675304613 0.21304885948169336 0.20178620428560487
470 750520.0 0.29974092026341315 0.2843159270774084 11227.603124308707 0.11058488165203034 1810876.9025511593 0.3620777236417457 0.3874740696732031 0.37069500647071435 0.3773409265830565 0.2149032522324174 0.20297274395511744
480 771808.0 0.300032342178412 0.28949069152343027 11233.724170628262 0.11023882757387989 1834700.0930220697 0.36451630558870607 0.3866984070075845 0.3705428231842372 0.3775405986429908 0.2145468668501914 0.20390242992369315
490 780368.0 0.3015309988867206 0.291349253229731 11154.375826028801 0.10990634552328431 1858132.1257614833 0.36600091351842773 0.3878424572262187 0.37044447232961003 0.37774577432426887 0.2148316957852845 0.20469329567988653
500 794243.0 0.3214570733206723 0.2946633966205388 9260.754069237895 0.10985886393649676 1869193.9073409347 0.37257771853207905 0.3896452033317777 0.37045961777385017 0.37797431625768213 0.21994080454395298 0.20641811370372004
510 808312.0 0.3224651003719656 0.3013537669193027 9210.327724151215 0.10981630540145366 1880023.2717412794 0.37287910240298133 0.3932945164189274 0.37050723346784736 0.37823157731754964 0.22042614688683468 0.20904859176613927
520 822443.0 0.3266677450985476 0.3171754030421339 8927.969420340374 0.10967541902560235 1894464.6026431574 0.36818116623402525 0.39858868128417363 0.3704945535244614 0.3785867766501465 0.22170680475838658 0.21683943406469994
530 833007.0 0.33928399501291656 0.336344187642627 8123.171541962387 0.10974564920088631 1899840.2708096388 0.38292864175619845 0.40152289884939435 0.3706218578926842 0.37901847800103144 0.22751722902103425 0.22249037518107367
540 848908.0 0.3398427572850518 0.336856199711482 8098.0274527120855 0.10981244285006464 1905328.8339452026 0.3846494651058354 0.40669096433472907 0.3708544289434562 0.37944212959376794 0.22764748721579534 0.22280223952752126
550 868944.0 0.3439940793551506 0.35297509711292885 8160.396444397324 0.1096975994238502 1918091.56843812 0.3884664930490945 0.4014460771246162 0.3711698890153644 0.3799257940698237 0.22847250193629332 0.2297521825056773
560 888550.0 0.35826494545947246 0.35378233780570545 7238.841218119204 0.10972441851410694 1924238.8126065496 0.3959540681471122 0.3983032557992274 0.3715661331455036 0.3802824275470291 0.23286461093125155 0.23026036941686548
570 909859.0 0.3603373295336154 0.35507037164241234 7145.394974058453 0.10968613647430059 1932962.1849465312 0.39595076384944006 0.3985086933463346 0.3719914544773493 0.3806008528805354 0.2341209566669186 0.23041887085650925
580 920382.0 0.36457963741677846 0.3618081485884288 6924.310624776845 0.10946942333094876 1949147.6737689353 0.3893168797092839 0.398694035277261 0.3723138437379085 0.38090986512679215 0.23707045607076294 0.23352799740236052
590 936638.0 0.3710654745098023 0.3649134536365629 6615.175182381649 0.10920435051457723 1967384.7092232397 0.3897821912728358 0.39801247881589963 0.3726144309879376 0.3812083259535996 0.24057870161895065 0.23519215134956872
600 945519.0 0.374431322572735 0.37168215686348555 6475.898939747071 0.10877536174525801 1993371.5730283514 0.38430215231760145 0.4052019770490452 0.372834447740696 0.38159068128635787 0.24215464872422804 0.238606205409412
610 959479.0 0.4049648884526627 0.3758740080000375 5135.912342601775 0.10862858833900099 2005344.0311196242 0.3894211758266618 0.4019563649561292 0.3731019939308815 0.38193596769923643 0.25683051651355626 0.24092867108622673
620 974337.0 0.40528921031351134 0.3766621681530817 5142.553774685392 0.10848663686997019 2017132.0939364142 0.3890881178933412 0.40184514814044014 0.3733673521276273 0.382262897329293 0.2568882038124487 0.24159854536537856
630 992114.0 0.4144879722077785 0.37937541404552705 4881.572504529069 0.10827698736997371 2032047.3285718414 0.37996097155004854 0.3978983217335346 0.3734896517929112 0.3825246364428831 0.26235199427447353 0.24350213328027856
640 1008481.0 0.41709560558303016 0.4089060067953882 4808.121812221773 0.10802428683345613 2049138.4041278532 0.3791880757608432 0.3982671347138632 0.3735706172466986 0.38276616099225946 0.26257672211034105 0.25280658483429086
650 1030844.0 0.41969738411475005 0.4172295663962653 4733.747246417262 0.10782564317530915 2063589.0494647897 0.38011305774055587 0.3989056138898506 0.3736553307740059 0.38302302967176066 0.2634278467010454 0.2558094943533069
660 1047013.0 0.4413990989732147 0.4342220105452546 4070.978027862414 0.10772398975369579 2072729.838819474 0.3825228230881773 0.4009542152695444 0.3737772691414889 0.3832756838680404 0.27366282116303214 0.2640886238133962
670 1061029.0 0.4589208436953191 0.43667766438576583 3658.798973139924 0.10769975525507595 2077610.1158138546 0.39261133940829646 0.40200427437513087 0.3740507517028254 0.3835531669513844 0.28158389492852687 0.26547424631304484
680 1078094.0 0.466048738364288 0.44065397918235827 3541.694957999964 0.10770978576276355 2080645.349139289 0.39959400309372123 0.4058873623398121 0.3743675655206845 0.3838713334527001 0.2847937486290925 0.26759183253114466
690 1087320.0 0.468348071854035 0.4418682957594622 3512.2651145184 0.10777900299097937 2080681.496091974 0.40041543704246435 0.4043623625164112 0.37473812294397646 0.38418182009831653 0.2863787150209992 0.2686800128979575
700 1103231.0 0.4686098485033234 0.44206501744832427 3516.3584568519054 0.10781676618172446 2082300.5084615783 0.39993747014223713 0.4040052946157682 0.37510387078763485 0.38446730724377376 0.2866342061742125 0.2690915717788826
710 1128673.0 0.4690531058831647 0.4427409114317771 3532.651378784852 0.10779837118030795 2086760.9847453511 0.3942072048202728 0.4011588304197389 0.3753785956912392 0.384705815511522 0.28702000328177035 0.2695522926905935
720 1150983.0 0.46951678068375413 0.44563041091742983 3531.7426957951798 0.10782950810358792 2088729.5529374506 0.3935300204700532 0.4010041504297217 0.3756360711545541 0.384935210739803 0.2877283507469769 0.2718400405285714
730 1167868.0 0.4699595563954755 0.4491536895496824 3550.5975122945006 0.1078505116792808 2091226.6071667494 0.3898628333427059 0.39423764566958963 0.3758603962624864 0.38507208520166386 0.2879121347758149 0.2721895175711919
740 1184992.0 0.4709132581888494 0.46283553015195195 3551.401106677625 0.10779177532679497 2097748.6247533495 0.38781495742025307 0.3964406708197469 0.3760301933067372 0.38518576019266243 0.2880909559954758 0.2749307945166374
750 1195851.0 0.47307971557928946 0.47235228587995953 3512.9851197528264 0.10783530911864005 2099077.577624909 0.38408247338835133 0.3990098444817825 0.37615119058586566 0.3853535909853002 0.288297094944439 0.2789544850909863
760 1221879.0 0.4776623214913741 0.4795908800188282 3416.163204366473 0.10787753081419785 2100370.0707570026 0.38958232153767847 0.4055557252732653 0.37632030093592855 0.3856109677140224 0.2879773277400663 0.2826262789056924
770 1237025.0 0.47839281763321234 0.4818095642317499 3423.2776123755566 0.10790309726681332 2102507.3710565236 0.3893370733681533 0.3962559542217954 0.37642989187365694 0.3857677882347061 0.2878312441051243 0.2834453702399262
780 1251585.0 0.4926216357566884 0.4860301883173783 3156.911656299987 0.10808765457795699 2096458.1049872353 0.3882968861075782 0.3947156875031444 0.3765825102445539 0.38588244767438784 0.29292007700940603 0.28457727708552033
790 1274603.0 0.497259961942031 0.4878824187369928 3104.2937942026933 0.10829895957847366 2089105.7960306322 0.3880144071923195 0.3956033404463928 0.3767263215895197 0.38600131932324255 0.2938504998055285 0.28500114764423745
800 1285114.0 0.4981999242856505 0.4943999554949991 3100.53215258884 0.10853947880563491 2080444.3151332333 0.38787152642066025 0.3916981960262456 0.37686869765242914 0.38609699246778423 0.2944147055832077 0.2887978079910618
810 1297983.0 0.49895173036542223 0.5010893592845648 3093.241383434153 0.10877479431172289 2072125.4482300803 0.38769687023502114 0.3866750393221421 0.37700455343029077 0.3861721945765581 0.29439893191695843 0.2926772331546781
820 1321868.0 0.5097403312611826 0.5048223901918749 2909.7329935533153 0.10904101755338982 2062165.0188941755 0.38745158352258435 0.3809351342122731 0.3771327295871666 0.38613694500333995 0.29730080344636634 0.2948583012906361
830 1327581.0 0.5123375411336216 0.5291492615365251 2876.027276223278 0.10928653305771444 2053239.6937231938 0.38371323551153064 0.3837896234864126 0.37723894933145435 0.3860771234855029 0.298225101265822 0.3041643318897095
840 1344405.0 0.513634972194869 0.5304173010952565 2859.706770929485 0.1094949198723628 2046119.731425942 0.38312915327209734 0.3878859552646901 0.37731190338614584 0.3860670230892724 0.29877417531169087 0.30503862489395256
850 1363020.0 0.5163881859443117 0.5307242850910918 2833.2004839757415 0.10969002216034722 2039654.5627801055 0.383130943900862 0.38798567584461957 0.37738197302685084 0.3860892009191204 0.2997412709504688 0.3051876682614815
860 1381520.0 0.5212968332865168 0.5335113273969061 2755.500757155556 0.11003581198401705 2026315.4984057427 0.383427600022279 0.38807820230200596 0.37744292263460394 0.386106339004187 0.3022419057220365 0.3061109078123258
870 1395296.0 0.5215944909112569 0.5336140794963155 2751.946956044332 0.11039078750681415 2012781.813838658 0.37953088284201714 0.3836002971621748 0.3774976921968129 0.38610180312812903 0.30229260677556125 0.30617887117792236
880 1410804.0 0.5228392598708218 0.5413189772791824 2756.1516160227748 0.11068323766545426 2002184.3317973486 0.38391842186990416 0.39007854118330193 0.3775669770280716 0.3861371273991974 0.302799387059955 0.3090336066539535
890 1416376.0 0.5350088305992177 0.5505646084123916 2588.784961604614 0.11099265463573954 1990682.9979893777 0.3847296170789293 0.3840150435915617 0.37762231950140596 0.3861318366761691 0.30771635477940257 0.3143524939723529
900 1427865.0 0.5362999469509547 0.5530231256663063 2579.2405423234304 0.11129527123305152 1979621.5777088597 0.3869444058895548 0.38436040719486647 0.3777186347317607 0.38611024011085704 0.3079028689923923 0.31443369914655667
910 1437697.0 0.5367400241016386 0.5638685156051412 2576.437330491027 0.11159447057047311 1968856.7093697316 0.3847749336411795 0.38887528086308953 0.3778034450783716 0.3861252399636189 0.30822380726734466 0.317726035726649
920 1451304.0 0.5448882043111613 0.575316012946008 2488.5894655207835 0.11203985458643295 1952020.619596721 0.38718947630074874 0.39649978087477533 0.37790687372064125 0.3862139671850537 0.3097629945156606 0.32208137226636857
930 1466843.0 0.5509659070607333 0.5781325466189218 2413.0645662448383 0.11251957127606294 1933952.9141178038 0.39657485520458513 0.39940596092483077 0.37804203374108636 0.3863205311048779 0.312018013462581 0.32352305194709574
940 1478362.0 0.5525924907532452 0.5859368420717369 2402.3668921762173 0.1130742198566501 1913363.5159117356 0.38523693664197006 0.39688557691384224 0.3781883108384687 0.3864510042704513 0.31186521935280326 0.3243189815758689
950 1506294.0 0.553129958093978 0.5864036242079512 2398.7846627402205 0.11359355784878487 1894542.1104556639 0.38555196477788095 0.39693235140370725 0.37826442503404695 0.38656261441078016 0.3120835572260184 0.32440587203731275
960 1518752.0 0.562252044942449 0.6063047650465772 2325.9886014729623 0.11394855073270892 1882161.2873141596 0.38126917204272637 0.4075964825856856 0.3783179317137646 0.3866954702577401 0.3137094827225745 0.3260024178457402
970 1534702.0 0.5684960736354953 0.6165196267216702 2261.4994635289204 0.11424448772883991 1872150.6666144494 0.38550848417378064 0.4098877403959981 0.3783610055994802 0.3869207206392659 0.3149482963555026 0.3263340037800594
980 1543587.0 0.5733512390879691 0.6192517599811527 2232.976234480647 0.11456208069165413 1861371.5738228157 0.387292956158042 0.4140155308135723 0.37844228479293857 0.38717674380869044 0.31832365119125056 0.32832134070927665
990 1556058.0 0.5842332062255146 0.6219096952337275 2114.9930021305986 0.11480578041077022 1853416.6065201438 0.3881503678512938 0.4094508529153952 0.3785338711607126 0.38740168760011157 0.3252687238832187 0.32999974863383164
1000 1571496.0 0.5848400292603954 0.623349970705823 2112.3713299520355 0.11504915532339086 1845559.8042714696 0.38724286873675234 0.40915973024216773 0.3786202343187229 0.3876185373945026 0.32535671066615207 0.3304534555607303
1010 1584289.0 0.5913088439167407 0.6242470816690935 2050.260437422289 0.11533270350839682 1836110.458958807 0.3883184721526725 0.405392957330208 0.3787149673361442 0.3878066477020988 0.3279082725652999 0.3311065844222082
1020 1601128.0 0.5970279163376745 0.6258811461772101 2008.6449933015097 0.1155832057014955 1827981.742421278 0.39039263055003137 0.4056060862943356 0.37882339579658847 0.38798627362526517 0.3304195450887805 0.33172485369332133
1030 1620079.0 0.5982887920568536 0.6279715275970859 1997.4712589006338 0.115765397056081 1822594.3990373993 0.3889610449397244 0.40549215449195336 0.37893494617959145 0.38816171240292646 0.3310250392514844 0.33209219331090983
1040 1636982.0 0.6081525857061617 0.6402637047950462 1906.543753125838 0.11592913892974012 1817845.037890923 0.4017107920878793 0.40005609535148645 0.3791332383138854 0.3883467244236766 0.3347226903695675 0.33345152256075666
1050 1655182.0 0.6226659325002615 0.6474354305081154 1793.766825796435 0.11615602553029768 1810469.7420919728 0.4074601345872582 0.3942549947952805 0.3793883760223085 0.3884019212837439 0.3416861272048758 0.33698087684230377
1060 1675321.0 0.6263403437716183 0.6528707447117209 1778.5322668715542 0.11635246488323366 1804332.234827204 0.40916119704944864 0.3918136777010768 0.3796657524011271 0.38843859173437967 0.34348708992975335 0.3390358824263289
1070 1690376.0 0.6295921745273865 0.6530964973464942 1758.2182785720445 0.11644662894506516 1802265.2292705125 0.40633692183168985 0.3913397751545918 0.37992000152962013 0.3884666628756814 0.3432485786956097 0.3392336509669284
1080 1710169.0 0.6363440414598681 0.6795450126204556 1721.24382190899 0.11657046353197817 1798978.7015978415 0.40963479814537007 0.39599192232291175 0.380170786897823 0.3884951654037773 0.3476948185804402 0.34882583374652304
1090 1733607.0 0.6374353285324355 0.6832460945777615 1716.0479940361724 0.11667798096924668 1796355.176759623 0.40677856951546504 0.3952811914075726 0.38042723253755495 0.38856177772069167 0.34829016266348967 0.35039440017792023
1100 1753880.0 0.6395274261344361 0.6843535258035874 1709.5331185000239 0.11686102494101681 1790776.8825309123 0.40469905975231 0.40314317620594514 0.38065382524866886 0.388642693933925 0.34940033869669285 0.35062653999293947
1110 1766655.0 0.6424349562309197 0.691805156854789 1692.8807599763181 0.11703986827441892 1785381.969037967 0.40356059245890674 0.40374222367310336 0.38086315971489054 0.38877823438722425 0.3508170727065571 0.3540498155239861
1120 1781905.0 0.6432227120687621 0.6936780618065623 1695.1889645063532 0.11717528454454045 1781713.1887646369 0.40199725583103174 0.40449382501811554 0.3810612969667708 0.3889137185997606 0.3511332716967625 0.3546603453641252
1130 1805498.0 0.6436148778123794 0.6944358970705709 1700.8031987584113 0.11733421796544304 1777173.0189619507 0.4018358372867302 0.40222669413325435 0.3812428601316855 0.38903758164407193 0.35148117763754305 0.3550702390777457
1140 1822093.0 0.645088250039906 0.6972296025593023 1690.047409050766 0.11748597734636934 1772926.0837676288 0.4015552211924988 0.3970382707883717 0.38142291305651493 0.38914431246241893 0.35172459946077156 0.3562330228572799
1150 1835121.0 0.6481174205120322 0.7024510209406897 1668.4939894314123 0.1175920842826515 1770431.2154697787 0.4011561910050092 0.39835068860630973 0.3815956987948687 0.38922017668728354 0.3517569695269026 0.3572709077888257
1160 1846024.0 0.654554363860289 0.7076338814139355 1623.5719287518646 0.11770018594514331 1767814.822659563 0.4006742778844368 0.39852878571873496 0.3817599050778208 0.3892965851764375 0.3525453622113164 0.3580033523873029
1170 1861602.0 0.6752187930461576 0.7078994610987474 1479.4955871478182 0.11789254456496155 1761773.838152065 0.40378746269986854 0.3964156264366859 0.38195096125805095 0.389366527343606 0.359664693736418 0.3582970869895977
1180 1874669.0 0.6868801869145357 0.7177898688618685 1408.4133114105673 0.11810586454610258 1754868.7410561491 0.40056595531377676 0.39535949353389677 0.38213205959823104 0.3894343521078634 0.36741976476213734 0.36365674777764934
1190 1886680.0 0.6908243933372078 0.7268233062232978 1391.0899306633623 0.11832851223511377 1747645.018459686 0.40311570961122123 0.39908697899520057 0.3822977047897659 0.3895015615804837 0.36927042646699754 0.36754878720242395
1200 1896445.0 0.6932275068299503 0.7280915206791796 1379.9758179881771 0.11854798929672962 1740586.6866524918 0.40352081916996246 0.39982795930864634 0.38247278069410073 0.3895865521419681 0.37085352209670003 0.36847136931337643
1210 1924291.0 0.697533995329091 0.7426833929964374 1362.0155200394165 0.11870524465821312 1735887.8872636135 0.3936706397984292 0.4009991989000083 0.3826117138163483 0.3896753704246167 0.3732197913403288 0.3755686035071103
1220 1936720.0 0.7080721192691181 0.7560126442194124 1312.114602092445 0.11892020834043211 1728986.2063154047 0.39646466250383583 0.3804707916504467 0.38272547099196436 0.3896071434009253 0.37572366603402363 0.3815185178178943
1230 1952110.0 0.7127275855921218 0.758792042294284 1288.1316118240024 0.11910384202767715 1723264.5076165157 0.3956101442275331 0.3809322389499875 0.38283559684350227 0.38953392761744493 0.3770526615863127 0.38199837830173805
1240 1965569.0 0.7158396841520306 0.7652694365448162 1280.3158029992976 0.11930420156014548 1716957.0283422302 0.391201339801653 0.3834440946350206 0.38290363973118713 0.38948673412379814 0.37868425352400076 0.38425511545703084
1250 1991820.0 0.7265479625873664 0.7739830666301722 1233.8577417671327 0.11953503428126826 1709505.4539583416 0.3977510229331505 0.3919078888438838 0.38298361854959023 0.3894561473888002 0.3817782376612594 0.3861947823371198
