1 1368.0 0.05900501736075731 0.05294069503081255 890584.1197466428 0.05900501736075731 890584.1197466428 0.15221287998212393 0.14010772981611297 0.15221207487526212 0.1401079971097901 0.0590050173607576 0.05294069503081198
10 15495.0 0.059193398891895524 0.05295847616456382 913018.2968437003 0.05898996555959887 1803585.569026608 0.15357802952317373 0.14217687479164787 0.15246371315786422 0.1413002278157961 0.05909823403516479 0.05277255539475171
20 24274.0 0.06610030948961682 0.05297288240736793 677701.8092422116 0.05945404197193232 2471654.964670019 0.15296265433886475 0.14217229768958653 0.15281021854508284 0.14171643409600213 0.0650127684560605 0.05272226056621937
30 42273.0 0.06616389707236686 0.053009181370543564 697830.8611760351 0.059620219179569514 3166541.780673808 0.15316444768101317 0.14277139188613155 0.1528878025441772 0.14190165716580722 0.06489058866905223 0.0527194238545688
40 58861.0 0.06620991769000377 0.053096560245145454 708680.0736743701 0.05965683478886907 3874630.627977789 0.15308549604858165 0.14266169419532448 0.15295377686114672 0.14209128958987036 0.06483459346434738 0.05275598857336446
50 73708.0 0.06721554569895447 0.05310969734873181 681592.6822132303 0.05975751873705859 4554053.596486334 0.15196947719779713 0.14368635338027422 0.15289054779767014 0.14219610173885225 0.06521644952019914 0.05275185541763085
60 84813.0 0.06860603359504096 0.05388782081126751 648403.9855426762 0.059945056388647375 5197074.91097712 0.14862316834390857 0.1417409891300528 0.15251780860048572 0.1423040735547436 0.0658893180683562 0.05345319979006502
70 115138.0 0.06920541772114727 0.05410844927515321 638339.7922599748 0.05979296352900554 5841643.44534979 0.1526270175016362 0.14263416804925233 0.15217136536488232 0.14226727884686716 0.06618050211515264 0.05359539816974237
80 134674.0 0.0720549140167029 0.05547510920175413 567095.5161771899 0.059978894426866707 6397868.529223123 0.15265673211619118 0.14147439830627298 0.15223022230586622 0.14220820048874472 0.06847894535497062 0.054455913501931116
90 153993.0 0.07361237012923585 0.05805970133891709 537158.2412856832 0.059897319071785325 6941659.1188887255 0.15274374201117275 0.141253614622276 0.15227484806873934 0.14213579327359174 0.06951397836486482 0.05675564856650802
100 170997.0 0.07958984748350593 0.06353623356160046 435829.9709429672 0.05978818085063544 7392069.214523321 0.15053246448859528 0.14429388393974382 0.15220361113369127 0.14218209200392462 0.07389308946564421 0.05834820887648919
110 185038.0 0.07995964029717413 0.06396372994402265 443233.69810050074 0.059745136023752476 7840810.113930021 0.150507091103451 0.1440883912565309 0.1520498980288804 0.14236781739270554 0.07401244266271702 0.058979670886007446
120 203639.0 0.08408207213716212 0.06602210459955261 393880.2047273494 0.05990171697306131 8211705.122884608 0.1515687894068857 0.1416229326741567 0.15196554821844122 0.14231642159003605 0.07589042537788167 0.06035730360222311
130 221719.0 0.08864300565447088 0.06620295943884251 343765.9921307439 0.06013384803314055 8515305.108629784 0.15127651884316468 0.14103924170016893 0.1519330034400337 0.1422357183450185 0.0794330221877655 0.06051607992923226
140 232542.0 0.09102357259728708 0.06697549692744556 330310.94332783355 0.06033315659648778 8809647.673846211 0.1524938639623718 0.14251650369963464 0.15191994056330876 0.1421917201540767 0.0815305460988926 0.06102827169789154
150 248188.0 0.09119161958451867 0.06773490763248094 337570.42512132257 0.06046045479993641 9124802.363225423 0.1543555571050123 0.14240796005364523 0.1519686119433444 0.14220814595778936 0.08160332763426628 0.06163124773439035
160 260464.0 0.09386286016435642 0.06981813711785462 310337.17208073626 0.06017815164750764 9499029.495391432 0.15407513963906275 0.14213543256942754 0.15210670690075834 0.1422081313810148 0.08242143801244065 0.06324005263823237
170 277077.0 0.09535724593567595 0.07502859649596404 300127.75454824953 0.059922002910710065 9860357.3219827 0.1543126452380394 0.13633576154702357 0.15222287277588267 0.14210881364166436 0.08330615726549973 0.06853895892739781
180 294537.0 0.09598515712493873 0.07680599862992615 299147.11354701675 0.059697378364804765 10214159.290524198 0.15353771834844185 0.1367930344843396 0.15228491425261786 0.14180946945288073 0.08358848939356506 0.06901588868686394
190 315031.0 0.09609315663743773 0.08646883770346162 311356.88079464744 0.05949880352692638 10572293.970807523 0.15353819489521647 0.13893641726255596 0.15235053015478758 0.14165987196465632 0.08366967084357879 0.0750323823689697
200 337249.0 0.09908114428341966 0.08673001617197039 286707.5650097601 0.0592455665191156 10927324.714082278 0.15485028558970876 0.13847294463562831 0.15243633815515759 0.14151524572711952 0.08480160759861724 0.07516523578136045
210 346512.0 0.09970241790037387 0.08721734909299803 287520.483401606 0.05899354850867177 11284422.080955451 0.15617629436475935 0.1392537883620716 0.1525688292312546 0.1413809963264163 0.08524672199097476 0.07547623160574493
220 360725.0 0.10985654179388689 0.09157731439403136 218101.1631579363 0.05877921938213979 11577609.103369044 0.15646529361456268 0.1428861013524875 0.15275098782601002 0.1413695057823273 0.09173606204866587 0.0771373272638627
230 377569.0 0.11000684625349474 0.09171106862702666 221749.83770434375 0.05858729528044715 11866695.338370811 0.15648619261413388 0.14316713137525303 0.1529122239216404 0.14143709597216286 0.09166022798496812 0.07704844366639498
240 397629.0 0.11089258277522206 0.09346091472871552 218384.64369061182 0.05839878587982603 12153062.644275531 0.15680605987244112 0.14228903613898466 0.15306589073479657 0.14149211187905777 0.09168379861715698 0.07737591801554423
250 411484.0 0.11555131286204888 0.094501717242637 193378.5230775116 0.05837232909325693 12356423.033717675 0.15804457367507346 0.1449680782340425 0.1532453509129834 0.14153775255491577 0.09423583616697966 0.07795327864851682
260 427479.0 0.1157302401358319 0.09652795451050307 197574.8463512374 0.058206772381737625 12618704.337490946 0.15267049363324095 0.14371420679087188 0.15330823286469952 0.1416198301189413 0.09422061635969342 0.07903724103153
270 438959.0 0.11596427191265887 0.09700240372485251 197409.04457142128 0.058025963511369315 12888286.67271779 0.15236821568879566 0.14219933377530222 0.15327318544391447 0.14167504532087438 0.09429115847013073 0.07907033723806106
280 453645.0 0.11606506750274512 0.0995255341762534 198842.9533291008 0.05785970957506834 13153938.68430187 0.15235654686883987 0.14534185872216143 0.15324075690995315 0.14172480169287063 0.09421907173228145 0.08043386680379888
290 469344.0 0.1170478380240469 0.10068490803501084 197177.7632609645 0.05771168896823467 13411444.665929947 0.15246977641316958 0.1433003923333412 0.15321415065584557 0.14178338255778367 0.09451953551998515 0.0807513333507297
300 479637.0 0.12284799729034092 0.10419685785301222 173519.727629252 0.05744390093335229 13709589.420800965 0.1515526448827522 0.1493605826934691 0.15317502365870345 0.14190682421231998 0.09695487540213454 0.0801992109376168
310 493085.0 0.12294039818243245 0.1054517493606256 177352.7631517368 0.05718843768754278 14006844.937166149 0.15159506343288412 0.15018796520749556 0.15312355307315584 0.14216961985356838 0.09689881127735643 0.08079559384445345
320 501463.0 0.12304370957858149 0.10857492712358387 182214.62492614947 0.05678685751208967 14389267.527976898 0.1499934991867771 0.13942994575631804 0.153057965497106 0.14225202723810612 0.09675961982752897 0.08085136472464868
330 516090.0 0.12477975774874933 0.1092598902951901 176123.641990044 0.056587818772131454 14662717.582885664 0.14940839508436746 0.14031646634159797 0.1529536644421772 0.14219321318939104 0.09772942657075959 0.08075504798824812
340 524702.0 0.12575475126507785 0.10968920651111373 172660.1214739851 0.05631750700396954 14975218.937457247 0.15034102884947412 0.14014187259227667 0.15285915640355918 0.14213444683982107 0.09798771483028323 0.08064978945421239
350 536427.0 0.12578707111737386 0.1177807931097645 173100.61589638685 0.05604431424852896 15293187.912467351 0.14661108871151218 0.14409885649786985 0.152766060768034 0.14212191083748638 0.09782785056497352 0.08238276491030876
360 554756.0 0.12900599860115522 0.11801292773151824 160537.17018249744 0.055911489866701226 15524820.741210693 0.14628730844078996 0.1438404652348523 0.15259431773082582 0.14217199135655695 0.10053339024385084 0.08240207739166147
370 566712.0 0.13043955921675193 0.12082314040475964 155524.90133647696 0.05579318037582234 15745155.398844779 0.145993997812334 0.1469551187780936 0.15241732857365686 0.14223491445214748 0.10101782355870911 0.08390653691090838
380 584259.0 0.13191290260263805 0.12102714046457119 151235.6561332757 0.05563288589896811 15987941.839418406 0.1452811809966702 0.1450940488599 0.15223503652271664 0.1423451351432583 0.10198764788213249 0.08398123854763627
390 609166.0 0.1319609552539102 0.1258027670008087 153990.35519300334 0.05547837182362634 16230471.365210224 0.14523276081382158 0.14783025511990996 0.15205689684261925 0.14246745411040576 0.10185605404047518 0.08457296152146225
400 629912.0 0.13238927469255318 0.12922388259138903 153811.9461262524 0.05531354417104056 16480565.466878124 0.14271786096479094 0.14771149276055795 0.15185502092663214 0.1426007737142038 0.10164746307983685 0.08560322036952853
410 638087.0 0.13342807117571082 0.1310488855291177 152606.12307204277 0.05511398009860879 16753780.659137126 0.14273906112078727 0.14898559228183106 0.15163519215856452 0.14274706894719608 0.10170873875838823 0.08627561228667055
420 658295.0 0.13419299882205546 0.13773814122082775 151406.11495754324 0.05493675099637748 17013660.169785686 0.14250182066667572 0.14851214810244492 0.151422382156975 0.14291218132256828 0.10204804599064674 0.08863760900498673
430 677367.0 0.14076220127050537 0.13796468852677615 135059.01123019226 0.05495511999435301 17137627.999360777 0.1419345633977645 0.14829676063636893 0.15120523707467748 0.14303629658700964 0.10679908338172138 0.08883425208008375
440 689532.0 0.14124667921812153 0.14109153015072878 134120.07715935842 0.05497451648071461 17260017.833913896 0.14182797629598173 0.14793980993539446 0.15099177915918421 0.14315163895358948 0.10688052735739097 0.09072964001945916
450 703421.0 0.1426830224250424 0.14214632530278698 130990.88393600992 0.05501158933305988 17368531.85508551 0.141676950526008 0.14666689612590406 0.15078416858106145 0.14323912235338562 0.10759019342256569 0.09122871246744749
460 718658.0 0.14279655889686652 0.1426100825293773 130885.12107037331 0.055032713326949444 17486545.532875147 0.14166290585706853 0.1464685027770107 0.1505864183172484 0.14330951526359845 0.10749462252921388 0.09143328013715485
470 732933.0 0.14652771855610808 0.1475924560724584 122398.554913381 0.05502333048238256 17614940.920314528 0.1422073388522267 0.14702644972806447 0.15040468440056606 0.1433886174501476 0.10818491627670715 0.09333168070301197
480 758484.0 0.14693921056369505 0.14891308739271517 121787.6355545861 0.055005673279418285 17748095.204846133 0.1421429271389046 0.14793974925615244 0.15023348450657092 0.14346756510775016 0.10830092159250014 0.09431427952880926
490 767201.0 0.14753560024880438 0.15434626873997317 120537.87954492508 0.0549930313940625 17876805.915086344 0.14198695706823292 0.1472545872932572 0.15006630694437958 0.14355807434396675 0.10829514094405103 0.09825074073301239
500 791847.0 0.14995252485189906 0.1555479073129438 115729.5610939028 0.05511732453060827 17915948.949338727 0.14229829256931675 0.14973849884938895 0.14990807109802862 0.14368152261276665 0.1094861166776192 0.09917904073791725
510 813700.0 0.15089943261238717 0.15740382953594492 114051.6609678297 0.055308000682490706 17917183.012403592 0.14535254720159257 0.14941864028870844 0.14978428871969932 0.14379737101093748 0.10999848401039446 0.09937354497633169
520 833032.0 0.15121305964706636 0.16692477858107949 113754.97599790424 0.0554956524665913 17921443.33684944 0.145469959312586 0.14924076046808246 0.14970021060023822 0.14388031663668882 0.1099983616438571 0.10201433449012118
530 858423.0 0.15447724302886234 0.16941049708244857 107709.73041405254 0.055716014206998 17900808.188518167 0.14304143573269476 0.14832414063815416 0.1495896403418918 0.14396303610430136 0.11206811352850173 0.10343170601696906
540 875769.0 0.15474471723480726 0.170255214343983 107703.26714348968 0.05592517122427256 17888243.264487308 0.1431858890316791 0.14768443571939024 0.14946834924944216 0.1440398914734573 0.11199763058680581 0.10354109556371806
550 900071.0 0.15547254477541286 0.17177838465542167 108415.50517735127 0.05571112902926131 18147510.031651292 0.13261773699820364 0.15019960960939016 0.14925846619468383 0.14412908389036497 0.11177286210621833 0.10399898017582247
560 920000.0 0.1561220893120069 0.17515876694774832 107226.75828344238 0.05550082584029005 18406120.1382537 0.13276200990451986 0.14897304941783826 0.14896272969262453 0.14422832103467756 0.11198374695017699 0.10457834261357218
570 937442.0 0.1561610250023713 0.176665881750753 109764.78848463751 0.05530096758149485 18660490.74168244 0.13274665747928516 0.15326840602077466 0.14867885723047297 0.14434756691073544 0.11185078367812654 0.10493415301326747
580 947428.0 0.1573391544333177 0.1777476514063536 109140.39289320841 0.05509602156149134 18921249.81391169 0.13231586278334118 0.15344647234815592 0.1484112209723108 0.14450281260945494 0.11174807831353328 0.10526222067345932
590 956324.0 0.1578354430763806 0.17928098652195626 108794.18668140032 0.054816498600339755 19248030.91905554 0.1325604239676275 0.15326777941662648 0.14814052658823632 0.14465211775437709 0.11164795461152567 0.10685563136225251
600 979226.0 0.1578846955365958 0.17970585597540087 109070.89168755965 0.054540483602900355 19577231.461120337 0.131956402162876 0.1523956251586666 0.14787524302341762 0.14479174823262486 0.11147884059621349 0.10715754157005417
610 1008370.0 0.15900956754477513 0.1835192846565776 107397.82375533877 0.05432236802999823 19859198.962643944 0.13024211422245643 0.14736764890054974 0.14758794798826017 0.1448832796994937 0.11201919224345322 0.10834711428505805
620 1027455.0 0.16089045546448233 0.18411985873241435 106047.4766472511 0.054111053532374005 20137913.994500466 0.130527185388181 0.1465360503054641 0.14731571321609324 0.14492026619955745 0.1128073495381444 0.10857858428436376
630 1052868.0 0.1686163045593468 0.18883875264260155 92524.42506849336 0.05390310460934787 20410967.37456026 0.13052638442142864 0.150207520446175 0.1470496382960042 0.14496328001596948 0.11579859052690604 0.1098387816735587
640 1069041.0 0.1724443717226632 0.18928820890436054 87174.17466132645 0.053675365590466935 20704383.133317772 0.1300028535144394 0.151951316628 0.14678161758624733 0.14504958028756307 0.11749779485430223 0.10999994561788937
650 1083477.0 0.17314357188954968 0.19072883164668686 86389.23216835108 0.05339726449288861 21053033.995941672 0.13099677709611313 0.15157050988474077 0.14653617796100676 0.14515232904343048 0.11772585389910835 0.11077774599568749
660 1101327.0 0.17503296517146133 0.1914563601032782 83804.80890429349 0.05312325998134986 21402988.253316354 0.13156361831079505 0.14959570959067606 0.14630281714662305 0.14522519292526959 0.11810148668848226 0.11089942369980757
670 1112611.0 0.1750916786850512 0.19172830101600996 84753.49834311829 0.05285754276061082 21750595.3686186 0.13113638354419893 0.1500487915292347 0.14608254452039665 0.1452964778594272 0.11791173712268091 0.11104025697182811
680 1132004.0 0.17538713033701073 0.19689039681045034 84931.87127213513 0.0525656508819708 22133691.193684258 0.13104484604898 0.15121582299682623 0.1458620624810057 0.14538037412175467 0.11781441466817284 0.1111896202228335
690 1147882.0 0.17580786173872473 0.19777453406107282 84552.54656199753 0.052310656176743985 22482154.148656126 0.13122815536381022 0.15161677028963794 0.14564796588095844 0.14546468957673026 0.11773971945241565 0.11147264540496551
700 1163232.0 0.17587512964571184 0.19809499260730695 84573.23810603228 0.05206287342768626 22828271.210527144 0.1313431936920547 0.15164081365509352 0.14544323193320258 0.1455527196281993 0.11760820288205234 0.11150284734320925
710 1183615.0 0.18081985952243734 0.2010143558852192 78258.06680133904 0.05183702063619374 23152366.9114794 0.1370120476950056 0.1486743804882013 0.1453236770442108 0.1456006184707691 0.11902089044938186 0.11352397520612283
720 1204788.0 0.18145417355806287 0.20844254445551502 78771.0360315267 0.05161661367201743 23475026.65126395 0.1363279528081112 0.15133962467694978 0.14520437107852155 0.14567708339368035 0.11888173337274988 0.11683252723602243
730 1227671.0 0.18441368601863156 0.21356057647764728 75194.22962137277 0.05146461737917553 23719016.925550565 0.13592022324605818 0.15157077082037662 0.14508022165522674 0.14575404080384513 0.11964250730568726 0.11827008096805335
740 1241448.0 0.18454747818958062 0.21381783331849213 75125.95998382806 0.051318779810975365 23957925.51468964 0.13559164957348638 0.1516981417126967 0.1449544119107271 0.14583431996749252 0.11950919965597055 0.11835386217004433
750 1264918.0 0.18598422089362474 0.21404593911773961 73942.86793457055 0.0511786484633871 24191511.067009 0.1363781520776084 0.1471498103751971 0.14483546296924005 0.14590638491567148 0.12024021853377471 0.11860401969105021
760 1281527.0 0.18618390925106554 0.21415721837290488 74406.90435224275 0.05101794035425571 24452575.72380462 0.13577348257774177 0.14712038589753593 0.14472311471647972 0.14592248409520625 0.12020084999204515 0.11871522841239689
770 1288784.0 0.18704955812023427 0.21530994329374745 73545.80085880788 0.05085412005220932 24719875.357150424 0.13856260646147078 0.14898824713396597 0.14461444020438863 0.1459522319434865 0.12093770013596045 0.11962023164204336
780 1303100.0 0.18759624177491852 0.2189901378306355 73096.26716390305 0.050698061356960124 24979928.190256644 0.1387292579349447 0.14855386660622963 0.14453911356895335 0.1459831949703325 0.12141712470619803 0.12101210844864514
790 1316594.0 0.187721379533109 0.22270585604915052 74048.5665100282 0.05054620916750039 25237604.738672297 0.13872684931025037 0.1486680334455261 0.14446615126980894 0.1460175756914452 0.12136237893872608 0.12316323421438048
800 1334500.0 0.18835976369347662 0.2233254621681361 73679.7335370899 0.050400206645672394 25490023.706006613 0.1383064062690291 0.14889420257365252 0.14439139093231523 0.1460520588874253 0.12166320380301472 0.12339109344261237
810 1346778.0 0.1896595052079024 0.22397613847988895 72398.8678951954 0.050283389428784 25706071.824750897 0.1384884714274617 0.14900094678499198 0.14431595066958358 0.14608749352828657 0.12256794596455742 0.1235959842513861
820 1362963.0 0.1897413655459296 0.22527631984660265 72582.51880669725 0.050142860957517875 25955029.855366655 0.1387469110836208 0.14840118588218637 0.14424633499644304 0.14610669729932815 0.12251811963727995 0.12355742612557034
830 1371692.0 0.19504784966415875 0.22749160681418235 67086.34092978614 0.050038912066380586 26154459.07866173 0.13689591459407346 0.15187982982492534 0.1441657127278276 0.14613961512828016 0.12658142630700886 0.12477783482895698
840 1383651.0 0.1981413586093127 0.23144351084393897 64107.0032884641 0.04998917497568244 26281629.032970518 0.13754717042593534 0.1513820653121752 0.14408400901561252 0.1462021603128481 0.1295033425474576 0.12685130197705452
850 1396455.0 0.20040599791240424 0.23161456835996316 62394.725129135375 0.049960398109791915 26380561.191504236 0.13762186425824083 0.14806802417313483 0.14400644281601524 0.14623547640347573 0.12985564670034214 0.1268857083900419
860 1414399.0 0.20388792300832062 0.23222827711992067 59394.651826464426 0.04997824120672351 26417458.225678768 0.13727863662037335 0.14742817609652611 0.14393162603435566 0.1462539257918815 0.1314755059043853 0.12704249543710777
870 1427404.0 0.20423137750856546 0.23316744179049614 59341.705699489714 0.04999595372578511 26454496.310488194 0.1372905290774981 0.14881776479959238 0.14385532841735355 0.14627740139214787 0.13171017543881297 0.1274967131749755
880 1448917.0 0.20465425375288554 0.2332012290559375 59205.01806288689 0.05004037451798797 26458555.669455227 0.13646508108093527 0.14939395287761179 0.14377343331562448 0.1463089576795552 0.131674787305063 0.12748734267675188
890 1466737.0 0.20470199923375929 0.23327280821679913 59203.30535296191 0.050083890308419074 26463926.33466925 0.13648772437075835 0.1493983292515656 0.14369150760695268 0.14634360796690038 0.13162563220851303 0.12749594750005347
900 1485813.0 0.20516615809231742 0.23414426394459284 59314.811166741645 0.050122561055645685 26475492.79365612 0.1360081460781669 0.14891168158807053 0.1436083778241117 0.14637341887569516 0.1317675582662154 0.12748366863957175
910 1507979.0 0.20573537011672155 0.23569663588579726 58976.40810054286 0.050156995085626724 26491936.584707633 0.13473534001162027 0.14948825470129043 0.14351836503413357 0.14640455274551634 0.13184681835444784 0.12763703008658017
920 1530499.0 0.20624458422753633 0.23645318116773634 58706.35665854985 0.05019196503347931 26507539.4427289 0.13473866289686304 0.14943752319230852 0.14342307941236437 0.14642808080357803 0.13214112822012844 0.12774603960097533
930 1541964.0 0.20840625906235583 0.23969973440081221 57443.827732521815 0.05020604869323456 26547380.77435202 0.1363332126958979 0.14622629741511847 0.14334908136911692 0.14642804566766773 0.13300809277261003 0.12944343594764046
940 1572639.0 0.21015216442619336 0.2398231742365331 56099.07360782511 0.050228636012811696 26575235.39314445 0.13626533521048823 0.14617320113183807 0.14327456308533515 0.14642568229162176 0.13326155644504709 0.12940801407671534
950 1596600.0 0.21121776880042478 0.2406343620069458 55421.24843043415 0.050253657834641065 26599371.498143792 0.13622593860349658 0.14587501778109105 0.14320009702088218 0.14642073416803955 0.1339710762354225 0.12913845868529067
960 1617360.0 0.21156208459686313 0.24528464908505615 55261.13930948407 0.050283179868104814 26617864.44138527 0.1363540741809885 0.14630524899644207 0.14312815035626744 0.14641611402229704 0.13407107255418405 0.1325346511269866
970 1636177.0 0.21357726351902154 0.24597586135269914 54029.69916929621 0.05025160055434147 26712613.101990275 0.1364160878005548 0.14523567877935079 0.1430664888004497 0.14641278323727203 0.13477967565546792 0.13284227604049573
980 1654176.0 0.22425809662710477 0.2471553395354697 47195.357848374995 0.05030220076295549 26694958.5154081 0.1420247389801164 0.14433405223307916 0.14302235952770748 0.14639897305923638 0.13370933291016276 0.13287375533433265
990 1665461.0 0.22510712694704973 0.247999942113697 46816.13124713043 0.05040598433187589 26612652.72084088 0.14178544465686296 0.1399781899868836 0.1430108834438767 0.14634905347396335 0.13406959011203023 0.13333492189748936
1000 1688498.0 0.22643031263543992 0.25148772875334 46290.713952741266 0.050502672540115714 26538922.136930615 0.14267878534622916 0.1338394909159897 0.14300311919822012 0.1462496074103129 0.13410571515482198 0.13420892414032579
1010 1706335.0 0.22919154049245327 0.2521379134771838 44909.85906127336 0.05061988278341124 26439985.279437393 0.14200437086002146 0.13366415893244762 0.14299988962529592 0.14612679625540803 0.13595580179013417 0.13452240422714848
1020 1723875.0 0.23060513352437856 0.2523722537626461 44129.58063049497 0.05074211465644916 26335323.49581124 0.14235189324149428 0.13232137621175555 0.14299091406484443 0.1460032783775611 0.13667625550006443 0.13442274633589116
1030 1745203.0 0.2310650946678567 0.25252474387262464 43898.05905910258 0.05085693488557152 26240158.861980803 0.14248097074183413 0.13170414691681376 0.1429851276473241 0.14586613468428153 0.13680840032067287 0.13433810455469072
1040 1761336.0 0.23121137574414388 0.26041429520366327 43955.45814432304 0.05097247455998401 26145677.983619675 0.14244174041025612 0.13036288766515655 0.1429799045296464 0.14571938873991452 0.13690489495114966 0.13510689646434176
1050 1786548.0 0.23224343320114849 0.26445575437110774 43782.70840214292 0.05106810378423617 26074609.81876815 0.14030977011018028 0.13062929023048717 0.14296626654180164 0.1455735609294756 0.13695050573249237 0.13712838449778694
1060 1804215.0 0.23303979297384156 0.26518701458875915 43426.831039808014 0.051161549730345666 26006349.51304832 0.14049614711057296 0.13070659223784847 0.1429403540758418 0.14543285619698612 0.13723421433474414 0.13704608716738242
1070 1816866.0 0.2335017981845641 0.2660827018766456 43229.749940414185 0.05126224672424506 25930546.36307607 0.1403568809535032 0.13061215517541308 0.14291658616797911 0.14529354918075396 0.13747787618980992 0.1369198265743639
1080 1827415.0 0.23362699324635453 0.2661037564317268 43173.08732892208 0.05136317687852525 25855419.47214209 0.14022795879937497 0.1292931186067424 0.1428921064994889 0.14515393439380075 0.137493008375755 0.13680000356208155
1090 1841693.0 0.2350643241772265 0.2744604937248838 42843.56728229493 0.05146084087561817 25784316.69186904 0.14042299150411433 0.13999076294113688 0.14286849006988112 0.1450666624842785 0.13846570083413257 0.14079951030821272
1100 1855513.0 0.2354122901860314 0.27513751391573055 42862.074987081316 0.05150112914443581 25778992.23330849 0.13987158034203762 0.14040535589030959 0.1428442856099172 0.14502314505007888 0.13849024654138742 0.14090067353424623
1110 1869722.0 0.23724907823532923 0.2755083340335866 42043.0822126266 0.05156656585100835 25743771.378485158 0.1397320911400249 0.14292315628316543 0.1428168617963757 0.14498293217759867 0.13943775008799536 0.1409859966993194
1120 1884223.0 0.23783520254535923 0.2755309975669369 41876.68016211113 0.051628765784626905 25712404.15146639 0.14073982801106955 0.14298558200520878 0.1427898749750869 0.14496432102754234 0.13972288551140613 0.14096072987984082
1130 1893395.0 0.2425789310016031 0.28027197695577916 39565.97602696873 0.051716348089000094 25649369.833847992 0.14044167381171954 0.14323132294992602 0.14276951254437278 0.14494790366932753 0.1417875693607889 0.14292788839084766
1140 1907566.0 0.24420854012125306 0.281444136155069 39186.20885668135 0.05181789545413996 25571156.522989184 0.14095641360785283 0.1437684346405252 0.14275267837566383 0.14493662010781838 0.14194847409220443 0.1435358296792037
1150 1923115.0 0.24462413867329816 0.2826256567238259 39258.19345705969 0.0519006289945114 25514559.183919393 0.13996388475181237 0.14356457619030316 0.14273238517610506 0.14491879285906517 0.14194172441255204 0.14359427167138097
1160 1936795.0 0.2459602796092038 0.2833766848589294 38703.169986420144 0.051982104774236246 25459098.631576657 0.1368788067648473 0.1434581541992357 0.14268241803431284 0.14490692146198378 0.14203269945446664 0.14355631131416371
1170 1949407.0 0.24640765833291017 0.2861840005901048 38984.84383287378 0.05206832441538397 25399611.040447477 0.13672332167091084 0.1451603157693452 0.14263072539099914 0.14489752807939488 0.14199563408709312 0.14412497755011835
1180 1963070.0 0.24747522102750488 0.28746367674885165 38550.783832763096 0.05211765647109737 25380797.960003078 0.13517194726351872 0.14502856633519565 0.14257122355977106 0.14489779627759689 0.14209849719978015 0.14439635096113845
1190 1983290.0 0.24781495555675184 0.28752769438787623 38494.24964948706 0.05216415196066193 25365343.20315758 0.13510434740456234 0.14409348931433177 0.14250857565452893 0.14489601972420002 0.14215384410185866 0.1443849587776938
1200 1996181.0 0.24845761844479225 0.2889175903049436 38376.49245414501 0.05218744472177544 25376410.81240243 0.13552065487284704 0.1438793375092573 0.14244600354215378 0.1448893968897139 0.14243038190730514 0.14488792885970422
