1 479.0 0.07944659735874536 0.0722854772036266 386147.80419689 0.07944659735874536 386147.80419689 0.11154186415919533 0.09427612735939443 0.11154186415919533 0.09427612735939443 0.07944659735874503 0.0722854772036265
10 18581.0 0.07947109872266471 0.07232283875820451 386097.2482820852 0.07944672110574721 772245.0522558873 0.11154210916107253 0.09427459965053256 0.11154202006948316 0.09427515518102791 0.07945896229793105 0.07230688042998064
20 28091.0 0.0794756897873127 0.07275879142857238 387744.2509643557 0.07944384700236307 1159988.95995246 0.11131047807874651 0.09452456797704542 0.11150888223712155 0.0943097710896682 0.07946090952976544 0.07262955225822383
30 45028.0 0.08070137507254549 0.0729840352344962 375478.90333759005 0.07941618875412555 1535504.2961668659 0.1123868425918643 0.09577743818564423 0.11175422392619927 0.0947030419724656 0.0799882333893622 0.07273954484287666
40 56492.0 0.08423386276570477 0.07725162407191372 331691.6043034176 0.0795817160925701 1865987.8799958497 0.113500303990325 0.09649821188590604 0.11208543057148453 0.09508742732719558 0.08237322724044362 0.07565855265032766
50 78720.0 0.08425802848502602 0.07725697228367223 331952.7622273456 0.07968182898574767 2197214.9603681965 0.11348089563940317 0.09624207148276245 0.11236095395253934 0.09533893994624232 0.0824725711783512 0.07573081278375814
60 89127.0 0.08429813459159145 0.07757024666247885 331764.2362664173 0.07984451134300431 2527897.076243359 0.11365884615187595 0.09625229852442216 0.11255913705796573 0.09548783257859482 0.0825733915083374 0.07588907311958301
70 103557.0 0.08672089233247951 0.07780778293995408 305595.69092338276 0.07981228761712936 2833969.618259068 0.11393553978846985 0.09625574898564407 0.11272826798384092 0.09559535569675667 0.0837813363595782 0.07599524677049845
80 114554.0 0.08966377382867995 0.07852310286840787 282904.40468493296 0.08004521548877558 3112446.64158589 0.11488462457060651 0.09634007574728219 0.11296805937123011 0.09564949973259293 0.0859164750736007 0.07644959002334963
90 137266.0 0.08967004093462926 0.07856565258442251 283593.0803739544 0.08023155778609255 3392577.3183165714 0.1148846245706067 0.0963400757472828 0.11317867093160118 0.09572538720673474 0.08607933792797101 0.0764427675298739
100 143621.0 0.09542048372918244 0.08043561883969522 235392.9275750476 0.08090559146620246 3607802.02084878 0.11720591514336785 0.09668441175554038 0.11339358119776237 0.09579318349426656 0.09076584328798215 0.07787685227320221
110 156157.0 0.0954482113289723 0.08062632730957155 235558.9866496898 0.08127379312246567 3831592.741043094 0.11630139895391052 0.09719898260542154 0.1137042082220601 0.09588898945530115 0.0909675640652952 0.07797592067003188
120 171696.0 0.09556217997304829 0.08200134758828749 235266.45751071296 0.08159180810701232 4056847.6480751494 0.11630139895390602 0.09719898260542079 0.11391885208419623 0.09599725335200532 0.09113961055683853 0.07886093624504245
130 187457.0 0.09562392683117092 0.08213309488177194 235245.88276572461 0.08186439237948087 4283625.864624169 0.1163013240652979 0.0971984930716091 0.1141007247408635 0.09608897680258711 0.09125315125970854 0.07898192922002605
140 204739.0 0.09584503995189475 0.08214509300518782 241738.3848601315 0.08209171789794306 4519123.991540976 0.11629681891131105 0.09719215395401971 0.11425647610046968 0.09616721631687307 0.09143182759946661 0.0790514242075561
150 216124.0 0.09622379990575125 0.08268436717720785 239426.08109535452 0.08213885780457428 4757019.645096367 0.1151000652316435 0.09658106958571742 0.11435226449077665 0.09621487044573104 0.09157304145075289 0.0791145640706549
160 226521.0 0.09646531454218224 0.08269082899746312 238256.22437912287 0.08218045183983709 4993899.932702147 0.11516261906527075 0.0966192492204687 0.11440259707304332 0.09623998713981409 0.09169038822819299 0.07913237900314841
170 244768.0 0.09647222205881902 0.08273716867690198 239544.2004301444 0.08221742431562624 5232253.1505276505 0.11516261888036532 0.0966192472024166 0.11444704280250172 0.09626216619705653 0.0916837361166183 0.07917210327007007
180 262362.0 0.09649511829057414 0.08296442041781611 239501.233074433 0.08225050495185866 5470689.632578134 0.11516262236000623 0.09662133447390353 0.1144865775462351 0.0962819866844903 0.09168577780423258 0.07928423685327021
190 277175.0 0.09686082443274056 0.08313982996038999 237727.2654982567 0.08228027752446783 5707423.50465008 0.11516262822398446 0.09662145210105699 0.1145219740877059 0.09629975959523275 0.09184801409837515 0.07937941214152526
200 288161.0 0.10149310233816332 0.0843349914595533 208092.56514110643 0.08249934515898277 5905160.573164423 0.11515644664209346 0.09618681654031092 0.11455334359945737 0.09629828645505341 0.09587157709795008 0.08047185342890974
210 305468.0 0.10171266473548674 0.08439779261597867 207182.77298352582 0.08269849755399637 6102874.273394143 0.11515757745102188 0.09618685550299155 0.11458196955631883 0.0962930049979635 0.09598163668375123 0.08051494848537859
220 334326.0 0.10187335852264995 0.08449938831177302 209639.62530293514 0.08288033234944356 6304316.597811142 0.11515766355336508 0.09619177714699108 0.1146080160471675 0.09628828895273518 0.09604671486587366 0.08056494636617584
230 344196.0 0.10187629805479084 0.0845162448243439 209686.97280535375 0.08304701424527018 6506555.032861855 0.11515792724995354 0.09619187351656441 0.11463181145304872 0.09628411136967083 0.09605319922790265 0.08058210891349715
240 363484.0 0.10201652471497542 0.0845553022637176 208926.98753640495 0.08320036158943064 6708573.74849785 0.1151724159251029 0.09618581440838106 0.11465371330237523 0.09628015026575315 0.09612194895123607 0.08060438659848738
250 380719.0 0.10204502612236815 0.08455686856065613 208837.30876915896 0.08334191298404031 6911064.504160318 0.11517241592510503 0.09618581440838143 0.11467437874551185 0.0962763918650611 0.0961371037579283 0.08061321987062636
260 397213.0 0.10272294274978716 0.08485936777786446 205109.3075462378 0.08330822529736343 7118146.308109372 0.11511636226992902 0.09688026072962588 0.11466623354894122 0.09626447666343418 0.09647212981657974 0.08076475155854221
270 419511.0 0.10835855275991965 0.08706585925098594 176265.15862893756 0.0834628995623204 7282772.521637961 0.11511181986569903 0.09687858318805992 0.11468269261009174 0.09628714361099071 0.10025477155196856 0.08226881976167108
280 429630.0 0.1084247994413116 0.08712011967711178 176688.57790256987 0.08360866305772134 7448649.328806812 0.1151143880698227 0.09687984255388335 0.11469804629832372 0.09630823161833268 0.10027583279588285 0.08230291174982092
290 443605.0 0.10913261969090655 0.08716190281493656 173806.5695103815 0.08373843721777845 7612432.708033507 0.115282047034894 0.09638274012375098 0.1147161728665745 0.0963268323881436 0.10055856449424834 0.08232746459333243
300 476852.0 0.10913652969025027 0.08801800205952837 173953.87247545327 0.0838527324893855 7777570.377211006 0.11528204703489367 0.09638274012375066 0.11473497267283102 0.09632868978799768 0.10051239366340364 0.08289827614271683
310 496442.0 0.10920872473558708 0.08898179272220354 174545.85709131628 0.08395989117816277 7943965.808059247 0.11515364378447408 0.09669570756427875 0.11474884833915291 0.09633946430972377 0.10048858764574407 0.08332358780249599
320 507693.0 0.1100695478753001 0.09017219527472985 171104.16220322408 0.0840776500139994 8105837.921429165 0.11527903570835106 0.09690545808243935 0.1147626306763021 0.0963525225156429 0.10112981767130938 0.08444961808799617
330 522655.0 0.11037939636315251 0.0902381129907948 169891.50858716157 0.08419707959630161 8266324.201598826 0.11527694225966545 0.09690369839742997 0.11477819917760752 0.09636918475503768 0.10137694632661587 0.0845025636355274
340 536157.0 0.11044798466351458 0.09025437798467902 170011.2250154729 0.0843096846310437 8427531.54081056 0.11526718281765179 0.0969036809688165 0.1147925674938611 0.0963848591819186 0.10136768302248254 0.08452035829449164
350 549494.0 0.11066428453961862 0.09107894264230326 169140.08622756496 0.08441603383052235 8588278.385592379 0.11528126006712798 0.09699135796765677 0.11480628982857706 0.09640088938950596 0.10146175492702002 0.08508050961243246
360 563056.0 0.11069894951245005 0.09112542885722526 169177.84085321907 0.08451663442462376 8749558.992816688 0.1152812250787849 0.09699114005049791 0.11481944670505609 0.09641724465251764 0.10142965751566524 0.08507722985432745
370 585854.0 0.11093433959436748 0.09135706233719558 168452.7166133944 0.08438634418819678 8931248.859028045 0.1123147603222709 0.09716212618472929 0.11479994062003926 0.09643495493176474 0.1015279310575589 0.08519001984194102
380 607958.0 0.11094653477944039 0.09142496992100713 168488.35358415754 0.08426303247963687 9112334.400257453 0.11231292158366035 0.09716365065887142 0.11473467900810233 0.09645406880013384 0.101449507983385 0.08525568093946609
390 630277.0 0.11102264922108583 0.09176250092210386 168340.4717186317 0.08414615832577457 9292704.355702784 0.1122765638959277 0.097239371414808 0.11467179919201402 0.09647412423325416 0.10134610893566397 0.08539117964495459
400 642933.0 0.11821378460552985 0.09209098382570816 141813.93836114893 0.08423176022929808 9424279.070996732 0.11384475013954948 0.0970153090941321 0.11465117661554018 0.09648761575074989 0.10638036386873705 0.08567449837984263
410 653003.0 0.11822750399736029 0.09209979693082106 141939.48075230105 0.08431328585170143 9556520.067926075 0.1138452728166137 0.0970152561101051 0.11463155423872944 0.09650045393802847 0.10636880459779484 0.08568000472826678
420 667488.0 0.11825316996726373 0.09215619527169264 141898.59138959297 0.08439101958469067 9689200.336381007 0.11384549917279059 0.09701520190457678 0.11461287930308024 0.09651268123523324 0.10635300135115205 0.08570232200037471
430 683744.0 0.1183873212831827 0.09338750142504841 142172.6986677543 0.08436689728602763 9834486.238133265 0.11163616919991894 0.09683152068743546 0.1145594349333766 0.09652174799110974 0.10642355359671192 0.08668503139336362
440 699015.0 0.11841224097835117 0.0933936088935114 142207.66800349142 0.08434384708952739 9979670.821525618 0.11161126559600915 0.09671350600768074 0.114493114649022 0.09652852014041695 0.10635969025171527 0.08668070300551052
450 712284.0 0.11841653805595202 0.09340669683333902 145310.63361209718 0.08421130516590275 10143294.04975879 0.11161126559601099 0.09671350600767994 0.11442921555693748 0.09653262182261793 0.10627232763845396 0.08667201653666802
460 726428.0 0.11843982058133454 0.09341538099366524 145581.25382825095 0.08405409929545617 10311279.849749044 0.11110814924611842 0.09652963898183935 0.11435935779032494 0.09653335480666114 0.10619356558456505 0.08666103714569645
470 733312.0 0.11848019196986113 0.09359774456632083 145771.42427867977 0.08390344366961154 10478642.56754799 0.11110677732654238 0.0965295632907468 0.1142903212697288 0.09653327543230546 0.10611639475913101 0.08671032975838086
480 744206.0 0.12568954615085898 0.09758119390415251 122335.5157946891 0.08393197572614128 10596410.308277726 0.11103661701558881 0.09720581604423836 0.11422287435637146 0.09654770466550168 0.11166297841533496 0.08971879205631432
490 755952.0 0.12586382489627468 0.09765693789194552 121969.07535347441 0.08395936650040982 10713982.386966374 0.11103696347950023 0.09720323906451961 0.11415798867472852 0.09656106098581826 0.1116168059406851 0.08973941076396609
500 778584.0 0.1264866597298872 0.09927030371746685 120615.61660450029 0.0839912342895973 10829434.828198202 0.11049170897509418 0.09741093275167793 0.11409239050805493 0.0965751387552492 0.1117859295504903 0.09055759829057686
510 791979.0 0.1268267621311011 0.09990195121091076 120003.15959326268 0.08402137180619697 10944526.299869644 0.11057117707919578 0.0976122320062263 0.11402286408613002 0.0965938559090448 0.11182490063797204 0.09091637887916977
520 811698.0 0.12710766893871026 0.09997347628764568 119705.39977893252 0.08405410914839256 11058903.11630027 0.11059257977053999 0.0976127231460392 0.11395699190616974 0.0966134238464841 0.11196344872108112 0.09097052536161579
530 816623.0 0.1271353501796293 0.10018021402289128 119770.68289033834 0.08408563399643278 11173554.309506588 0.11059257447874885 0.09761047514194232 0.11389363195901363 0.09663223457527388 0.11190521447881352 0.09110116106249994
540 830920.0 0.12770574806533766 0.10039834942937284 118229.57294876543 0.08411631721324155 11286717.438484518 0.11058555844923709 0.09727210206837267 0.11383254958728785 0.096647189925224 0.11195584595284057 0.09118139628425945
550 854035.0 0.12779502707444118 0.10045639423841977 118681.07320340895 0.08414590460087856 11400546.712142067 0.11058443922599488 0.09727162726391533 0.11377360834097214 0.09665852617314549 0.11192497129821112 0.09120844566291521
560 873812.0 0.12786306219233418 0.10059887527414738 120753.54946056931 0.08417411850377259 11516797.422140105 0.11057534471765505 0.0965246207523712 0.1137166793714203 0.09666279713043419 0.1118866161228094 0.0912369977164948
570 890337.0 0.1286493896404823 0.10080124217230965 118592.44062420125 0.08422260590471008 11627620.722893696 0.11061154680173713 0.09653234939413395 0.11366178744420172 0.09666040228294329 0.11265917869892032 0.091487008741452
580 901709.0 0.12865852627326146 0.10080464170282565 118822.26337239447 0.08426944966493781 11738976.806898424 0.11061154680173871 0.09653234939413412 0.1136092876052608 0.09665819827453 0.11261050067930208 0.09148750185031168
590 916893.0 0.12874824409333832 0.10082689737439385 119313.11962319243 0.08430278312245766 11852951.45433218 0.11060487153603965 0.09653230728311357 0.1135584627568234 0.09665606821056529 0.11259913460729797 0.09149836728108093
600 933352.0 0.12884514341391695 0.10302033726109658 119253.31232439031 0.0843361697094855 11966868.894152319 0.11061324149508987 0.0968767242752539 0.11350934599760586 0.09665515510692095 0.11268335787418073 0.09294262520416074
610 951416.0 0.12888731816955523 0.1031323172116933 119379.48833563835 0.08436847930983503 12081101.642493127 0.11061324149509044 0.09687672427524668 0.11346194657857937 0.09665878144355489 0.11264973226128082 0.09300132836503046
620 958320.0 0.1289239712639845 0.10316283396388115 119318.08598616107 0.08439976320858616 12195439.47187255 0.11061292292955828 0.0968764370373686 0.11341607073131481 0.09666228729672478 0.112608505579599 0.09302028595173517
630 972115.0 0.1317295552262292 0.10327188069052744 112189.90453066863 0.0844578402218992 12297769.666344864 0.1122715780749913 0.09687813342102251 0.11337953335897902 0.09666570301871183 0.11337755365335929 0.09307238173921366
640 989536.0 0.13176182107975568 0.10895773046519107 112230.04126948545 0.08451413305811886 12400473.545094505 0.11227216159656501 0.09930416881334102 0.1133622558477976 0.09669929519837121 0.11336268689653564 0.09668861569586809
