1 1835.0 0.1857257740439948 0.16423365670718884 24226.781030547347 0.1857257740439948 24226.781030547347 0.4800826317490391 0.4557521391038102 0.48113051970664067 0.45640552524247907 0.18572577404400495 0.16423365670719012
10 17397.0 0.19473939514112537 0.1655027721140876 21094.130748336862 0.18859518139929612 45210.100978054536 0.47978402611332105 0.45179940003605595 0.4801405081994714 0.455029777118861 0.19317262898737347 0.1634096854300336
20 32624.0 0.19934142329192422 0.16904804329390707 20597.282243328358 0.18821778352812482 65832.51603230787 0.4787276404736291 0.45255143070795056 0.47953292763479666 0.45332101121940044 0.19646990210256052 0.16340562353149318
30 46858.0 0.200073691579268 0.17263099917187896 20462.98189818128 0.1874619171166613 86359.80020772749 0.480680965105995 0.4580732292413849 0.47946771845678926 0.45341165584047316 0.1963605676165695 0.1654980220298782
40 58222.0 0.2113267808696232 0.1776025282955314 17649.567775098843 0.18597803757611867 104447.25880152654 0.4811739619225136 0.45846053411939036 0.4799804524713421 0.4545907043972908 0.20417098850437512 0.16877237656749464
50 77691.0 0.21304724461521968 0.1784516470063193 17332.30296571897 0.18478802043492878 122180.94698798635 0.47907471396441365 0.4540039042970367 0.47987978868579917 0.45505169222628966 0.20500809303286405 0.16906959912419925
60 92398.0 0.21646050518105928 0.17945454315742385 16572.549109714935 0.18472538962102097 138776.48878348395 0.4742522558502044 0.4499831016056013 0.4794268078171556 0.45473556463910436 0.20770945538695162 0.16943676566079915
70 101829.0 0.22688647447623878 0.18101742590791103 14591.782625625749 0.1857157069110435 152862.10931492495 0.47941938365754205 0.45404383752976996 0.4793152103512516 0.45451208691093753 0.21390145401141095 0.1701822401716601
80 120558.0 0.22692617261009623 0.18145770217213017 15219.152841881027 0.18648823003487844 167758.08406369027 0.4810249016480121 0.4565425473832072 0.4794859968252305 0.45469482031485586 0.21426877308939182 0.17022034138906847
90 136123.0 0.23631317614458464 0.185839440157918 13501.858949886926 0.18742802916554713 180668.7205655126 0.48515558522708596 0.4554180205478105 0.47967560805692266 0.45484533284002787 0.22247193235815116 0.1737756893029086
100 159894.0 0.2379510877099574 0.1861697745611762 13359.65686434419 0.18767982181263712 193850.19537650887 0.485111812784616 0.45453654004164534 0.4802163175054746 0.45485854667748493 0.2230532339512782 0.17392173614110645
110 172009.0 0.24007241610795624 0.1862910255607204 13508.676286030217 0.1871350581703823 207790.28980022465 0.49214788697403256 0.45814193113769014 0.480957202957526 0.45498597364022314 0.22411946554859452 0.17371621084987648
120 190147.0 0.24309307900351323 0.19656007631351646 13068.806800654838 0.18647637028709166 221462.55254333484 0.49251516354557223 0.45777556888181403 0.4818521335917617 0.455175748474389 0.22668849881055161 0.1780698575748613
130 212895.0 0.24451335590346826 0.19902906348335772 12865.767074995643 0.1858851847137762 234904.26849239884 0.4893270261910234 0.45723419279437777 0.4824439246052573 0.455259007912044 0.22757139712409857 0.17963071102097733
140 227711.0 0.2489887689703649 0.20578739294218287 12592.617158982357 0.1856478901934872 247729.67245445482 0.4895776956881164 0.4559402775975803 0.4830125370110988 0.4554146987448578 0.22954702337547386 0.18209341420676764
150 262347.0 0.2720865948882319 0.21882946722771723 9737.590814977133 0.18607316329622714 256819.6948076786 0.4921775741220546 0.4600478518221853 0.48356297345945415 0.45563551093439714 0.24369737647511133 0.19189377756076703
160 277997.0 0.27407579437054896 0.2200041189791197 9556.43181961592 0.1861902701516622 266186.6891541096 0.48906643081664103 0.45772615210346596 0.48389721502847316 0.455771963415956 0.24540456298900343 0.19261985603855647
170 286231.0 0.2770778808189227 0.2219254668892531 9321.986740625118 0.18639879664559758 275164.45623793843 0.49032720716099903 0.4624141839031663 0.4842595012964631 0.4560252315993567 0.2472710200914779 0.19304455112335758
180 308931.0 0.27800975799932287 0.22461582504472305 9236.398990943988 0.18631562722439154 284545.8911856926 0.4873710811973512 0.45035388076355515 0.48446259657419 0.45579399472029614 0.24793542774780666 0.19404602317422295
190 323039.0 0.2807523277278684 0.22472272008549976 8997.452658595974 0.18624045207586135 293680.0283240114 0.4840852061805396 0.4558605294452014 0.48446272512154187 0.4557628962289552 0.2488155306928252 0.19370210499777157
200 337642.0 0.29959079585217685 0.24527891164153043 7573.035030387673 0.18627959122291374 301165.47169941553 0.4873749296762653 0.4490933665192178 0.48463383909237073 0.45562331790536886 0.2585228431302998 0.20640476646547332
210 360001.0 0.3017768663811871 0.24768160890891683 7681.597834625167 0.18620654112871418 309010.16673739837 0.4921090752012863 0.4393179290310229 0.4848835188312674 0.45502755554871993 0.26018861058693615 0.2072450697226241
220 375717.0 0.32380105401069714 0.25251886786743877 6302.957080438503 0.1866291411724376 314227.36117313727 0.4962211666950336 0.4302905281191977 0.48524107366510455 0.45414350329739556 0.27025651253111344 0.21039327373546926
230 391279.0 0.32893179194489414 0.2540836649641295 6070.571569048897 0.18696187510938392 319415.41490930005 0.4970336180133396 0.4300881721420548 0.4858002235864542 0.4531062485686844 0.27283868743949735 0.21016440071362652
240 407335.0 0.3312707676257895 0.2657843478579604 6072.842415259885 0.18670321219086256 326216.959631871 0.4867695722989794 0.43183106032634877 0.4860251193158732 0.4521824489728942 0.2742596283995196 0.21740645915763654
250 430484.0 0.3314914064805178 0.2668137300210738 6073.991834088997 0.18657221986312938 332656.96524745855 0.48798550570476407 0.4323334789554773 0.4860817190639125 0.4513882644867966 0.27460522586464275 0.21786818796973445
260 451015.0 0.33251010946951 0.2687973716780787 6034.595928843861 0.18645942728218415 339008.9985510672 0.4853930526847238 0.43101678954580125 0.48603278001273176 0.45061101594251257 0.274846523495825 0.21837141651460004
270 464261.0 0.3635123643821933 0.27244919509732385 4664.366478175619 0.18702909068676637 341864.1593309209 0.48566741369561983 0.42904490639444115 0.48604844727734076 0.44982345262503187 0.29466169675240955 0.2190712875609242
280 481634.0 0.36944995545585607 0.2815566942057488 4444.539712529156 0.1878443047422202 343743.49154957914 0.4921572686880038 0.4394111382824566 0.4862475197252364 0.44927687912562825 0.29816247921724875 0.22543503335807624
290 496441.0 0.3764123274089698 0.28312949332872206 4222.014713405206 0.18868289014657952 345297.40529091406 0.4936494036771467 0.4394592585938097 0.48646938719132543 0.44893760321501325 0.3005567185477154 0.2263694048977868
300 510846.0 0.3825434310079936 0.30025213270303397 4046.3025075752325 0.18955674786197263 346556.32607082266 0.4860696298957392 0.4431440406306257 0.48652846215913104 0.44873474266995345 0.3021782280426352 0.23421101455376184
310 527137.0 0.3835540142655859 0.3407256227719897 4080.8166770865946 0.19012735623847288 348806.40995555243 0.4885213353990298 0.45558076484325905 0.4865559707520415 0.4487580262723162 0.30327596776874255 0.2550965834283349
320 538756.0 0.38588682464202584 0.3442132462421768 4058.7529488299165 0.19052216629214203 351586.8017493667 0.49114443347231557 0.4544676926376728 0.48665415250060273 0.4489424649544329 0.3044738682829544 0.2578261613504431
330 547533.0 0.3956276599221831 0.3653832766761458 3847.423090534806 0.19105087375679433 353707.70565075416 0.4963581862113149 0.45939128594697715 0.4868505274711137 0.4491222786484984 0.3089987807460769 0.26424354884078366
340 557149.0 0.40761693414810274 0.3682270357238287 3522.6001485910583 0.19230763386025637 353305.3445701337 0.4967079367505438 0.45220625287178373 0.48715064453942913 0.44927038613708725 0.3211974490333435 0.2680029478484679
350 571583.0 0.4120322790179112 0.3715440731471498 3433.706382541599 0.19350893820036677 353013.73344113363 0.4966580370465084 0.4536400301455059 0.48742113875463844 0.44936086683555787 0.3256558559842057 0.2707145070658138
360 593992.0 0.41566645198597746 0.3773996135226447 3369.8515455853712 0.19475602406030326 352607.8803718327 0.5004074389918781 0.45364704342330464 0.4877219493927555 0.4494802952261058 0.3265048619932714 0.27246055634748423
370 605149.0 0.4206028797073227 0.3813299435260315 3261.4506669741477 0.19605392168877792 351997.36776547984 0.5029745077096276 0.4567040143454483 0.4880777036775031 0.44960908167224706 0.32995398451170654 0.27690704383534365
380 627248.0 0.42101494489817043 0.3817885346513332 3259.1172214532003 0.19726570468781768 351715.4410708116 0.5043674048422488 0.45640725549531674 0.48847965981928043 0.44979295526611435 0.33050680300658986 0.2775963474839493
390 642974.0 0.4325282020669261 0.38588384530560355 3032.8337663190255 0.19867144909476903 350655.2847403922 0.5080399477711088 0.4496636904580334 0.4889380877683042 0.44986441945558636 0.3382442415360983 0.28081072240763116
400 658309.0 0.43381440637118074 0.39356076133102486 3068.546397805011 0.19998649151821551 350015.8625297754 0.5004911632020121 0.4356093303981921 0.4893151201279971 0.4497096490199926 0.3391688943657214 0.282448829181943
410 670360.0 0.4359899106610105 0.40031514296697013 3049.389176647921 0.20127547408188942 349519.3551236163 0.4984338240415314 0.43521165271531603 0.4895032399372195 0.44935983304068156 0.3406060817325475 0.2853539143153873
420 693174.0 0.43845953611095445 0.40098732601631737 3022.4437484993373 0.20230227507886692 349665.3708499844 0.4985880339896665 0.43535638384342357 0.48971425869649093 0.4490261151350643 0.3412492245644682 0.2857950850448321
430 726661.0 0.4434552081071119 0.40703711852130087 3030.776218130525 0.20315650758917342 350303.95128923364 0.500284427427916 0.4396817114714164 0.4899740061391362 0.4488111206795127 0.34314020398149536 0.28754632318301254
440 738577.0 0.44422374595400393 0.4089136369595004 3018.6016343200167 0.20398075704159252 351045.5762682762 0.4986618938149554 0.4372784629602485 0.490172650707247 0.4485508070580814 0.3440093733659685 0.2882094171985397
450 757856.0 0.4537826863065578 0.4210152039816875 2838.495976009519 0.20468120415193128 351852.93506776186 0.4987340007424585 0.4407328940835093 0.4903652320460936 0.44836385935549466 0.3459122135038956 0.2938527432331638
460 775404.0 0.45386410899023916 0.42108543055584924 2841.88322728685 0.20524725210664968 353047.56909024256 0.4969839568174975 0.44076284675350413 0.490516726778831 0.4481995515857591 0.3460453636543754 0.2938732154147903
470 799183.0 0.4568319390028384 0.42771298124749463 2814.7488395517958 0.20561846507510642 354755.175313852 0.5018347723850338 0.4368795563619327 0.49064446759433883 0.4479419830053278 0.34780364789213175 0.29512617649118184
480 821344.0 0.4604545139911734 0.4315392870599623 2758.0338238548384 0.20581983608023768 356893.3222716929 0.5007672513496557 0.43550001631825763 0.49085341561865425 0.4476780375772738 0.34907062620648777 0.2961200841868084
490 843470.0 0.4609425558122278 0.4409769899445742 2751.8184508226723 0.20600550301756004 359074.2021853372 0.502867140642948 0.4352784601215101 0.49107694733532364 0.4474303259104871 0.3491547538891304 0.30186109025012825
500 865720.0 0.46127482640130985 0.4410241372806776 2747.8214248131258 0.2061435230785635 361395.8367868552 0.49466738917865677 0.43493721079117803 0.4912153066690911 0.44718483179175483 0.34922102480164097 0.3019483415110936
510 883402.0 0.4662762630646899 0.44463731843981613 2662.755476156478 0.2065029403794813 362970.7323744211 0.4971447419805384 0.4347265683011492 0.4912970823428221 0.446943889371928 0.35204514832628164 0.30399849204735435
520 890900.0 0.4707674980954197 0.44594877588811843 2594.5799098882712 0.2067014146614622 364942.3966038403 0.490669706409463 0.4385662076266076 0.4913071885044074 0.44675882106006826 0.3552217211925134 0.30475670170881364
530 912900.0 0.47845145431449493 0.4516293951397139 2492.1696026138256 0.20696799287469017 366589.928624429 0.49261748881063866 0.43644722945143566 0.49129229571451505 0.4465844566321163 0.3574587747303047 0.30598928462415054
540 922896.0 0.4789194748394807 0.4528625942596737 2515.8530389064185 0.20687579257854796 369411.7044314049 0.4838719476437989 0.4370130256863978 0.4911922974390638 0.4464072030987261 0.357600998632952 0.3066528650005002
550 935517.0 0.483426302497532 0.45455593179221415 2470.0575184432723 0.20668340496831952 372538.31171833584 0.4803383434139644 0.43573803505770436 0.4910027476949884 0.4462142319596846 0.35867031506083613 0.30729086932451327
560 954147.0 0.4862250843040197 0.456016912980209 2430.172883866673 0.20642433227702095 375873.717218896 0.4803742073597175 0.43600370021090407 0.49081415910525145 0.44602082847003577 0.3597966846409579 0.30792627461579025
570 977096.0 0.511920886603564 0.46500839901404967 2088.209210701066 0.20654327626432992 377534.76628025726 0.4982998861453307 0.4408823772770741 0.490849788854907 0.445909083936033 0.36615249105263276 0.31065603061748115
580 997041.0 0.5157162576347573 0.4774215430770067 2078.2755792277567 0.20688173071350263 378437.08746912243 0.4894919131862481 0.44592773010680303 0.49082003989274064 0.4458726718265363 0.3682711219493956 0.3148569764365939
590 1017881.0 0.5366673197008369 0.48514882629993694 1840.4324272111273 0.20735936160280277 378559.674620864 0.49030913557590755 0.44461923107236023 0.49078494772966624 0.44584081394556124 0.37627889097173967 0.31825946351074164
600 1044993.0 0.542198058586819 0.5032742192637876 1792.2372748463226 0.20791546033129896 378369.79627484817 0.48755417370791826 0.44133145320841594 0.49074539896502617 0.44582712555900117 0.3786659681323746 0.3278247305169498
610 1068313.0 0.551462159735 0.5257819281226428 1721.4103817468028 0.20827177458998458 378777.190287132 0.5003174843274362 0.44784215090578455 0.4907914129404501 0.44581143170616744 0.3787361721804344 0.33403730945341115
620 1082206.0 0.5551602712436022 0.5268160000489638 1693.4497990182113 0.20835883010120299 380138.57870626886 0.49413656331610717 0.4506089903751511 0.49092905804748843 0.4458462322704427 0.37986191610686953 0.3348828755793542
630 1102593.0 0.5636642462792274 0.5306274912482748 1645.18135599394 0.20841014483170867 381585.32152399456 0.4959763531559288 0.4418412988571943 0.4909873649842132 0.4458809890739334 0.383331077829719 0.336662175031071
640 1113945.0 0.5763274692906842 0.5445348531781348 1544.0415838447639 0.20862687068728192 382288.76192054286 0.505114452838356 0.4338526513479602 0.491099481990534 0.4458150281878578 0.3872632516391454 0.3441787371794207
650 1133404.0 0.5764794161629848 0.5471486713101079 1545.4229600111566 0.20883960840999471 383012.91886686545 0.5008053299642612 0.4329073155551316 0.491290177351401 0.445624369536705 0.38739350621532687 0.3452197491870279
660 1156140.0 0.593750768834383 0.5853805424391126 1417.6284239167312 0.20907036661644277 383516.7022167704 0.49846071452000074 0.43998074047619534 0.4913889114288887 0.4455291908682921 0.3923192392752326 0.35936704202700603
670 1171067.0 0.5962172091471237 0.5964028524716897 1404.989070166793 0.2092613829399952 384163.12412897695 0.49674683720655255 0.45002942437531274 0.4914841776285399 0.445531678710762 0.3939040519937438 0.3623751945595754
680 1186322.0 0.5964354102018603 0.5967050037845634 1406.4121614816866 0.20943827378075638 384869.0877836474 0.49692210653899804 0.4497484398166589 0.4915620320129285 0.4455956669336967 0.39398005901295285 0.36271267590367595
690 1204234.0 0.6165471828065607 0.6199427916674811 1279.9526269547569 0.2099249663898963 384235.5255825012 0.5008032100171524 0.44937630412873647 0.4916670967993048 0.44566516213568386 0.4038288738849887 0.369665907257051
700 1217263.0 0.617673564689303 0.6217412014297785 1274.8356201749627 0.21031063828422833 383989.28278221935 0.4961841233985775 0.44901552421907887 0.4917526629048191 0.44571486763557394 0.4040720920836045 0.37007063285368375
710 1236720.0 0.62017960018687 0.6225928967121653 1288.169360483585 0.21071400780331212 383709.6539923154 0.4976591018373602 0.4554311201038086 0.4918277968293119 0.44581603551852317 0.4046544531009511 0.3705405354156867
720 1257862.0 0.6212819689184567 0.6233973664386829 1290.2786199365557 0.21110965178071764 383475.12769423414 0.4961754728904005 0.45461225873328404 0.4919005545268011 0.44593892058686047 0.4050524377170402 0.37068522563845324
730 1273870.0 0.6233574619232394 0.6262304297730501 1282.030698088541 0.2115108522830676 383221.57228361984 0.49391826054519944 0.45577049087968663 0.4919375136221692 0.44609574511061695 0.4074269514276036 0.3724719694729732
740 1304749.0 0.6297871349320744 0.6438474365547597 1255.08956599233 0.21194128371709817 382836.5155077001 0.497134049470723 0.45908235514193324 0.4919877101447482 0.44625722387054967 0.4089773810162357 0.378795791073465
750 1326879.0 0.6429828518697823 0.6520817655158367 1195.570340819946 0.21236585534144722 382398.04223302344 0.4991535740939015 0.4620506533346182 0.49206007255359646 0.4464435475191013 0.4149937813147439 0.3802732456955005
760 1352238.0 0.6574931647972 0.6593560471126877 1133.1244900548957 0.21278090400766375 381915.2304865791 0.50928001570063 0.46239685833339556 0.4922393342058209 0.4466446360168966 0.41859987966847084 0.3815834439345248
770 1358113.0 0.6674725438962774 0.6636106791457728 1087.6310088853986 0.21332002935768843 380924.64082418487 0.5154141045161393 0.46741394693461197 0.4924771086818535 0.4468858890350427 0.4207397135177209 0.38271394663214686
780 1382328.0 0.6854626989760995 0.6788969562004589 1025.5337797243394 0.21379027818999644 380105.71140037436 0.5252402738522983 0.47356751600673014 0.49286222368849597 0.44723084126344953 0.42183142048295935 0.3886154165188786
790 1397334.0 0.701487266241328 0.6842469279636861 959.7629271657797 0.21439858031516407 378689.9097685694 0.5264155407143103 0.46355918818134967 0.49328893302221766 0.447474554742699 0.42838463540545063 0.3904611647190327
800 1413289.0 0.702589795304729 0.6911609629410088 956.26572356917 0.21482299712325337 377972.0192076412 0.5261859176702405 0.4644655832242375 0.4936553296374268 0.4476949113047414 0.4290348432461652 0.39324274341804333
810 1428986.0 0.7081206975504855 0.6991813244723708 938.877782688039 0.21515671682995374 377585.17432744545 0.52055336420981 0.4648919133498477 0.4939878459061549 0.44788857683499245 0.43057837963760826 0.3963707501021346
820 1453436.0 0.7297949117777058 0.7021451881081033 862.0708962754691 0.21561788526801093 376608.12293312984 0.5269236243173655 0.4602326155261052 0.49436031749148995 0.44805074393688804 0.43573698228674695 0.39663095139165844
830 1462052.0 0.7363621400254968 0.7048991700869638 848.8069372303303 0.21612899612581865 375439.93184679566 0.5282141843532748 0.4501280610609744 0.4947699535341617 0.44813311599863676 0.43746624783297683 0.3971388069008257
840 1484593.0 0.7426919152024657 0.7062870687030666 840.5100174252383 0.21667079699963754 374165.92664069124 0.5314279589454031 0.4509263258207909 0.4951864105880134 0.4481576826280787 0.4384673554495096 0.3974147524057538
850 1507906.0 0.7676095681632004 0.7118054716551572 769.9001181891374 0.21710765121635586 373187.92148542986 0.5388849928238065 0.4502873235040844 0.49563867186268495 0.4481880096168371 0.44063676355381604 0.39869054304278
860 1524795.0 0.7690476131037228 0.7121908743458683 766.4736764258021 0.217578455986791 372091.52545324963 0.538695214229067 0.4529266895312313 0.49613461629158506 0.44821314839700266 0.4418262498437527 0.39883658959139306
870 1543448.0 0.7729169717650484 0.7340062685226256 769.4558412729604 0.21796352729597218 371339.7385005797 0.5426695885199635 0.4544687416872156 0.4966587183202753 0.44826563914587503 0.4426742267465278 0.4059525822903902
880 1558166.0 0.7817874334475455 0.7375617756004322 744.7268789556927 0.21834377126803634 370580.2926950731 0.5512982439367213 0.4566965978762698 0.49724961063201945 0.448353626584153 0.4462262395263027 0.40499065131626816
890 1566984.0 0.7863963242827974 0.7382900247202329 737.1602798083495 0.21867134737076416 370021.0303203295 0.5483958214606506 0.4521766646374429 0.4978428692183694 0.4484273750095044 0.4510166577867702 0.40564428300695593
900 1572194.0 0.8229547861654966 0.7400202613660523 653.9501813287545 0.21928185810475592 368271.5652765616 0.5740338037762307 0.44478969331779683 0.4985758738080661 0.44838217081983106 0.4577632664617663 0.4049060828487349
910 1591993.0 0.8408597456751301 0.7655481645006484 620.6981256991787 0.21970993755795193 367176.3136446249 0.571923605891864 0.4483879973561518 0.49939852746779745 0.4483776247204723 0.46429423973820805 0.41251921570381067
920 1609249.0 0.8428320631888282 0.7657139533379923 618.6257127560142 0.2201288110014018 366127.26433659357 0.5726429875938364 0.4500210485895031 0.5001899326167435 0.4483884068114915 0.46581405095956135 0.4123940085434909
930 1626411.0 0.8431910198994365 0.7684658063427865 622.4528241987946 0.22053125503325738 365160.3533572018 0.5719311645839658 0.45084253302288324 0.5009625970786545 0.44840654630693555 0.4664592776721779 0.4121045786945753
940 1645248.0 0.846740364813764 0.7749641818169887 614.8439104211907 0.220995524824129 363961.8878007291 0.5652669838332343 0.44896263667791503 0.5016894694732896 0.44842596538737656 0.4678352726652378 0.41329114991425075
950 1662750.0 0.8535984176230309 0.7776738074956596 607.1034191194749 0.22148029695817903 362691.04048343183 0.5540628183869026 0.4388680841079198 0.5023081790944216 0.44836464973581086 0.4742456520400194 0.41410439626273093
960 1678826.0 0.876708411557753 0.7875065452910516 562.6830765612184 0.22170114034089639 362370.2782964096 0.5464095923840014 0.44309466147514287 0.502793434083839 0.4482852352707134 0.4809751677104971 0.4164636177270678
970 1690284.0 0.8853834813923821 0.8002374301596541 550.0803501478637 0.2218902126888308 362161.84200050216 0.5480474894939991 0.4319142846506827 0.5032505551029174 0.44816543565456474 0.48340004824489735 0.4193417169502206
980 1701934.0 0.886280270282813 0.8024187653793051 550.6091062802046 0.222075442511417 361971.959776844 0.5477665617865559 0.4310470831158911 0.5037052508422023 0.4479928567348653 0.4839137042541758 0.419624480238777
990 1720878.0 0.8954790135154366 0.8035017938635298 533.6309833791186 0.22227293145078822 361715.0239500793 0.5542412820721647 0.42889303497193976 0.5041946834273454 0.44779906766935806 0.4861804470329028 0.42022119662487445
1000 1741673.0 0.8995303081421213 0.8171289231167929 532.1928860019701 0.2223765593772602 361830.37435919105 0.5464055608087759 0.4411762467443785 0.5046374540783791 0.44768628789989784 0.48735646188519627 0.4251071164129971
1010 1759067.0 0.9035926425041684 0.8188561866016745 529.1837710903154 0.22248389433231566 361928.37235251116 0.5445384702920048 0.4333605599495375 0.5050378904563941 0.44758221446273677 0.488101018168574 0.4243045624979632
1020 1772262.0 0.9048130059807575 0.8190886261886058 532.2712206127483 0.22264603762501603 361814.56332610006 0.551686324403428 0.43439937594891775 0.5054830690401105 0.4474413978168925 0.4886988965412203 0.42401662675420193
1030 1791688.0 0.9057347045510089 0.8253765573820365 532.3484474018774 0.22267946779753564 362212.5646464607 0.5460917821241611 0.4333818821853416 0.5059000861157529 0.44731056343660475 0.489120623562366 0.4254166789105368
1040 1812114.0 0.9073854847824918 0.8255935859029102 537.3374905567688 0.22268216130757537 362739.07373985864 0.5361996720866874 0.43576507594556835 0.5062297457942068 0.44715667008302173 0.48941164465382175 0.4250037077901913
1050 1832275.0 0.9169989528826641 0.8326494522480091 522.1200551655521 0.22265945763341397 363353.1451316728 0.5365626793246926 0.4366652525790676 0.5065160038465386 0.4470552642080931 0.4914269694442933 0.42760374712642135
1060 1841030.0 0.9185669118693787 0.8347677882645386 519.8970195177983 0.22267633145285567 363804.8647661204 0.5367943383683879 0.4376982347021259 0.5067997284268333 0.44696379942853953 0.4919344237314808 0.42747204639364766
1070 1866974.0 0.9193449290368446 0.8393120537275679 521.8662807188686 0.22261607173038686 364571.6759600617 0.5331836556342779 0.43785270302015233 0.5070689149687669 0.44687835879366167 0.49257631470027996 0.43054332160462816
1080 1882550.0 0.9265362354277303 0.8566477745352659 511.2837769924594 0.22260685072973765 365120.44529717485 0.5311381059707401 0.44009541315540274 0.5072960078958387 0.4468118537064167 0.49708434724060546 0.4366530808766847
1090 1910384.0 0.9347542116327497 0.8628443274819483 499.4835319235258 0.22261278351889466 365595.7402446239 0.5282398520532016 0.4344329004270553 0.5074917158229221 0.4466987412815758 0.500568475232089 0.4398468421966349
1100 1927063.0 0.9383303079878441 0.8648232219056264 496.47555475492686 0.22265008859033925 365940.4194503795 0.5297832903805884 0.43501522650021035 0.5076904871313717 0.4465832345382394 0.5027481154566737 0.44016772913527574
1110 1947837.0 0.9401314482169613 0.8799489917704177 494.79933555304393 0.22269084198144448 366269.4645209719 0.5269256972058909 0.43944867431055473 0.5078858562379536 0.4464785034659478 0.5034758061067287 0.4434920347696099
1120 1956335.0 0.9407894897164407 0.8828735731503256 494.36183996212475 0.2227330635722408 366592.2327015197 0.5266002834105162 0.44076163117235195 0.5080542212946779 0.4464355345168338 0.503819649136864 0.44379206618646727
1130 1972458.0 0.9418978521127298 0.8858004939529123 493.5180410434229 0.22276785828038478 366944.3103764574 0.5278945154261678 0.44041230870724 0.5082211896329901 0.4463808593363232 0.5040225154455042 0.44439551343714806
1140 1981704.0 0.94864141913172 0.88678887671618 483.86943465384127 0.22282274066037971 367204.8641441938 0.5300102801462739 0.436849133210943 0.5083998999599754 0.4463162091069833 0.5069246418156451 0.44411133337779907
1150 1999141.0 0.9527567968487509 0.9055346998227722 479.0947235301529 0.2228918763327175 367402.82989959593 0.5287318135020412 0.4437314535052521 0.508576332416286 0.446288386020366 0.5079990640105977 0.4461568880430768
