1 1322.0 0.06954537127842815 0.05372076802174489 574043.2192595601 0.06954537127842815 574043.2192595601 0.1335293217177235 0.1284858403000009 0.13352932171698229 0.1284858401224913 0.06954537127842804 0.05372076802174483
10 19073.0 0.07017668645842107 0.05452903663693178 584197.3579461653 0.06959308204665104 1158263.2020687687 0.1340890909690598 0.12860584455724092 0.13378395501361118 0.12856063270013676 0.06989147548288355 0.054460428902456684
20 33201.0 0.07019418899526968 0.054814064063962664 595642.2622663375 0.0695971813529579 1753911.3471662414 0.1353870919575743 0.12862370298157086 0.13417667544376488 0.12858776232812386 0.06990000060549266 0.05466600363854879
30 56894.0 0.07057815901910575 0.055306372753653486 623359.0157483674 0.06950533453543889 2376847.2731199 0.1352166970867308 0.128434350873465 0.13457810869616424 0.1285501949758795 0.07017752491148829 0.05495476750617096
40 78633.0 0.07129879833699314 0.05543203911256503 610854.6096942979 0.06941327251251213 2987498.5739492103 0.13496719767967671 0.1282533938726621 0.13473371201734652 0.128502048812495 0.07057038371301848 0.054968767615085845
50 95489.0 0.07181130106422785 0.05582797506388678 607481.6967382615 0.06912376757742945 3595285.491285571 0.1360999176656292 0.12869620605054452 0.13499641222944572 0.12854015963057203 0.07079344886340591 0.054996278545808
60 112211.0 0.07228534377527994 0.05813195459718758 626831.6958691222 0.06895105172378306 4221350.22927615 0.13648391227413068 0.1274722843929076 0.13523196402025475 0.12860107548575989 0.07108559821266762 0.056974247545170345
70 125597.0 0.07255134931611372 0.05930973473104936 622465.3492598054 0.06837632121212514 4847521.963213382 0.13644942947645158 0.1278362938367917 0.1354073832539982 0.12849264831632104 0.07118340797144854 0.05751046311538796
80 139786.0 0.07302824264553333 0.05964528652265232 613966.591923607 0.06793550714686249 5465645.029709536 0.13718211642925313 0.12837277463436114 0.13554398379078622 0.12841346415980695 0.07137343064368018 0.05770219176391779
90 155054.0 0.07329061248655601 0.060336148172730066 612981.3961271438 0.06748000713563189 6084879.07937665 0.1404659162362831 0.1276966036097773 0.1360623596047776 0.12840672816837295 0.07147228415900424 0.057963620758121684
100 170660.0 0.07451084548915636 0.06231924342652466 588169.5833925289 0.06710895622484941 6682167.742412803 0.1398170678702737 0.12507179155443615 0.13648766871602436 0.12828497568740527 0.07207821107519503 0.05892194685840204
110 189075.0 0.08422525009899845 0.06323750371951245 412493.3971448796 0.06720563858044619 7085796.8223448675 0.13969362467270807 0.12408273707635545 0.13679042900110083 0.12791645158384368 0.07892900595829262 0.059557100496218235
120 199448.0 0.08447833977899416 0.063543220964745 422552.8294653128 0.0672374415836692 7505549.666763511 0.1394912297801922 0.12524500434129268 0.13714966876432774 0.12761830691582524 0.0791612036184134 0.0596374693678284
130 210535.0 0.08470489898128958 0.06632757876964127 429293.48385811044 0.06694596294799947 7964277.320021101 0.1386857259741187 0.12513319121715033 0.13730615360585333 0.12743948254335064 0.07912440567410987 0.06020293629412476
140 238041.0 0.0849883463228936 0.07014526090848057 442657.3568210936 0.0665939870943421 8442466.361994583 0.1393128254244717 0.1442676689873751 0.13743609177729837 0.1278066174334333 0.07926748342818299 0.06149007306055552
150 253155.0 0.08529293983671433 0.07029314084699279 442857.01592040603 0.06638374442972074 8905490.143621452 0.13985630584351796 0.14171638316439952 0.13757488604381204 0.12877651591994826 0.07935373455516825 0.06158385423548391
160 266502.0 0.08560719295998968 0.07082756544533271 444342.6566049792 0.06616933373435507 9370945.344040027 0.14104008633216858 0.1456360987127262 0.1377265561557656 0.1296336059999241 0.07940758498215254 0.06187900324571214
170 283983.0 0.08592638056576643 0.07199928391052807 444353.06189987843 0.06591332112038957 9842381.171562027 0.1397290743159245 0.1442923917282811 0.1378856535535265 0.1305261234759463 0.07954540951539983 0.06254963306363534
180 309996.0 0.08621312495241953 0.07203917781871132 442155.10335918795 0.06568503353541848 10309435.366237983 0.13971732629182373 0.14384954509423506 0.13798672081000182 0.13126205427835796 0.0795648705524042 0.06268680334351674
190 323580.0 0.08653332583592381 0.0726557608047334 438762.9656953654 0.06548571306953618 10770657.807407942 0.13967175295385392 0.1436362321642713 0.1380748892133216 0.13190593038474907 0.07968929688189838 0.06291593898053484
200 341486.0 0.0872659287647693 0.07279516993963965 437349.6375879239 0.06532980099191045 11225495.796595106 0.14102873464707621 0.1436390431744193 0.13816922174679125 0.1324896425730854 0.08009037643741193 0.06305044474891476
210 357841.0 0.08729927681113757 0.07323166855542589 438141.51381889667 0.06489055111072867 11731064.287495714 0.13547168800278875 0.1426707587973889 0.1381483694567046 0.13299461852388866 0.08004984870610665 0.06321999595521717
220 386573.0 0.08751802397567378 0.0737595553551821 441576.39718594553 0.06449365978370084 12233895.97451071 0.13572595966537088 0.14606577308568364 0.1380277925209608 0.1335014342484544 0.08012938061138361 0.06357461725367917
230 406514.0 0.09497793511821674 0.07699848027489177 357788.71725065145 0.06437692427492663 12615294.508601118 0.14022865863732978 0.14875521424453458 0.1380259722437314 0.13412339176818983 0.08386447367231 0.065030867664889
240 423101.0 0.09498692814549224 0.0770704705067376 360812.40085721755 0.06426841133716538 12997876.77896134 0.14119258983438962 0.14740703978324762 0.13813022212157214 0.1346980480772258 0.0839276647459269 0.06506710970833639
250 435802.0 0.09516689187695256 0.0782297277407937 367579.89624045993 0.06416833713982896 13384904.167663213 0.1411708546306861 0.1458374883777533 0.13825179292547002 0.1351737299024835 0.08411827810733284 0.06542501431846817
260 450032.0 0.0957439838137385 0.07963987483855202 365622.4178077271 0.06410236391096369 13763245.41705003 0.13917236764840776 0.14854846861305607 0.1383344647532626 0.13564010911444627 0.08455276392730321 0.06612717046839729
270 488155.0 0.09717748897021311 0.0802180270334638 350079.12193235755 0.06404111154235495 14126350.393709563 0.13930179825650355 0.14863052930720305 0.13836937353896847 0.13611860290816774 0.08557867761241449 0.06641945053612229
280 504711.0 0.0983228777442451 0.08072928899840578 342391.69487461034 0.06399731574283521 14478400.259736342 0.13708590789397437 0.14694485261539053 0.13835898781586656 0.13653085213691799 0.08597988448055485 0.06650915712293291
290 526134.0 0.09840436909006513 0.0808712442524306 344274.89231947676 0.0639349423665299 14836606.512346739 0.13707299578096108 0.14694711534948002 0.13831525253165425 0.13688882004937206 0.08601904897014066 0.06650956380461126
300 546622.0 0.09910187665803857 0.08108070502493261 341439.4453149956 0.06381141588887215 15208089.563494444 0.1340761927306194 0.1425790870520606 0.138245492745282 0.13717164934986287 0.08583875554812975 0.0665705017237754
310 563941.0 0.09928994174837266 0.09167193624329638 343871.8442244451 0.06369476602569042 15580185.756401738 0.13421430834471987 0.14305133861556693 0.13811136675340652 0.13734678045429566 0.08594702886850675 0.06910086575919706
320 580424.0 0.099355647978779 0.09541676677346052 346281.0013764706 0.06356351357500561 15958763.395158673 0.13460833645774967 0.1392067331439943 0.13799550007497072 0.13745143417272743 0.08597565475190416 0.07234753723939973
330 604249.0 0.10814347430152588 0.10096973691886771 270554.4072290268 0.06357231840371273 16226429.058365857 0.13428282823422427 0.1330454734799897 0.1378688848408422 0.1373357530226553 0.0915186492555644 0.07533036253611455
340 612130.0 0.10862370210767609 0.1020138761551925 268313.7004658198 0.06353138296462854 16508804.517666832 0.13436776288295132 0.13387853558847262 0.1377638798175471 0.13723106001224572 0.09157838237868361 0.07594281138874903
350 631288.0 0.10907155802578458 0.10308857485223843 268913.14859633375 0.06349848700107327 16788965.036820028 0.1341688075906269 0.13645026378532174 0.13766319357788703 0.1371794953809135 0.09178323495104186 0.0762229136294766
360 648616.0 0.10935936400112553 0.10443365822978565 267993.1288330479 0.06347286606824257 17065736.83702871 0.13106346666218405 0.13424128601166838 0.13750121485187441 0.1370957112517048 0.09187701761019051 0.076733527593003
370 663297.0 0.10996186662001323 0.10488789625987308 267262.32324107253 0.06340009044279957 17359064.12230682 0.12992706573802124 0.13437932969818603 0.13730849537811776 0.13701896561728308 0.09238183051611473 0.07697560742703144
380 676348.0 0.11092733541984277 0.10493776097041296 260559.11847988152 0.06333733846723212 17642809.749008544 0.13029140462942754 0.1341516947161716 0.13712009397895591 0.13694903424436333 0.09298783655547826 0.07688247487741898
390 698258.0 0.11111351963421753 0.10515656317510187 264134.89293085044 0.06326506606392042 17933575.424683217 0.1312662135027054 0.13408698357110543 0.13694993866368207 0.1368765734364177 0.09304565742359064 0.07687706496709196
400 709829.0 0.11154980643880513 0.10627823059096934 262456.5339542842 0.06319791817275053 18221055.813646384 0.1310300608069067 0.1340150056911576 0.13680500785432154 0.1368038173564363 0.09311615903255904 0.07763010180708893
410 724903.0 0.1169305166767629 0.10979972635476329 228604.07394597182 0.06317802123905804 18458096.223344337 0.1342706064562409 0.14165323444858402 0.1367388205487054 0.13690317441381844 0.09514593948104424 0.07796813407893817
420 753782.0 0.11711775128702291 0.11109811061664285 229893.9705576642 0.06309599938309501 18724236.598327942 0.13383088466253118 0.14221318622592163 0.13667440430861844 0.1370246327185321 0.09523033499964798 0.07881768254139758
430 771184.0 0.11817948928729301 0.11380942006496428 225137.36620278552 0.06303750318165034 18975521.337318856 0.13295091496639924 0.14690301907558598 0.13660502710957603 0.13723532754042791 0.09568343259393935 0.07956486887605682
440 784372.0 0.11823628615725618 0.11478635425563537 229072.76442467375 0.06297832016429464 19230743.301971156 0.13465474027664567 0.14700517388250375 0.13655734099017533 0.13745587117047448 0.09565583046442337 0.07999671790803461
450 806894.0 0.11831090218724703 0.11485185538118708 230659.6245340223 0.06292112960834828 19486590.954495914 0.13447330858782128 0.14714520051561994 0.13651309137135148 0.13766840063001545 0.09566825270443395 0.08007931593144742
460 826907.0 0.11844455949028809 0.11613385173829856 230967.25696393187 0.06286637301345177 19741725.498060197 0.13448233402057108 0.14782687042272857 0.13646898622822973 0.1378850481985809 0.09563520223543714 0.08058279099516046
470 853532.0 0.11848203463919535 0.11782013074952763 231485.5815727268 0.06280828506354472 19999001.638616204 0.1345805445799552 0.14952598566380185 0.13642713098541365 0.13811408876298628 0.09562586855704801 0.08159516964042496
480 867884.0 0.11892123019386439 0.11907158465661404 229297.22528748403 0.06267728848085287 20291276.66017929 0.1340528022709254 0.14820764680668674 0.13638500347721869 0.1383247570959721 0.09579267188751676 0.08203841517301141
490 886672.0 0.12450387518538758 0.11911693654293051 202471.8400295514 0.06254415787472845 20566224.88373487 0.13747791138251758 0.14798337784106186 0.13638736860909118 0.1385227319666144 0.09834582530576852 0.08214386197238858
500 909759.0 0.12463143622835776 0.11917729369612613 202971.45105254298 0.06242143933297299 20836200.042454585 0.135133457661981 0.14737542214282434 0.13639455959336305 0.1387055786549751 0.0984394958302032 0.0822729509999217
510 936634.0 0.12940687259434946 0.11984842091018465 183614.3983600299 0.06219898199528829 21160125.450779717 0.1328062018017063 0.14740111018256194 0.13635183884086213 0.13887544641132898 0.10088202968006725 0.082701824276435
520 950812.0 0.13062911174373956 0.12066268753013558 180749.8437650631 0.061984017110039376 21479800.11115723 0.1329063521212494 0.1453643185638887 0.136281590611172 0.13900936673579586 0.10148574778749264 0.08288856316895347
530 966860.0 0.13064651158671103 0.12090630758061682 181745.01724553385 0.06177709664088831 21796722.88374166 0.13299471353565553 0.14535189363670686 0.13621976486463208 0.13913054267231878 0.10146436897078367 0.08298470477355496
540 981570.0 0.13113423116018863 0.12332387098477504 180149.10427812836 0.06158069012534286 22107397.598921556 0.13273883807626877 0.14420829201608323 0.1361580392329359 0.13922825192586089 0.10172624487651351 0.08389785368748144
550 996601.0 0.1314304306530826 0.1235329293457406 179823.81221670573 0.061387117622390255 22418014.62854747 0.1328516060125391 0.1448545325961763 0.1360966026416225 0.1393247222751692 0.10187018811638776 0.08397893159277102
560 1015216.0 0.1318133091032854 0.12400042906337977 179101.0952701564 0.0612088839028695 22718745.795477223 0.13240623816880284 0.1429542186940935 0.13603704503330655 0.13939601334833268 0.10190637883698417 0.08395663197040185
570 1031017.0 0.1329683659458965 0.12450854583186848 176377.72453221056 0.06104069721104521 23012057.692968585 0.1326362918554934 0.14299887701491842 0.13597535850166081 0.13945849606809607 0.10220860360364001 0.08413319226465789
580 1040093.0 0.13332656680276478 0.12507259918966515 175161.05467338426 0.06088237083359161 23298703.3226149 0.14400139593648167 0.1430343369325544 0.13593755432332788 0.13951901139143447 0.10210734351280427 0.08422177379374793
590 1066094.0 0.14767174149736217 0.1259738235090445 130554.64256595602 0.06087560267948804 23434453.07070521 0.14371408661352264 0.14277214465695615 0.13607201143370923 0.13957689199782425 0.1062286733112782 0.08440691094577374
600 1082712.0 0.1477871467790254 0.12603305903673212 130825.38621689467 0.0608606550575747 23576795.99629144 0.1438604496491446 0.14274975383748986 0.13620102141032747 0.1396301819014952 0.10637030435828061 0.08446931649626833
610 1096209.0 0.14850319274932053 0.12635611430896257 130529.63108166216 0.06080359763414802 23752382.52851665 0.14396655926834512 0.1414680832443087 0.13632759456750426 0.13966648684078958 0.10641990422877136 0.08440090280926822
620 1114434.0 0.1487507454359689 0.12645489895335793 130598.39983061336 0.06073625248610737 23936687.82775952 0.1442753627957312 0.14183148546791172 0.13645257081106832 0.13969784610532204 0.10658472991855782 0.08447830680852722
630 1138326.0 0.14899342696378073 0.13036621909957158 130529.43433543129 0.06068137924246847 24110935.469940938 0.14366290579162871 0.1422708586810183 0.13657312598416108 0.13973761816545405 0.10676299109078517 0.08590565498353814
640 1150631.0 0.14952948198415553 0.130624523898901 129475.24938300384 0.06062819440632616 24283102.968763232 0.14334188641717321 0.14220969549433618 0.13668157139993864 0.13977736102158952 0.10704896868849408 0.08605541007359183
650 1166001.0 0.15023792140213857 0.15050131038924344 128399.65017071713 0.06058422175972898 24446913.578732073 0.14469324579027473 0.15138615348083478 0.13680584283243974 0.1399435079777764 0.10714014656765737 0.0947749228820803
660 1188802.0 0.16068804308793305 0.15120149556919826 105581.68576295675 0.06054122780097668 24590273.14709354 0.1566107809161141 0.15281171031368002 0.13708568030203824 0.14013598421059362 0.11020255489685792 0.09517703386402018
670 1202089.0 0.161537260063765 0.15182114652253126 105284.34946633363 0.060508674648123754 24724150.198511846 0.1566112514318773 0.1527127321493349 0.137376597778434 0.1403235117149928 0.11065917292055187 0.09548769503337266
680 1219095.0 0.16199533347985182 0.15839124076621466 104918.60598703049 0.060483870861803395 24850859.705978125 0.15659427397227865 0.15454687149480104 0.13765910080660984 0.14052276435331854 0.11094781116354949 0.09917395929086939
690 1239866.0 0.16470817096572343 0.17144061523519427 100421.11239410297 0.06033528630002417 25091624.681406323 0.1557680077975383 0.15553213055041357 0.1379219996705023 0.14073763114908028 0.11160525171002592 0.10679010035609891
700 1247814.0 0.18144050658504424 0.17785987060295716 75488.32186798543 0.06030400868793273 25198101.77554083 0.16413311191975213 0.15789985956302094 0.13823839413233233 0.14096731323915246 0.11618416018702359 0.10979511326146958
710 1262761.0 0.18224505150477385 0.1852859735025445 75030.88423176955 0.060281770379255833 25295183.517401133 0.1637079104176201 0.1575995528742739 0.13859662904732362 0.14119554397741185 0.11676146689415426 0.11393759879857088
720 1271120.0 0.18354352613908645 0.1858988828888756 73606.58452678008 0.060223225045488084 25427948.804380678 0.1636404310433878 0.15779426508026173 0.1389402213225619 0.14142421531143531 0.1168220214015729 0.1144260162923955
730 1287514.0 0.18416078316684864 0.18679734372724724 73117.41890907186 0.06016907414715489 25556032.700148877 0.16441520498975268 0.157888913809451 0.1392865234254972 0.14164901174651642 0.11734368702296998 0.11495701027652386
740 1318891.0 0.18672867421724815 0.1870753784904798 70694.30180625313 0.060168735074668994 25627069.058422897 0.15257104450502496 0.15465891420823222 0.13956060107006174 0.14184338490951834 0.11799642512730248 0.11519612288370092
750 1335815.0 0.18725777006511415 0.18713867140755616 70560.1694078306 0.06011398962217442 25753943.68073104 0.1475890373005347 0.15468286224103314 0.1396747878350545 0.14201417694116428 0.11826290407596639 0.11536728724791533
760 1365459.0 0.18728876821877993 0.18783084283105592 70724.84551351215 0.060056390136476887 25884187.522815492 0.1480035440959808 0.1571274843973256 0.13978043126481993 0.14219278502820515 0.11829485516082293 0.11574658348266094
770 1388380.0 0.19194913156436857 0.1910434108935626 66549.57101595179 0.059997369858658375 26012893.552830603 0.1501972669447121 0.15763064773595942 0.13990479215882598 0.14239925582547738 0.11871094946071056 0.11675241957341241
780 1407022.0 0.19200174965795053 0.20000016107140398 66971.61518631363 0.05993997935630335 26140450.861707468 0.15016996143734512 0.1633207364620451 0.14003626766405478 0.142648685973049 0.11875226926047884 0.1185899749163191
790 1426600.0 0.1929043475190208 0.200419663545076 66532.6957446196 0.05984460368615126 26309558.730002347 0.14529633760038346 0.16426136531863222 0.1401159655420833 0.14290626072391194 0.11896177693137804 0.11892379649837431
800 1444397.0 0.19492288773312116 0.20133965916450014 64728.24615393727 0.05973657756345109 26492466.249239225 0.1452457090268736 0.1672861400950461 0.14018061325474426 0.14320765327410906 0.1192977109087178 0.11946094769168153
810 1456897.0 0.19504448742699804 0.20211150143106116 64771.16595182078 0.059631176844729114 26673362.469597686 0.1454344718310373 0.16721188789211108 0.14024542742696558 0.1435036847150324 0.11927482308606857 0.11947169842452166
820 1477880.0 0.19723657629155372 0.20774557963898982 62978.37100926498 0.05947477789389674 26913833.73820547 0.14257524111640113 0.16991362342867844 0.14028560390199568 0.14382535684426218 0.11954433914615598 0.12075314855760248
830 1499074.0 0.19836508195428162 0.20786233941882812 62071.700472744196 0.05932407736657695 27149093.269562848 0.14357543698496406 0.1699379972051799 0.1403208832918039 0.1441396749945581 0.11983229863041227 0.12098637775998378
840 1513189.0 0.20110342773895484 0.20838231771568339 59950.24783380667 0.05912750855649416 27442015.224469308 0.14429375842302095 0.16815704520815714 0.1403622690306607 0.14444091206369086 0.12035795081483117 0.12135139196760068
850 1527923.0 0.2014057838374482 0.21094579523547569 59980.73437221434 0.05888789116561619 27793639.98389176 0.1440766552389379 0.17046228507273337 0.14040758159368447 0.14472972609941648 0.12033725253393923 0.12103425238478283
860 1533147.0 0.20318205090802688 0.211238000662791 58593.854535039194 0.05865366740319288 28143020.154559966 0.14729934434651873 0.17040497830199397 0.14047265140015922 0.14502840074325585 0.12100397666275794 0.12127358613289445
870 1554627.0 0.2033305527449622 0.2145278198793113 58862.18708198133 0.05840827325580166 28512654.189747747 0.14727944820914568 0.17231339030718648 0.14055101868783806 0.1453169397135729 0.12110519850909804 0.12209153256356431
880 1563007.0 0.20873199560308742 0.2167676599566378 54896.05832676721 0.058221452460780095 28807088.710169565 0.14768429827700752 0.17204281898407395 0.14063036012394206 0.1456203194424101 0.12351116233705885 0.1233560119453965
890 1576088.0 0.2093830796481353 0.21679998204217465 55261.25344794678 0.05803862023767043 29099589.193334773 0.1480250544764167 0.1725654970120612 0.14071039852327352 0.14591934126618594 0.12372407624782535 0.12358349168204821
900 1589920.0 0.2094371788656816 0.21700431172715887 55273.41169705315 0.057865631559115414 29381797.61362956 0.1479122188508341 0.16486156923539674 0.1407907515158947 0.14616524464904818 0.12382763732405637 0.12407712882012736
910 1599940.0 0.2218533787875642 0.2173182951589418 46615.54402608738 0.05767656614959321 29686505.884174347 0.14913029121850502 0.1634547915605125 0.14087684431378747 0.1463674094956423 0.12947498427622714 0.12433640084677904
920 1612121.0 0.22192439823626098 0.21751297009317955 46768.476735026205 0.05748950183921308 29992035.95416134 0.14911541806722325 0.164000798546016 0.14096632946449325 0.14655708285951022 0.12955876770518432 0.12468689044718746
930 1628442.0 0.2236646788171118 0.22752382200034432 46002.0243149558 0.05730931001009532 30290872.661438253 0.14945861430645463 0.16955022525734773 0.14105781328121553 0.14677038514712956 0.12993724488507533 0.12494476302593015
940 1661477.0 0.22440778013254786 0.2281626725134011 45643.28609467218 0.05713853426176569 30579058.24816377 0.15036426664965868 0.1710526303605854 0.1411514953668012 0.14701886051268312 0.12990631382422912 0.12510993256071157
950 1678827.0 0.2252101182464962 0.2313850257220948 45349.493741961676 0.0569708652355397 30865611.358512774 0.1509024239928714 0.17086710217597947 0.14125062717109993 0.14727041099230143 0.1299241768655819 0.12672917939472317
960 1695221.0 0.22577314094163708 0.2335526408835166 45254.894406091815 0.05682145464629725 31127583.24712875 0.15044771247536956 0.1707099726103141 0.14134675214586662 0.14751459934341973 0.13047276336060198 0.12906365293230995
970 1707438.0 0.22772646502078836 0.23387603845856286 44274.82058000782 0.05668436023408467 31372860.760840464 0.1503013647953747 0.17006350434667422 0.14143668295615786 0.1477500333199411 0.13085760576709668 0.12947241151625016
980 1721850.0 0.22896871400543212 0.2377016498367967 43891.186308857235 0.0565741075930234 31579102.473270692 0.1513023910775068 0.1762987917800021 0.14153786039785465 0.14803346197668776 0.13112088728320997 0.13202587072649088
990 1731438.0 0.2297125508953616 0.2382515933568827 43622.57842693613 0.056467743702781695 31780621.233815964 0.1514281554594737 0.17530156589919543 0.14163732984066393 0.14831007642668284 0.131828179356895 0.132496148524262
1000 1741761.0 0.23033104557833822 0.23888417285340874 43590.48424994598 0.05635249813344154 31997117.371823344 0.1512851922104388 0.17422955996678602 0.14173640223880682 0.1485697074006847 0.13201148729136641 0.13271985463920818
1010 1750519.0 0.2332078180152098 0.23895238898647272 42170.06086079528 0.056288736890818813 32134818.522872325 0.15029001266737296 0.17308351939518307 0.14182967587373496 0.14882144002537712 0.13202986103138178 0.1329969679756229
1020 1767886.0 0.23456148332423857 0.240043665551576 41584.9150947519 0.056240882021394316 32248255.717880003 0.15067601462064362 0.18283371900421608 0.14191345178629602 0.1490706484539397 0.13322585240231893 0.13346257262366945
1030 1783226.0 0.2371280971176057 0.26175577266674177 40803.70740044071 0.05619675542679159 32355655.793657534 0.15009881775529071 0.17377873836916424 0.14199819602632882 0.14933491105116042 0.13419942872566035 0.14160105679840027
1040 1798922.0 0.23733704110041606 0.2628714045504333 40740.97521278818 0.05616785296884019 32439973.94196364 0.15001782661062646 0.17386925645890244 0.14207547645706767 0.1495704764025883 0.13437276040021123 0.14204442516082438
1050 1810113.0 0.23995872851195468 0.2635430243122794 39453.57542863889 0.05614682488871529 32511270.42062198 0.15069567718713706 0.1740128835939478 0.1421549702428184 0.14980207602041523 0.13495022949312088 0.14260319648537215
1060 1832724.0 0.24105617016134592 0.26465490239301404 38986.09082053679 0.05607883157252937 32654983.122297294 0.14897235314319227 0.17075375858430614 0.1422559867272867 0.1500247921097139 0.1349439885808308 0.1430711739457941
1070 1853714.0 0.2440187008793095 0.26603293689166885 37868.592052075954 0.056005152221838383 32807517.54370237 0.14960002223571833 0.17023999026252706 0.1423235095592901 0.1502167350166929 0.13530996518052033 0.1435474720286181
1080 1867340.0 0.2446578449873418 0.266781886790219 37686.69465612323 0.055932554729969025 32958853.667210303 0.15577650474593258 0.1697294579440677 0.14240609655719666 0.15040136000388463 0.13538752077301752 0.1441562194707999
1090 1888360.0 0.2551400371850314 0.26839412580574373 33482.83605391721 0.05583247600110663 33153085.341948774 0.15578577669722368 0.1733078402478131 0.14252866038789774 0.15059184425375843 0.13817736172192954 0.14469108167028455
1100 1903017.0 0.25704175342881025 0.2739622516122548 33149.33769008134 0.05576931756903579 33287617.13637211 0.15376092153811788 0.1692854583216681 0.1426485935626725 0.1507817465001207 0.13911159021017017 0.14666445704095732
1110 1918677.0 0.2601580800617511 0.2745155451878446 32146.077611610897 0.05577284117086664 33314160.734876376 0.15466159492465623 0.16819147415231644 0.14275174813175187 0.15093825377222433 0.1401548146868275 0.14741254720920757
1120 1937355.0 0.2611208091042968 0.2765042696706688 32011.068331595176 0.055745364643603405 33390241.01839942 0.1532181873451075 0.1679599101035241 0.14284738546977183 0.15109022865699284 0.14068458963770486 0.1479960997438674
1130 1957429.0 0.26120392523257774 0.2765357080996976 32080.371524464204 0.05577585629321752 33374123.001055084 0.1534410372677823 0.16773466751663677 0.14293958318724914 0.15123827825018352 0.14081103661616798 0.1481490434447952
1140 1974410.0 0.2614865993340029 0.2789165878476138 31999.12967231602 0.05580512270190066 33359935.240662154 0.15287638740169546 0.16768442081773943 0.14302801549156324 0.15138103119655408 0.1410046906129178 0.1493382316774695
1150 1987156.0 0.26175119007174474 0.28080689438096895 31942.852147243542 0.05583031507475244 33352150.95295426 0.15030568161294655 0.1692284707152858 0.1431091592854809 0.15153211766911842 0.1411528477021287 0.1498395823391279
