1 334.0 0.05289535256128579 0.06335098649716323 1197176.2097868097 0.05289535256128579 1197176.2097868097 0.05666802536075287 0.0741290053198815 0.05666802536075287 0.0741290053198815 0.052895352561285566 0.06335098649716292
10 12483.0 0.05290446207208043 0.06335483193169986 1198315.7928300821 0.05289535256128579 2395492.0026168916 0.05666840368366579 0.07412902241737619 0.05666823171870639 0.07412901464578875 0.052899887726121794 0.06335290345168154
20 23665.0 0.05291055308201454 0.06348630878022629 1199018.3140819257 0.05289538091913421 3594510.320805279 0.05666845574041418 0.07413503351684601 0.056668321043460805 0.07412987707504011 0.05290295367820125 0.06347585234934612
30 33145.0 0.052947021975607515 0.06355611154345352 1196887.990491729 0.05289539509805843 4791398.308230596 0.05666845574041359 0.07413503351684766 0.05666836449409084 0.07413154044336481 0.05292104445833201 0.06351216067572003
40 44285.0 0.053238348492005934 0.06410784974310718 1178020.1341162543 0.05289540360541295 5969418.404217209 0.0566847148579512 0.0741403446030377 0.05666997300466121 0.07413291056725713 0.0530623579218578 0.06376506070067307
50 60873.0 0.05326139914176646 0.06410979036068085 1176947.8621827124 0.052895409276982636 7146366.239263783 0.05668471485795356 0.07414034460303792 0.05667286356413019 0.07413436822133182 0.0530732404806497 0.06376626288765933
60 77085.0 0.05331232638025327 0.06415455517162368 1174719.5751781408 0.05289541332810384 8321085.792002585 0.05668471373293243 0.07414021469471792 0.05667480627008237 0.07413533304852561 0.053097948854561046 0.0637883305983032
70 89406.0 0.05333268036778657 0.06415621590866209 1173898.9722208069 0.052895416366444736 9494984.746409439 0.05668471373293195 0.07414021469471828 0.05667620168738513 0.07413602060432734 0.05310782066967062 0.06378926431803988
80 111436.0 0.05336559759123107 0.0643640592160076 1177430.0873695195 0.05289541872959877 10672414.823717559 0.05669115912105844 0.07415931137879953 0.05667735120199192 0.07413678429889874 0.05312370827336745 0.06388948830358306
90 123076.0 0.053424136708967215 0.06450296523668118 1181957.8008046749 0.052724958973003964 11857979.799696026 0.05666869765021873 0.07415925754331415 0.05667640026223661 0.07413925388619716 0.05315440173013258 0.06396943113304976
100 145033.0 0.05342541124122855 0.06450517835173195 1184333.7043378926 0.0525854918994264 13045126.032041626 0.05666869765021877 0.07415925754331414 0.05667563762738335 0.0741412344463078 0.053153849432738334 0.06397208160956826
110 157153.0 0.053431762885083584 0.06451561794415119 1185035.481489165 0.05246926933811175 14232485.259565152 0.0566686976502197 0.07415925754331448 0.056675012404215415 0.07414285814874083 0.05315603108099005 0.0639783147937744
120 173854.0 0.0536927257990642 0.06453933557105142 1169120.5734327994 0.05237092717084552 15404641.540187975 0.056668751221375935 0.07416006650008523 0.05667449096645676 0.07414422015619956 0.053264845363347954 0.06398963636015592
130 189279.0 0.05369689482690729 0.06455216524554598 1169465.152596382 0.052286633884617316 16576709.402366446 0.05666875122138397 0.07416006650008616 0.056674052817977494 0.07414542980077098 0.053266183652756635 0.06399673423573815
140 206429.0 0.05370890973679158 0.06595751003684212 1171545.742446339 0.052213777355194134 17750397.562451188 0.056670608192338615 0.07419128856563355 0.056673703158232655 0.07414691073073007 0.05327112945089675 0.06443007684420764
150 224950.0 0.05372686785886131 0.06605120314642687 1172175.3828911483 0.052150027891948836 18924425.316372737 0.05667060819236075 0.07419128856563471 0.05667349819360493 0.07414984966019392 0.05327907984793303 0.06447646980984563
160 244778.0 0.053742527860623446 0.06605243770364946 1172746.3631374978 0.05209377836555593 20098786.06860424 0.05667229347877587 0.0741964880843341 0.05667332915803961 0.07415245580039956 0.053286422953598166 0.06447873157590779
170 261502.0 0.053773768690823426 0.06614731133864579 1176878.9348988105 0.05204377878654002 21276907.68034587 0.05667230051394629 0.07419649387813282 0.05667326881838301 0.07415503083001761 0.0533009252874347 0.06452530443749414
180 270054.0 0.055585726596415946 0.06623851383200412 1067243.1404860101 0.05207873932782478 22340498.765454233 0.05731273042248333 0.07371197524857412 0.05668192288267743 0.07415204151818741 0.0547689741352872 0.06458073369792314
190 285107.0 0.05558997476987773 0.06624310573099518 1072033.9045932838 0.05211020381498106 23409420.613172855 0.0573127304224833 0.07371197524857409 0.056714949455442115 0.07412900139935952 0.05478316537459718 0.0645560902711903
200 296913.0 0.05560477589648304 0.06627323443973566 1072688.446903141 0.05213867168431294 24479321.311657187 0.05731273042248449 0.07371197524857367 0.056744689802061106 0.07410825382966868 0.05480121350023033 0.06454585811471865
210 307734.0 0.05570777232775249 0.0663780120588262 1067940.3690493137 0.052164551565523735 25544583.057377778 0.05731273042248424 0.07371197524857326 0.056771611158479264 0.0740894728542613 0.05485756886429747 0.0645727743075533
220 316897.0 0.05573571863431107 0.06640766436748397 1066550.8819735432 0.05218818102228142 26608650.885481838 0.057312697798370636 0.07371197347113234 0.05679609560256794 0.07407239148246654 0.05487673102435197 0.06456624909892845
230 328959.0 0.05607068641541952 0.07283225255024942 1052818.199874286 0.05221687989405612 27658064.650713958 0.057376431615298484 0.07624241633794476 0.05681948970287404 0.07410060598809448 0.055067156411381504 0.06855479010267182
240 343724.0 0.05613886152628491 0.07291732150602762 1058991.0028081574 0.052238395498605344 28714620.421736386 0.05734100539802389 0.07621482502131367 0.05684230433276317 0.07418924839780633 0.0551204135775726 0.06869679448242964
250 367604.0 0.056192036560109855 0.0741629293112911 1073060.6812345672 0.05208267378582231 29822650.315152917 0.05640673248588704 0.07614641762498568 0.05682495087272808 0.07426722326741521 0.055127175310776856 0.06958452384393822
260 383908.0 0.05625822659478405 0.07417258177719069 1069583.1990781266 0.051938487014726906 30925747.93341697 0.05640739230141469 0.07614669187803706 0.056808929707774534 0.07433922410200818 0.055137041538178944 0.06965858622166485
270 401675.0 0.05631612462273008 0.07421491013012849 1066574.611931988 0.05180460388307134 32024415.813331373 0.0564073801333085 0.07614594340185114 0.05679411232801336 0.07440590859225572 0.05514495734744904 0.06974334815209708
280 412422.0 0.05632902762178047 0.074251214197091 1066760.1972646168 0.05167992852646337 33121376.6395777 0.0564067851691593 0.07614229771981205 0.05678033958747893 0.07446775381635741 0.05513105720062964 0.06982549481073017
290 428668.0 0.05634425229570333 0.07425409583990422 1066221.5035487858 0.05156356486029593 34216189.631637365 0.05640678516915545 0.07614229771981243 0.05676750266588717 0.07452529828039367 0.05511873294351482 0.06988188551947772
300 436987.0 0.056358435424984636 0.0742858732969417 1065707.0644566827 0.05145470852742962 35309006.257215284 0.056406785169155205 0.07614229771980965 0.05675551869589608 0.07457901919200223 0.05510862826359561 0.06994874344338342
310 446873.0 0.05639169107542069 0.07430831258475758 1064350.311770781 0.051351847745534925 36399548.659869984 0.05641917967221733 0.07614903252364337 0.056744424960339115 0.07462935034856034 0.055106156116785085 0.07000864064510302
320 463767.0 0.05664842565962992 0.07440613968293967 1093935.218289111 0.05126086735437562 37511458.68737411 0.05647145239074509 0.07617188643849156 0.05673576024020231 0.07467734438089478 0.055265009519282746 0.07011756992245446
330 474333.0 0.0566759993194532 0.0744173127895024 1095101.6165591802 0.051175238750931565 38623433.68196732 0.05647144661349201 0.07617179188662415 0.05672777500407517 0.07472249499498772 0.05526451468631754 0.07016500883948205
340 496929.0 0.05670268211757359 0.0750234481205674 1095294.6133997014 0.05109453321701089 39734721.7015491 0.056229172491448424 0.07629648073583699 0.056719555309765586 0.07476575038954267 0.0552674277836124 0.07063495794453982
350 511799.0 0.056707251309147305 0.07504122723041004 1100642.7648693793 0.0509980961862856 40856594.30825181 0.056164092584460444 0.07382266155367392 0.05670484276824898 0.07478118431628608 0.05525144653783749 0.07067487445907478
360 530173.0 0.05671675150790565 0.07504852674805845 1100874.007238765 0.05090687196803194 41977689.44396414 0.056164276263600675 0.07382275680807589 0.056689867609233016 0.07475463455010632 0.05523597663973562 0.07065261771780536
370 559523.0 0.05676426365521035 0.07510567314929784 1099039.1152831707 0.05082044902442321 43096372.70429447 0.0561634315553706 0.07382240570416684 0.05667568478871026 0.0747295099270668 0.05524386373435952 0.07065581811603307
380 573148.0 0.05678130832311181 0.07511333527484033 1099343.7585531326 0.05073845802664057 44214450.563025616 0.05616321216588194 0.07382231451468366 0.05666223463952705 0.0747056992631971 0.0552344932733169 0.0706361610160959
390 591953.0 0.05679406681470597 0.07514973696867033 1100236.352568293 0.05066053927419907 45332479.82964386 0.05616258418786306 0.07381283166767263 0.0566494638860065 0.0746829850388488 0.05522476899136761 0.07063132134889688
400 611340.0 0.056807334555290814 0.07518931520468586 1107738.5658209685 0.05058642143651081 46456023.65315461 0.05616258651163201 0.0738128366521227 0.05663732228821333 0.07466128554054306 0.05521517815503819 0.07062502497319313
410 630811.0 0.058436891208491264 0.0819074166477381 1018865.022103978 0.05054710864045493 47488879.68161056 0.056869314681847305 0.07515865264822028 0.05663264967243485 0.07465373998117614 0.055881759961798734 0.07384203441961894
420 647373.0 0.05861519471242377 0.08194005066139719 1010028.0591187893 0.050495340962949 48520038.72569951 0.0567282567225841 0.07483510846132907 0.05663560482892144 0.07466082062383458 0.055970159981744545 0.07386737548322786
430 659934.0 0.05862650108784941 0.08194405667878542 1010263.0715041041 0.05044592636169334 49550531.514788695 0.056728255152302724 0.07483510349310395 0.056637754488396676 0.07466486430989651 0.055977291500920345 0.07387759464674716
440 678028.0 0.058770503534201844 0.08200468785284107 1003882.9444317293 0.05039870796493792 50574579.86674039 0.056716868780878046 0.07476286712262847 0.05663960010215555 0.07466741419848669 0.05600137983225994 0.07393585829584964
450 697866.0 0.05898838942009374 0.08203455160282129 993425.4375263633 0.050328712947686476 51603978.127862975 0.056802227686857526 0.0747690420279566 0.05664187997578247 0.0746695707970879 0.05610687237154439 0.07395140280739744
460 706093.0 0.059026220468599434 0.08211404448863581 992035.831762097 0.05026167041947592 52630920.69985158 0.056802577848381185 0.07477026106364887 0.056645370921828156 0.0746717444387613 0.05612963764369536 0.07399432766580039
470 720969.0 0.05907447158941318 0.08212264863032033 992446.2059019255 0.05019742132994081 53656941.451861426 0.05681440894180297 0.07484251877430567 0.05664883424397813 0.07467460315384022 0.056156096937978135 0.07400353029065683
480 735551.0 0.05908616306184428 0.08215402419389774 992549.9422278228 0.050135794652223446 54681856.473265864 0.05681462628928944 0.07484253349660573 0.05665227924688102 0.0746780942859152 0.05616620903541682 0.07402331664579104
490 756416.0 0.05912474410686101 0.08219907707725747 990730.8898888613 0.05007663304161478 55704120.28809595 0.05681462378725807 0.07484253338353188 0.05665558566319024 0.07468144335150036 0.05618120554320556 0.0740279248136376
500 770231.0 0.059160414094309936 0.08222226744196277 989316.2329447299 0.05001979149416724 56724114.574901834 0.056814623787258364 0.07484253338353414 0.056658760076844276 0.07468465872140118 0.05619817699464999 0.074040821425124
510 784578.0 0.059262757073360255 0.0822551572604978 984352.4320319364 0.049965136160083065 57738892.90406817 0.05610589740393301 0.07349166575823811 0.056660423307217676 0.0746851046685558 0.056233096385186206 0.07406337296039082
520 802315.0 0.05927109523199677 0.08228181457707168 987044.2982959528 0.049877767107691345 58783577.41810764 0.056056162357683695 0.07333430861636274 0.056648920669119626 0.07465947971005277 0.05622540086129101 0.07405332932855573
530 816655.0 0.05934894068952843 0.08240049363501903 984474.8776615447 0.04979363394612895 59824619.800382555 0.056056162357683806 0.0733343086163673 0.0566377576124071 0.07463452356892863 0.05624651868401112 0.07407585853918545
540 828838.0 0.05935467075006166 0.08240809597641646 985184.7530234666 0.04971256017225973 60864554.24762879 0.056056162357683764 0.07333430861636624 0.056627007238012964 0.07461049002082214 0.05623869191564686 0.074054066890699
550 842740.0 0.059419227766441665 0.08272713507121726 982154.9316818544 0.04965783860590699 61879945.617082834 0.05676666724922632 0.0747286154676336 0.056623094489654406 0.07459998134607039 0.056282285238297564 0.0743040594763476
560 862931.0 0.05942921960542323 0.0827369538785259 981887.998863852 0.04960503709451396 62894102.18718738 0.056766667249221546 0.0747286154676336 0.05662565371888028 0.07460227428941378 0.056289365385156616 0.07431130027552821
570 884963.0 0.059433287352444075 0.08275544361526059 983047.9801034251 0.04955405632489311 63908257.74131251 0.05676705958942567 0.07472882414631185 0.056628127430517115 0.0746044891122759 0.05629549984431812 0.07432666993170678
580 895319.0 0.05968688847081797 0.0829840397797647 972673.2839941984 0.04950480371695432 64912806.79875559 0.05676470716717016 0.07472667410020921 0.05663048932240586 0.074606602950094 0.05636622157452277 0.07438349612126599
590 902869.0 0.05969466421044119 0.08299512906599599 974074.2423030749 0.0494665065305949 65910138.92075197 0.057006245907041356 0.07473983371230583 0.05663439513189336 0.07460872367758903 0.0563735288743115 0.07438752177759064
600 915731.0 0.05971035580057842 0.08305084493577418 974598.7401958111 0.04942946498968989 66907239.43366877 0.057006175849227014 0.0747398801953525 0.056640582327800455 0.07461090711208071 0.05638716341030166 0.07441268350734967
610 931891.0 0.05971690429730607 0.08310468736470085 975319.3596645846 0.04939361593410342 67904314.58807917 0.057006175849213504 0.07473988019535253 0.056646565855155984 0.07461301796450742 0.056396562191588756 0.07443487526073063
620 958638.0 0.05978179018966701 0.08314914358058227 973822.13659678 0.04935890494377366 68899453.4092977 0.05700617584921368 0.0747398801953532 0.056652356676316365 0.07461506083456933 0.05643155394566451 0.07444836778055161
630 971820.0 0.0600989954139029 0.0834753190180673 959574.8392532791 0.049325278671891716 69881493.00480177 0.057006175849213296 0.07473988019535273 0.05665796395322435 0.07461703895439156 0.05657398680766592 0.07458602879260601
640 996738.0 0.060255778970971736 0.08370518865952764 953154.9392771544 0.04929268705452921 70857262.61713542 0.05698536904297532 0.07473304402326723 0.05666313700517636 0.07461887060110362 0.056662631141103495 0.07461866852219648
