1 1699.0 0.053982512149024664 0.09869410037596495 1160570.1933074018 0.053982512149024664 1160570.1933074018 0.1520842568488463 0.20520700853527432 0.1520842568489506 0.205207008536968 0.053982512149024976 0.09869410037596409
10 17374.0 0.05438823419589008 0.10059328810646892 1154967.1066378043 0.053432385913387365 2316436.880190876 0.15368409459209106 0.20523115855176818 0.1531990743839443 0.20550082487376747 0.053945811369819394 0.09929426819138129
20 26453.0 0.054725740110793196 0.10409579825240234 1152618.9748434664 0.05318022353084833 3469673.896626935 0.15591287582655722 0.2119380844184809 0.15373076082079717 0.20689363222483556 0.05402125324740055 0.10072053554482621
30 50066.0 0.05957443856156605 0.10484453032236676 914913.9143015952 0.05399946132557094 4359795.358849223 0.15649045567332912 0.21197323874292567 0.1546608224884018 0.20852822131191798 0.056899948184968935 0.10095023411392892
40 70220.0 0.0602002013366643 0.10630028628405824 923904.8974892269 0.054459197476213986 5271043.775454545 0.15640157140267216 0.21215634976710804 0.15506814597420618 0.2092302593309219 0.057760912744514406 0.10217877378062865
50 88402.0 0.06066627373707237 0.10640329567562051 911948.3963927999 0.05475937125296907 6173874.555620749 0.15692285662226463 0.21256209989720282 0.15539670840298506 0.2098511502088009 0.05832247777180058 0.10216632910098078
60 102810.0 0.06103351972866499 0.10685337427926017 901331.8659636725 0.055029923196032816 7066760.363662078 0.15789736539483945 0.2127869382027199 0.15573300059616121 0.21031271293557297 0.05867860458890739 0.10233208194844655
70 113889.0 0.061481895902013244 0.10746075824051989 886607.7653238475 0.05522797905694104 7946098.202165906 0.15834559755229086 0.21528202962747156 0.156066395250196 0.21089573584221016 0.058949163333342866 0.10249641273039192
80 134064.0 0.06207461849014823 0.10788316300161462 871464.917270348 0.05512621729910332 8823574.708666248 0.15502531777477396 0.21397075938743132 0.15598361654838733 0.21132520956606007 0.05919335488052006 0.1025671701812374
90 145752.0 0.06902460041354341 0.11067042079165981 638904.2278029532 0.055766752130116594 9381394.451923668 0.15664629703488717 0.21480279280676662 0.15593199482781572 0.21164688224767508 0.06456915514768008 0.1039874816587615
100 155840.0 0.07200285006507173 0.11214126255025476 565861.683047726 0.05619104450486387 9874655.282453699 0.15994707472582217 0.21683437400435096 0.15617234605611338 0.2120513772123202 0.06605927056014253 0.1050083295185911
110 172679.0 0.07333170468609572 0.1158673776922416 546143.306363634 0.05656512335482042 10354451.460648967 0.16336518506795483 0.2176743447174223 0.1566325052464191 0.21268977340147519 0.06689861691721766 0.10753024207902691
120 192313.0 0.07537319629592977 0.1182227224482198 510678.65741285955 0.05689458897801926 10800527.407889135 0.16227958091005024 0.21833655004050956 0.15719193222996555 0.21312019468266724 0.06843392514743243 0.1087455109720748
130 201590.0 0.07554548006092622 0.11970987766481836 526256.1072537911 0.05669563940621212 11371871.559996856 0.1544694029077583 0.21990927593198886 0.1573760376910353 0.2135520237365938 0.0686347676857624 0.10968762729483628
140 212419.0 0.07873684140977773 0.12007256194288743 466758.7764885896 0.056738286583919544 11827943.078377558 0.15460015287748577 0.21990417821688982 0.15717638040166063 0.2140029944653337 0.07123676291777384 0.10980107034570016
150 221575.0 0.08098968925150161 0.12486474017005075 432377.52134184673 0.05666374707119097 12281868.20723612 0.15182633108373522 0.22157674596781685 0.15696905864289762 0.21441714076330262 0.07227561238895941 0.11269962100450953
160 242488.0 0.08115227416968546 0.12534170032473688 434356.62697359984 0.056574696329313036 12742193.35044476 0.152047078085854 0.2218570526808682 0.15665374382909514 0.21487188684189953 0.07225291081356366 0.11273655960269453
170 265307.0 0.08226594254013961 0.12657037506985772 425956.72629787656 0.05652904082312352 13181680.27020497 0.1579865270121795 0.2220468888055526 0.1565818176268159 0.21530755060432305 0.07259913939515582 0.11290085534226431
180 283625.0 0.08243882532266095 0.12661674615439578 428209.74060832773 0.05628300808775728 13689753.812773047 0.15654192107639445 0.22080716624576446 0.15661738051013233 0.2156609153812869 0.0725969707970078 0.11277849824001256
190 291122.0 0.0826888945594177 0.12833376498648186 427012.20222715003 0.05606693572553578 14188173.82186706 0.15895620283496892 0.2223207808778193 0.15663842989604435 0.21595600050727792 0.07261357413804892 0.11339767180937278
200 323878.0 0.08383690718991316 0.12843450309498375 413067.8268262363 0.055976692090566764 14631145.434065735 0.15952458181820037 0.22049319129331452 0.15678010095445838 0.2161837884894379 0.07330890938874793 0.11322814956143476
210 348080.0 0.08416900207346584 0.1315721350314255 415393.3382390815 0.055906544719214885 15069589.921866283 0.15858453177432758 0.21757968671743616 0.15689990050006022 0.21625051590977507 0.07354433523364667 0.1150531012898168
220 363562.0 0.08571698610744623 0.1324669171322866 398040.9192383239 0.055900564634660935 15469654.385429773 0.15693153626736037 0.21917447146688251 0.15697701823655527 0.21638153069173907 0.07385835523031117 0.11490032111831984
230 376786.0 0.08586036412403811 0.13841987803463587 397363.67032048537 0.05576875788986041 15915368.600394744 0.15546291415804 0.21956360880958425 0.15690352817570027 0.21650572338617677 0.07379261670067665 0.11927778395971926
240 395666.0 0.08603189288515639 0.13952100296721967 400143.3966168539 0.0555994269532769 16379534.384815939 0.15636252965691486 0.2169805860825586 0.1568999580644287 0.21657458431202484 0.0737661397179252 0.11942720033593154
250 407917.0 0.08619868391998041 0.1399963121060809 399986.92458360875 0.055323324599447665 16893505.88659102 0.1518802054287258 0.21679066340936348 0.15670656412466008 0.21658764848439763 0.07377824640539862 0.11945574581186284
260 419582.0 0.0873686969693248 0.1434837785920062 388587.3554787913 0.05504288399673962 17406030.348847177 0.1516077085375877 0.2173404698336478 0.15651866879775264 0.21659975748114318 0.07458803545558354 0.12254518046451862
270 438065.0 0.08821868092711847 0.1434880997199766 384845.45509041985 0.054714983135689954 17946540.329131085 0.15482548582313976 0.21723184450925814 0.15636769413687557 0.21662334239612815 0.07469841506333345 0.12237313548112941
280 451377.0 0.08876816494222442 0.14376912345535448 378981.2695592116 0.054409550053197496 18476471.205153283 0.15431137031244532 0.21709016658665597 0.15630515806360518 0.21664271324985024 0.07471225239486712 0.12240480236712994
290 471206.0 0.10058383946546055 0.1448323290147783 261069.92623173163 0.05447026560567903 18702122.347745437 0.1658784977512161 0.2196845993773938 0.15636480502670744 0.21672829397043206 0.08049568915414568 0.12272639562357832
300 486267.0 0.10072812025192666 0.14520560015677958 261965.63285877262 0.054514048888922376 18938569.796770886 0.1680244557929312 0.2199544492808427 0.15670220227324744 0.21682806954805917 0.0806228753463222 0.12279114519393707
310 497008.0 0.10672425717725467 0.1453473004924628 221181.828993296 0.054573392289760686 19121334.341586467 0.16980194899373216 0.22021202031535958 0.15708195989220192 0.21693113763480673 0.0846388767446571 0.12277804185484187
320 513603.0 0.11565555191154893 0.1480889866006527 174478.11764621196 0.05469620943618992 19208042.268257573 0.17009889804366707 0.21815551065856248 0.1574922217762871 0.21699467642837367 0.08942725666348836 0.12495030137685699
330 525053.0 0.12226668878305798 0.14837767912059607 148519.57981874826 0.05476963280130283 19300259.921598297 0.16788406748966192 0.214244631312614 0.15781386888720825 0.21693583845751335 0.0943475834016655 0.12489653098545503
340 542283.0 0.12269375172331337 0.14854860854456556 149315.15062422634 0.05484166618532524 19394778.041368376 0.16828770348474367 0.2142647594259746 0.15811790344862 0.21685732888628606 0.09469476101790697 0.1247810095001384
350 566024.0 0.12308765369321387 0.14901475475029077 148370.98768212766 0.05490078674312923 19498178.1635107 0.16846590908261005 0.21460651232488687 0.15841067597113653 0.2167856145274257 0.09494189123149563 0.12492846537074197
360 582366.0 0.12389526125088235 0.14972171606626716 145886.9847587747 0.054958278481735186 19600245.575062532 0.1681664488079657 0.2143015536250139 0.15868790994898152 0.21672399145194757 0.09532277116651068 0.12522917472664571
370 594257.0 0.12392913000858422 0.1497787544480649 146149.05363600605 0.054995294728210735 19718165.452881064 0.16648179760815524 0.21607565417624108 0.1589387201706255 0.21666834659175832 0.0954213724534678 0.12512572833699884
380 603055.0 0.12401692407938024 0.14987226892246627 146041.49971849527 0.05504211678543257 19828715.12513362 0.16631366643143625 0.21979464301787754 0.15912893688050006 0.21666169096298382 0.09551790886678682 0.12510442654497428
390 615312.0 0.12418969110969322 0.15721595335919059 148237.7376063149 0.05504568405732648 19974237.64359467 0.16625457850573094 0.21975001766867902 0.15931114817786288 0.21674077649539392 0.09564720461377525 0.12795678912605912
400 628526.0 0.124252928617965 0.15747752408490703 149589.7113270033 0.055038344503593684 20129411.735650215 0.16801049823991474 0.22102237747613412 0.1595163659330409 0.21683289583260168 0.09573737291042712 0.12802332561938606
410 642653.0 0.1275684112655071 0.15792918904502787 138539.2310336102 0.05514690116905644 20185992.7073732 0.16672741622704823 0.2175324072411018 0.1596950174491187 0.2168952545123378 0.09614690690883 0.1283271205489514
420 653345.0 0.1287746519991172 0.15864714330149718 134791.7820302761 0.055250408687288366 20242277.878367722 0.16712242424543958 0.21750698488283876 0.15987050408331743 0.21691140208568013 0.09692915611173707 0.1288409565997945
430 675723.0 0.1289781846748282 0.1589614577055425 134472.6089928516 0.055347290725237114 20303668.134776834 0.16720125502303543 0.21948728503129114 0.16003900984217087 0.21694807259114685 0.09714360797320117 0.12886936460577267
440 688653.0 0.1350042312779151 0.16291876748075393 120622.86181039579 0.05546282537578673 20334371.729185816 0.16861052357226508 0.2186838037716986 0.160222676112409 0.21700646479315402 0.09979688002499724 0.13080790087616692
450 699775.0 0.13504833703899194 0.16294394536882792 121031.29274125445 0.055573336780660273 20370201.54010583 0.16828194255556317 0.2186206309749213 0.1604057744072697 0.21704329981584525 0.09995123499686523 0.13077721253943497
460 709684.0 0.13586579210945435 0.17318989580936658 119267.3649113211 0.05569810481553588 20394102.515045907 0.1672761101269516 0.21593797163960954 0.16057078832026586 0.21705380072750735 0.10108219328992563 0.13720329707869094
470 719945.0 0.13624843607393175 0.17378490803574645 118343.61838189191 0.055817674182291666 20421532.390169732 0.1675805237385908 0.21567854910461395 0.1607154585750702 0.2170234436656447 0.10131239804254288 0.13725412056704203
480 728535.0 0.13643647745713036 0.17463406141223206 117920.46661324336 0.0559324563187758 20452763.02859241 0.16913604124741055 0.21491060950546795 0.16086136440949506 0.216990152752356 0.10148298577340142 0.1377999670238039
490 743177.0 0.13648694697789937 0.17558776790744995 118443.28518047734 0.056036548266724384 20493166.33418423 0.16917989569127137 0.2129262829458261 0.16102974016106844 0.21692903746033443 0.1016171058628811 0.1385360360886755
500 762375.0 0.13663155160682214 0.17574187041961434 118177.13272590119 0.056102666560851035 20561352.723917197 0.16918045255873962 0.21295666254520956 0.16119243288475318 0.21684968790415823 0.1017224987649125 0.13847863940910757
510 782612.0 0.1436239156024787 0.17625905904578737 101734.05461967707 0.056045750806760226 20710545.837997507 0.17773342273306525 0.21244595105926364 0.1614017764320727 0.21676956188420865 0.10398291918479843 0.1388359571560834
520 795518.0 0.1437204883706286 0.17630386618916444 102378.5667112236 0.05598609192533893 20862851.726284225 0.17756890066995115 0.2117321625473432 0.16171445910455767 0.21667781589533075 0.10413247283171637 0.13880497077802778
530 810295.0 0.14380460042146168 0.17931445542873298 102979.23282350798 0.05580634074987832 21122957.99917063 0.17531964265316868 0.21530677667636156 0.16198763772785066 0.21662488846145037 0.1042174005264834 0.14091097786865714
540 820089.0 0.1628505466224056 0.1799369235916537 70872.26527698914 0.05578502810592617 21213652.582292452 0.17764300522100362 0.21536344094556206 0.16226753407256309 0.2166011932209914 0.11193217907904936 0.14128553777851863
550 834205.0 0.16785978337198362 0.18403581508190336 65366.631185000566 0.055853718111816435 21215337.83691806 0.17735449057754832 0.21033776743478128 0.16254380475176125 0.21652192506217352 0.11465439516478768 0.14324535360666987
560 849492.0 0.16810277237805413 0.1846603329611302 65325.15485355269 0.055918608414613415 21220762.486069918 0.17521344197327443 0.20985925340674821 0.16277489665381223 0.2164067326292873 0.11477193995037953 0.14359191220797457
570 862372.0 0.16843118446150485 0.18469918532837437 65565.07762992036 0.055981261120762224 21228803.319923338 0.17490621170861803 0.2098054606803738 0.16299039423297 0.21629182029050503 0.11496320526755673 0.14349630221818319
580 873135.0 0.16952187719458503 0.18662858990032238 65614.46403914248 0.05602059488005497 21258259.787887447 0.1720812179823381 0.20996000048265986 0.1631616605466263 0.21618226398871787 0.11537626265262943 0.14418065375491498
590 894250.0 0.1699888427217649 0.18689784463258094 65480.44572725136 0.056071812710768686 21276938.167569038 0.1725000344786021 0.2099405804870039 0.16331879006376396 0.21607708977846996 0.11575933864677608 0.14424458414795016
600 902765.0 0.1704889953277225 0.18693718028998302 65845.93920706866 0.05610419863281741 21313189.30761453 0.17264899713732462 0.21152037399992005 0.16347251595067838 0.21599340835473124 0.11606032764101383 0.14416113047489973
610 923692.0 0.17219927352411749 0.18994851777810481 63989.41337633291 0.05622527760971079 21268967.873236295 0.17115986683133244 0.2104589185066601 0.16361780371342544 0.21591997227196105 0.11746715472008962 0.14683789110440118
620 935345.0 0.17314698424123207 0.19066469858083462 63569.12086615157 0.05632348418850106 21244823.571250934 0.17095750821056593 0.20865641543020633 0.16373891672758187 0.21581496472308923 0.11828858055266755 0.14750519224131028
630 954005.0 0.17332880780656468 0.19515295035899313 63819.15022440134 0.05642147390031795 21221886.530968085 0.16995479448190629 0.20725727833739463 0.16384158652715808 0.21568932716258843 0.11840560044977456 0.15031815522367745
640 970424.0 0.1737854411958721 0.1954781717432426 63673.13933846383 0.05644896903350421 21260832.857512143 0.1700989814038049 0.20452885774815904 0.16393779082123647 0.21553692920237466 0.1186103818966628 0.15041969067912223
650 980688.0 0.17468790683643154 0.1958123338315001 62788.65381926217 0.05647590074326999 21299365.425002772 0.1701237139906653 0.2046707311305953 0.16403224784281337 0.21536953313167637 0.11919584185966303 0.15064305739881334
660 1004944.0 0.1748021242425092 0.1962048969470196 63370.74098739252 0.05650697877572459 21334908.936959192 0.17000622224088568 0.20227776208159198 0.16411184916726418 0.21517939011239845 0.11936202917154479 0.15090042104171453
670 1021212.0 0.17553503099634934 0.19682917056418497 62863.080216706665 0.05659575249398996 21319889.37060312 0.16655492995432591 0.20214072683597714 0.1641540582292066 0.21498624235081795 0.11963386773203467 0.15151467655490955
680 1051837.0 0.17646103746270186 0.1992508089277201 62584.29465237471 0.056675526963221784 21312662.968694903 0.1663864617288392 0.20618190337967693 0.16418886629159024 0.214822912985564 0.11987166339090735 0.15282287042345127
690 1082464.0 0.1778726834756944 0.1994659340553296 61236.8562898097 0.056741515500968474 21315875.140288625 0.16674743722471028 0.20684550179940042 0.16422466387647716 0.21470562458475914 0.12029606656974146 0.1528538202020276
700 1100911.0 0.181900918144533 0.21543766259905792 57427.994520276196 0.056819964219552155 21303792.741510727 0.16505155075003702 0.21132598590347176 0.16427184166657974 0.2146392620546529 0.12175952148718594 0.16210713921772796
710 1120921.0 0.18245975468316633 0.21554830714281525 57088.90753952433 0.056850873883033684 21333165.466973808 0.16646700723636623 0.20748164838178046 0.16428981409452073 0.2145393175804131 0.12170748783405584 0.16193855924582073
720 1131240.0 0.18387820157856807 0.21919315403085649 55925.641838071046 0.05683300937364391 21405415.008468993 0.15791230650239588 0.2094632649444739 0.16430681781905174 0.21444249428797493 0.12143747633421077 0.1661267110189191
730 1154148.0 0.19122697127943725 0.2277777579943562 50027.55907271832 0.05691887094381357 21377522.295137595 0.162946241061262 0.20920672032353424 0.1642838808757777 0.2143743808297438 0.1255481195706898 0.17214828189712825
740 1167480.0 0.19169394358284791 0.22956014683172146 49934.02114485275 0.05700245007217705 21352019.94581986 0.16284749675979818 0.20956207698518103 0.164264214148477 0.21430845878432958 0.12537533628604114 0.17338247153502073
750 1194813.0 0.1945667206467494 0.23029597842533917 47880.52490207772 0.0569739908224731 21426585.20271278 0.16370065322209768 0.20983923660269443 0.16425395958164893 0.21424761053618055 0.12714966386971638 0.1733851138746923
760 1206296.0 0.19550018979978492 0.23237858787627705 47646.25836307987 0.056957224677811884 21489946.46728719 0.1642803287055692 0.20974267425431478 0.16424908726623658 0.21418689073127398 0.1274485957236385 0.1734931678496516
770 1216277.0 0.19710848597883854 0.23257396872214295 46779.02351228547 0.056912646346035094 21579064.27203157 0.16370581273205467 0.2097337584528008 0.16424233603312466 0.21412912403320045 0.12749387169042184 0.17345249984227137
780 1229549.0 0.20664857882393328 0.2360227297887245 40823.48193547851 0.05688121797299001 21650454.077910446 0.16514060862408672 0.20979555189490207 0.16424557401755163 0.2140745485415478 0.13311548024178366 0.17569574412302918
790 1246246.0 0.20826409521610992 0.23931806559233085 39987.38332082548 0.056835423313752007 21735407.18316594 0.16260649428029822 0.21020408323122639 0.16424903898538673 0.21402123487694633 0.13353658990862546 0.17720839757117074
800 1258275.0 0.20916359140755347 0.24545068966457018 39617.93147577552 0.05677444290198515 21835437.69911151 0.1609849097857745 0.20850171769792175 0.1642246734548607 0.21396973045786388 0.1340517796794302 0.18036434152516123
810 1276477.0 0.2093914905593086 0.2460996890784091 39660.18018403723 0.05670713630573165 21942188.16412484 0.16115723992167347 0.2065491277507182 0.16418559863835477 0.21389563958815924 0.13415602649246447 0.18044096036290008
820 1292636.0 0.20954273247398414 0.24810772357761457 40075.846736666004 0.05664319064383569 22046169.59042693 0.16035683755312785 0.2040109686214182 0.16413931059027614 0.21379522638058895 0.1341252354770674 0.18171803156722305
830 1316590.0 0.21025223703480317 0.2486709458043914 39813.29685961858 0.0565946437437946 22134580.92739496 0.16129498320144012 0.2042736935953669 0.1640991420991325 0.21367933820914903 0.13440696220092488 0.18172115599368013
840 1334404.0 0.21063644392862865 0.24907640622840044 39718.40129905916 0.05654977061349722 22219357.579140823 0.16151933338389393 0.2045392994351708 0.1640669906606974 0.21356876986856138 0.1343550243821468 0.18154274321530475
850 1355866.0 0.2114700957064815 0.25308638460381516 39525.006406960376 0.05644652473360745 22364701.341575287 0.1568518420208841 0.20978657762239622 0.16402308321617529 0.21351010880681115 0.13456326801394963 0.1831767631237022
860 1370549.0 0.2120701595264174 0.2533173431250067 39360.84933452126 0.056259610189892936 22601513.45908193 0.15634045569110167 0.20979556505714667 0.163932411592756 0.2134668978927309 0.13437788165367093 0.18315957158179708
870 1382721.0 0.21232850289810778 0.25852681073580347 39385.09255418511 0.05604087347765246 22877113.55876454 0.15284118074183722 0.20710355275927486 0.1638127141465423 0.2133939336518665 0.1343625727185507 0.18518002284617685
880 1398503.0 0.21292974055295397 0.26009268554646964 39615.65155205748 0.05580850703760323 23172581.47175893 0.15243167394479792 0.20742133854743272 0.16368484692893365 0.21332587129552089 0.13436189609027488 0.1850186233075558
890 1418162.0 0.21309183444518942 0.26781508809000076 40221.8805395982 0.05557710706969948 23471688.97938556 0.1521947784547698 0.2110596728983838 0.1635576779259595 0.21329003790250847 0.13432486025651108 0.18747630100153562
900 1427459.0 0.22579847560276048 0.26995164710131087 34148.64293768022 0.05544715397831601 23653033.55319466 0.15481311683478471 0.2071933571046348 0.16344732727261954 0.2132336007871538 0.13970641722594984 0.18832010193837043
910 1439775.0 0.2258808113328784 0.27017492120520964 34203.44018776738 0.055321845435771434 23830411.827040896 0.15392337995704003 0.20315318446792385 0.1633471239675024 0.213143801544561 0.1396287158061098 0.1883953095199279
920 1458875.0 0.22605093357632078 0.270885331428003 34159.577174479935 0.05521086647485285 23992170.10872475 0.15399464865661924 0.20309655999995063 0.1632449579867729 0.21303501605799113 0.13960841320926184 0.18854420889917164
930 1471811.0 0.2263450218384785 0.27204376071074 34083.74004546081 0.05509704834470617 24158378.503593586 0.15399317010680177 0.20245812611779673 0.1631462896789747 0.21292384866154032 0.1395446680347849 0.18875278451657257
940 1475761.0 0.22848494414083187 0.2742624294590493 33244.7916730915 0.05501634171576742 24285623.88172198 0.15814826708969149 0.20190724944137958 0.16307231516660003 0.21281336316506744 0.14037831368453565 0.1895922746042794
950 1497254.0 0.23065305825742366 0.2822423692097871 32560.898222102383 0.05494131945755501 24406212.85827924 0.158029724595738 0.19879367307022014 0.1630195623459384 0.2126715485432313 0.14075992015613625 0.19089877576153047
960 1510422.0 0.2316127503430889 0.28623369613782396 32500.09185228233 0.05486417582454679 24529831.74655229 0.15808022842803496 0.19893468127986022 0.16296800826813293 0.21252818970314433 0.1411815471107366 0.18988578789639893
970 1529593.0 0.2317251607791626 0.28723830163617864 32840.89903994583 0.054777241094186295 24666110.841872357 0.1561705001133266 0.19364122708358852 0.16291098111415778 0.21237263243820836 0.14116780872218013 0.1903796177640679
980 1553149.0 0.23263733509419243 0.29765582358751 32785.73825320287 0.05469508060009331 24797212.25912608 0.15612707886699156 0.19999107544404537 0.16284260334122297 0.21224724159433161 0.14129599186903796 0.19394481213519152
990 1571891.0 0.25028455229711455 0.3008212611785974 26544.557406082204 0.05459939330806352 24942128.01786464 0.1632877485917649 0.20624766074150397 0.1627969332982737 0.21215311046659563 0.14547590272165395 0.19527781685901358
1000 1588792.0 0.2536899545150702 0.30200839710254246 25567.209494147686 0.05458960425071117 24979699.401256613 0.16869230360207965 0.20913077065508123 0.16282661306638666 0.21212076122125012 0.14641164080051827 0.19562253519110367
1010 1606782.0 0.25583349172832176 0.3104269601538238 24974.761060516852 0.05457683571185319 25020396.0519562 0.1698081999923328 0.20792489217917481 0.16289007512139525 0.21208827927592014 0.14763025823985287 0.19944839803029757
1020 1619706.0 0.26066489486811123 0.3114986345259891 23713.150528231617 0.05456400461487168 25060011.91822622 0.170357408107699 0.20781911523811655 0.16295732695765938 0.21204703670923483 0.1490148856534061 0.19984498897304817
1030 1633220.0 0.2630259227923613 0.31850283688579434 23105.420027114353 0.05455142026975522 25098770.743374452 0.1705493574173268 0.20798332529748542 0.16303009359267315 0.21200676995297077 0.15059252369224643 0.20432489112464794
1040 1656359.0 0.26319263246278457 0.3185496709417782 23098.079033060483 0.05452492044603875 25154970.839651696 0.17023752100170056 0.2074631672305051 0.16310140608046625 0.21196733311069177 0.1506754785795712 0.2042864733394125
1050 1670535.0 0.26353148981804647 0.319390880739827 23082.676905246597 0.05449533512864692 25215114.198167507 0.17015086346766617 0.20764119352336313 0.1631689095086422 0.2119238399951466 0.15079890405100194 0.2046891095942075
1060 1685741.0 0.2656399304666896 0.32033260381784395 22613.519664880085 0.05446641663620884 25274104.335108142 0.16951350791244038 0.2073027207206633 0.16323136995640192 0.21188111098440895 0.1500790870473612 0.20506108090527528
1070 1700596.0 0.2692239989362611 0.32437421168884634 21873.148921436317 0.054438033671408495 25331871.793982 0.16823179379996256 0.20478967665010384 0.16328060553294815 0.21182361007460032 0.1510819610458627 0.20505529996096913
1080 1712434.0 0.26955024869188315 0.3259733309362305 21839.34439010909 0.05439158250723979 25412835.281263594 0.16684970381663852 0.20215941391866885 0.16332031932363034 0.21174606781186542 0.15128557803841367 0.20579715836307064
1090 1734607.0 0.275638810347967 0.32724765708984116 20578.611715931 0.05438206373441539 25445538.753252055 0.1550477396951119 0.20158811559317286 0.16325273706452018 0.21165320118281547 0.1519720220833156 0.20651269798574992
1100 1746780.0 0.2764161207858274 0.328473485762225 20520.658792807837 0.05439059039336673 25455232.89148673 0.1548392146362858 0.20112235186654345 0.16317675757066777 0.21155726715103415 0.15244296419189354 0.20675319218217983
1110 1760459.0 0.2772968568322439 0.32870302098624316 20343.465645142456 0.05437768882442019 25492043.305979438 0.15345690629032352 0.2038720071841763 0.16309847921132703 0.21146825898080046 0.15267163221896368 0.20672718401992674
1120 1780534.0 0.28212459668798096 0.3334945227091911 19538.310679643757 0.05432682908122734 25577350.630788863 0.15412349617205312 0.2012304084900588 0.16301593467257064 0.21138261062469133 0.1542391251982127 0.2074326191863248
1130 1806226.0 0.28263371538906784 0.33370476280335326 19485.400959174287 0.05426500670459327 25677301.290799093 0.15619762948302357 0.20175326534066473 0.16295109977282732 0.211296582815678 0.1542623707848211 0.2073789892854558
1140 1829637.0 0.2828120142664375 0.33518536084201345 19557.055011212673 0.05419282250507784 25791439.1468262 0.15751846306801182 0.20122132473017015 0.16289432887481484 0.21121266809016254 0.1542621580262546 0.20823626260794664
1150 1853816.0 0.2831659652424828 0.33627922258000015 19804.36836062591 0.05412504136346087 25900372.8710977 0.15775785596477213 0.2008352367644589 0.16284827497580676 0.21112375379579568 0.154396466661314 0.2086790280798986
1160 1869221.0 0.29800841457912713 0.33793845448737203 17113.871304277443 0.0540467694498074 26022323.944562536 0.1629017602467873 0.20262193686869295 0.16283163317969412 0.21104333591915408 0.15929230996468058 0.2089800968777753
1170 1879916.0 0.29959982760064663 0.33866652244118634 16873.78379396948 0.05399374627513564 26110362.584816176 0.16313850519954076 0.20158016771377987 0.16283308962785809 0.2109678578729033 0.15993458451980538 0.208780985786778
1180 1896197.0 0.29982869524461314 0.3427709164958128 16855.451887605504 0.05391542958518183 26233295.51212752 0.1622639865469385 0.2023924781158396 0.1628314643072989 0.21089231627068145 0.15996555163727633 0.20918599756897696
1190 1905455.0 0.30193873338540334 0.3432964805472453 16547.403126168407 0.05384128252405816 26350924.225601032 0.16193716716729473 0.20213565104030604 0.16282435404598825 0.21081926390346908 0.15877333828581658 0.20917118540415966
1200 1927788.0 0.302288000435214 0.344438405483092 16553.114179686218 0.05375994331752577 26479151.838199027 0.1619236335466028 0.2019666091332858 0.16281684788280426 0.21074599155148951 0.15887899248351972 0.20936355881200042
1210 1936068.0 0.3028211331085368 0.3449487998118994 16487.040162206653 0.05369201935686689 26589259.07058665 0.1618006738201106 0.20093308702903928 0.16280889016824915 0.21067113880453328 0.15884962929869378 0.209400755906742
1220 1949625.0 0.3197932181350126 0.3476019737316992 14095.44868807047 0.053612177868824516 26715316.750438325 0.16891266620390064 0.2009949730342388 0.16284668831934107 0.21059203007011154 0.16019243805312977 0.20997981886459954
1230 1972810.0 0.3217139069604032 0.34842866864205 13859.637830383548 0.05352400775294398 26853874.571058217 0.1688851774182013 0.20017979268576747 0.16289401879080295 0.2105100577504066 0.1608707651449595 0.21002539333062117
1240 1992528.0 0.32771046893865985 0.3492272189196751 13153.639675247632 0.05344405118511818 26981041.31701693 0.1705741218850496 0.20026206520324652 0.16294889811391744 0.21042734980156821 0.16280738304553677 0.21044826754239593
