1 500.0 0.1340234604674927 0.15074349710239499 83723.27571175832 0.1340234604674927 83723.27571175832 0.2532511678893225 0.29750938361654 0.25323434118932997 0.29718899575474556 0.13402346046749522 0.15074349710239576
10 28765.0 0.13491793573977065 0.15497912013064255 82936.66254333033 0.13431595712010364 166657.1979787621 0.25281588354727447 0.2979901866779881 0.2531892946760728 0.2980376822792226 0.13468965611772982 0.15484542206147625
20 38845.0 0.13623105274533345 0.15908115902484649 81777.67882703195 0.13465573230330927 248420.98608475455 0.25366717840659325 0.299576931375276 0.2530688169744905 0.2982969098371729 0.13580235822948877 0.15830749283058984
30 61203.0 0.13757673452549862 0.16374309946449705 82175.12243157085 0.1348899634282963 330595.50664758764 0.25420149003918047 0.2972432956705867 0.2531533626095172 0.29762005306940176 0.13673457021953742 0.16070495187599962
40 76525.0 0.15051581406360565 0.16934137874661132 65240.84260011604 0.13512173610134665 395493.40370680334 0.24963220898936 0.2939648518123715 0.25229945285663974 0.2966282207408935 0.14560705934620996 0.16461559262790124
50 88202.0 0.15249410764760282 0.1752241089471338 63739.16198753388 0.13510735104650412 459256.9156467952 0.25115047987815187 0.2988227261304349 0.25204702445654764 0.2965167496569163 0.14698087387711056 0.1687557434429837
60 104860.0 0.16376510165390964 0.17681166994927697 51818.13470961991 0.13584659740893162 508878.4615327391 0.2520217629609819 0.29906251002606166 0.2520175037023512 0.2969224656341487 0.1553568304357692 0.16990714448002261
70 118579.0 0.16408834191474553 0.17724187484052778 51695.50524911866 0.13631172885359588 559187.2414185216 0.2517872908610082 0.2982505078213902 0.2519841882164009 0.29710253846397316 0.15579094566819168 0.1702564535235772
80 133543.0 0.16685303893056808 0.17840978187698847 49708.18299332109 0.13627791246183146 609015.2230393741 0.24843580125887083 0.2982701576925392 0.2516992740469424 0.29727698488822535 0.15703460796530136 0.1706979958634627
90 155811.0 0.1674736878096691 0.17858589659961008 49923.27916979301 0.13621847277371749 659148.1424245052 0.24917681511164044 0.29839908955363187 0.25142420866011317 0.2973960741546973 0.15724326006656889 0.17049165975104585
100 169284.0 0.17026332434705035 0.18282801468189994 48094.71463922204 0.13616466794535406 707454.5435533328 0.24759269342053475 0.2977752053961225 0.2510237868408135 0.29747289165375007 0.1587166823288186 0.17274460620574952
110 179407.0 0.17061255392984884 0.18291021819182063 48069.41251864417 0.13611996980142535 755700.3097633113 0.24759254944302278 0.29777486062635505 0.25071467821035553 0.2975001228937803 0.15873799092451532 0.17262202378103675
120 197169.0 0.17908902313996614 0.20324261020300446 42255.49320945237 0.13594854443311613 798918.9743098174 0.25050947964768067 0.28093135837407646 0.25049320767984196 0.297055466422669 0.16348094842311853 0.18906685619325908
130 208123.0 0.1930191743409818 0.20572126445282415 33915.177189874456 0.13639563966355622 829553.8748439094 0.2500768366450361 0.2808129889073801 0.250448562857644 0.2958224100515933 0.1717678593581195 0.18996354845942062
140 217347.0 0.19303856866160135 0.2058057870203504 34270.57666422132 0.13673870430010632 861357.1401380181 0.24996180275956753 0.2808164118119695 0.2504181010100737 0.2947579249270991 0.17174246788914277 0.18985547938934316
150 245717.0 0.19804708270059035 0.2268273336558468 31940.321970761866 0.13697422747151405 891414.4764901401 0.24760303883506576 0.2853556916032438 0.2502387855287058 0.29418008810357466 0.1730055466604316 0.19586278281015096
160 257010.0 0.19845179436725735 0.22688463304787354 32192.363145544812 0.13707912924476476 922766.934434515 0.24796851067299353 0.2897719418549377 0.2500884608555311 0.2936232804243101 0.1732584965510625 0.1963518495595146
170 273683.0 0.20154116381642673 0.24423827816738986 30901.425071252095 0.13725340267175612 952215.8897913713 0.24850828762820473 0.2867778789334692 0.24997051549903043 0.2933374076433882 0.17504369567062336 0.2073376187444139
180 290863.0 0.20251673166314021 0.24509506896411623 30673.328598526077 0.13743072300188747 981409.1016225466 0.24127095041634689 0.28493959588741613 0.24986203577916208 0.2928802597721942 0.17573273360095454 0.20820670896387858
190 307969.0 0.20256875862457677 0.2451520058317816 31252.07377258376 0.13692867931592836 1017353.2393412468 0.24257316651705726 0.2840559096793955 0.249480205489662 0.292418122108521 0.1754116451722378 0.20850847520842594
200 320583.0 0.20422161111193055 0.24520212161836227 31555.599320308585 0.13601260991291841 1058365.8957982913 0.23627146794707765 0.2861887056082218 0.24881190333159936 0.2920616764032025 0.17536193935734107 0.20865386074460532
210 327993.0 0.20454429059140003 0.24550069260036864 31508.880119974052 0.13514642023942086 1099144.4955727472 0.23627458906070786 0.28620193835622315 0.24821770378022637 0.2917839258348452 0.1750803622106119 0.20866610487249654
220 346056.0 0.20800559165960478 0.24810676229447418 30443.36261944584 0.13437869875119937 1138323.1020690682 0.2386337476137567 0.2916387519978352 0.2477831416446022 0.29173656793117525 0.17641940933599 0.21002350872093845
230 367652.0 0.20816178762203813 0.24961346049735572 30468.09716964531 0.13368353661825658 1176860.0165612584 0.23880240034424688 0.29183979311527003 0.24739203351701047 0.29173956725399786 0.17627039043039633 0.21088716373875488
240 382364.0 0.20981857213248398 0.2528332160168649 29975.2044227599 0.1330470790919592 1214522.0547965006 0.2399247656223944 0.29450141168402344 0.24706805094152023 0.2918192338557397 0.17750380318093642 0.2131006775108351
250 399831.0 0.21899668953385004 0.2660236266162563 26544.594387757646 0.13253854651179425 1248086.5864263885 0.23990349298435962 0.2936100173615458 0.24679268021615602 0.2919137774750515 0.18100499596038822 0.2177617111658622
260 411223.0 0.22764920454393495 0.27632091030822614 24180.76791371404 0.13224139948268498 1276654.7041541066 0.24243120465714932 0.2879862048867328 0.24658055896563563 0.29180528128119304 0.1856346676075267 0.22435188410498966
270 437439.0 0.2284839634078032 0.2788729382895117 24103.178730797914 0.13197789251006076 1304683.9872994565 0.24092840570340687 0.2884635807745291 0.24639561625609532 0.2916714137720843 0.18548643326186667 0.22519038992322074
280 459227.0 0.2290776874461524 0.280064554997034 23988.37375717843 0.13155692049159373 1335271.5891050166 0.23305336730698797 0.2825811015970378 0.24604549485422952 0.2915026047472118 0.185755422813926 0.2259277983479182
290 474494.0 0.23237044843065874 0.28099467452795573 23786.562121215233 0.13115814102349088 1365444.337652517 0.23463260993232268 0.28675484794510253 0.24562400366983325 0.29129704409446544 0.18753248902616984 0.22637892300081677
300 478645.0 0.23737946209952956 0.28600594717014416 22549.872415227113 0.1308861914680825 1392511.401711116 0.2348483269354243 0.28845385450247124 0.2452447425995096 0.2911750080146701 0.19055394546965013 0.22842764164466975
310 493245.0 0.237489125316525 0.2868027865839078 22636.725485419953 0.13055433344783193 1420786.60311628 0.2345943518403589 0.28809415453493276 0.24490563024875023 0.2910807334558604 0.19045455071994635 0.2282955816548566
320 500982.0 0.2386215724472263 0.29627105281138755 22335.088986130875 0.13020606817723684 1449222.097944268 0.23451456778404559 0.28770909110141607 0.24458458987125073 0.29098429996469094 0.19050163533317227 0.23053283111698644
330 516945.0 0.24433505278523998 0.2991668294608189 20955.939805960275 0.12991709704269125 1475523.8678501432 0.2334708167470922 0.2848752482746387 0.2442146263898684 0.2908596137879739 0.193675470154846 0.23178017296914555
340 524739.0 0.24649948822317028 0.3030941592230586 20476.786950748596 0.1296866534181028 1500339.3107123945 0.23295687999032894 0.28368567003804374 0.2438923708496392 0.2906536544610811 0.19410353601317232 0.233993937331997
350 544807.0 0.255254378564133 0.3081026151969216 18620.62821383191 0.12955555200032154 1521581.3526873132 0.23303599725700355 0.2840191770795384 0.24358400706423783 0.2904613458416029 0.19670774938051483 0.2360651498097126
360 581911.0 0.25661076660433885 0.32018347944534 18493.368571786305 0.12943306110831543 1542545.128924911 0.23360078797272035 0.28248984622128265 0.24330140365765776 0.29023641429102165 0.19629434589052228 0.2376482254690536
370 600160.0 0.25785767793596187 0.3266953724163582 18238.314517117746 0.12947596495617822 1559938.3213656365 0.23811234208567822 0.2825909917253736 0.2431324154473512 0.2900352860911188 0.1968321680245817 0.2412439426435258
380 621222.0 0.2722319564590764 0.33274268578204036 15727.792104762018 0.12940262900957902 1577307.7701171997 0.22763132366864158 0.28406441603791477 0.24280980350189477 0.28990592513553287 0.2075862656780905 0.24220085538317612
390 642258.0 0.2761661432945305 0.3432276536071679 15182.015706218797 0.12913114842348167 1598948.796756855 0.22832299212847434 0.28359544286334365 0.24242844955623666 0.2897444959594384 0.2094794597581013 0.24491078014870005
400 653175.0 0.28405846967369086 0.3442242472298933 14170.777815884918 0.1289305351839034 1618055.1402773343 0.23141998524312105 0.27981934591709795 0.24213987665503328 0.2895228331715824 0.2111390785474764 0.24461993286570835
410 672277.0 0.2898665419946092 0.34959373603965266 13444.215827958215 0.12877569250181625 1635408.0172468878 0.23240782514878713 0.27960630918135804 0.2418889238986982 0.28928911883394953 0.21201942871813084 0.2486072928616963
420 684718.0 0.29013055872346927 0.35529964719504065 13593.402741417109 0.12861883062176055 1652964.479680461 0.23005245380393988 0.27481713168095084 0.24164129215823327 0.28900022150854093 0.2116616453619311 0.2509036176882831
430 715482.0 0.29646641435590654 0.36068082670905477 12849.684305635894 0.12865719043386126 1664846.8195041409 0.23211580009127386 0.27594915319178304 0.2414218625445844 0.2887117934410079 0.21402832660815707 0.2528087530008508
440 724842.0 0.2974995376466477 0.3639076870304403 12798.53742984373 0.12856003117572648 1680160.4162938013 0.23016276506798877 0.27754365327123126 0.2411975405579865 0.2884331953050236 0.2139359103473508 0.25396708888593894
450 738300.0 0.31369507817566517 0.37282558171795466 11032.054228873589 0.12854664773230387 1691559.0498797533 0.23825667829849234 0.2815939834428541 0.24108765222815146 0.288252422772372 0.21771331881108394 0.2557385309298113
460 758928.0 0.3137756748424677 0.3733762209303852 11130.465182514274 0.12850166256802512 1703924.1518624 0.23824162969461246 0.2815739716119757 0.24102594902482935 0.28810759739325476 0.21773182869374452 0.25554168042275366
470 769142.0 0.31759173668913426 0.37404983003580966 10763.18430304306 0.12847131716975763 1715531.4185111134 0.23889986146017922 0.280576090354256 0.24097194289663815 0.2879612542126587 0.220607353492771 0.2558253921248231
480 784506.0 0.3203581020373484 0.38610360850136344 10577.286892933429 0.1284257492043245 1727390.2237740834 0.23861487296027448 0.2793832541998612 0.2409251841936866 0.28779383059688596 0.22183269001774583 0.2619896887177589
490 798038.0 0.3222213573512826 0.3927513268669602 10459.239524613617 0.128261908739551 1742580.5127548208 0.24322610143378565 0.28363505884433576 0.2410114768579386 0.2876912226993278 0.22259209186493314 0.2645301522929521
500 812267.0 0.3227640246220523 0.4020200902536175 10437.581033264256 0.1280831661017635 1758228.5600041184 0.24343520814582345 0.2844333313092685 0.2410562773088006 0.28762971252457425 0.22281876853573943 0.2675390590286076
510 828315.0 0.3250074186731123 0.40524020465766086 10284.699076165281 0.1280420083316577 1769698.7971804696 0.2435027224466033 0.28449151989647437 0.2411038420549955 0.2875682355725151 0.22324014607084877 0.2692928583198061
520 847947.0 0.3278095519459555 0.4135565892027629 10170.12008557868 0.12807403302710607 1778953.4165164903 0.24142036395186597 0.2795033992765645 0.24112033830442747 0.2874702804889629 0.22378858950869948 0.2712011332962969
530 861856.0 0.3284743231094102 0.4219418950834058 10123.425962755382 0.1280473311414262 1789849.5647502157 0.23306826470897754 0.27914961311643655 0.24099802686057137 0.28730699281996824 0.22429600179007086 0.2766726481063133
540 876013.0 0.3342522515212988 0.4284715201559979 9633.859646616158 0.1278750912483497 1804712.8650617439 0.23091050059890825 0.28406132260775097 0.24085375082673902 0.28725454877969997 0.22555541102091584 0.2781142390342103
550 905143.0 0.3357920512823812 0.4285645319464417 9515.567148999362 0.12770820646790898 1819346.466037319 0.2365409026091831 0.28321052965001825 0.24069369501782056 0.2871935098614375 0.22683251087137402 0.27803428126775753
560 921503.0 0.33814123164539317 0.4308672828826131 9321.893012702994 0.1275956859404933 1832132.9255084824 0.23973733584536103 0.28494538407067294 0.24064254148502243 0.2871351081384963 0.22748849146963412 0.2785888507322255
570 931961.0 0.361268533386672 0.43850242023208663 7674.29956558602 0.12735348224834375 1847951.1119652074 0.24630636891982202 0.28350730246377065 0.2406850534688958 0.28707723017334286 0.23437879588366342 0.2795846347142652
580 944313.0 0.3686452036976587 0.4443800653248556 7222.23093674839 0.12716172883573323 1861736.895645884 0.25060814988979013 0.2831103723149296 0.24082623047348903 0.2870116855528765 0.23643274367240188 0.2811071150286741
590 952945.0 0.372323367873549 0.44512147814413583 7049.749859402105 0.1270518157757658 1872555.2082982985 0.2534880320919942 0.2780512455163593 0.24100108457825953 0.28686145964396426 0.2383087792215762 0.282254703144789
600 971193.0 0.3742761456331949 0.4519331108057633 6985.812632766074 0.12694540531490667 1883210.9745352955 0.24963502012301206 0.2846473788164278 0.24116450886057542 0.2867940487660445 0.2395765619272926 0.2852539158673437
610 988225.0 0.37848800849114256 0.45278043465632833 6756.226738488354 0.12685406954754608 1893150.7893728863 0.2496716366065914 0.2864534096926233 0.24130632885421802 0.2867777889597685 0.24061599711535975 0.28537359476973445
