1 47.0 0.10302385272795733 0.06790225739695359 135581.2764030357 0.10302385272795733 135581.2764030357 0.2557485532789648 0.22461455260137198 0.2557485490889171 0.22461371540570158 0.103023852727957 0.06790225739695374
10 10962.0 0.10340998295187537 0.06808094993854996 140659.3429718552 0.1030218326320422 276240.32027910417 0.25819924783532927 0.2232801620445335 0.2563851613513553 0.22422583366291382 0.10317788339664058 0.06796303882736866
20 26268.0 0.10999889886450216 0.07552467138268237 118297.75513002687 0.105182409629355 393050.4431179128 0.25999328068386 0.22441383990642358 0.2580132567711901 0.2241057411725554 0.10819424379406299 0.07423790998032151
30 43620.0 0.11011589817596239 0.08062625809621744 119169.88194772732 0.10516946320109918 512233.37842428725 0.2601154691143212 0.22846744811813666 0.2586735256821305 0.22494060628710996 0.108647523304212 0.07850061193439892
40 61882.0 0.11780531611213474 0.08271483297100839 101276.78795593655 0.10668945789966666 610261.7760024979 0.26111122482487054 0.22851062600469316 0.25912801705514266 0.22580583762475054 0.11537473233918294 0.07997065844250412
50 73062.0 0.11836783452241477 0.08288420226677358 103789.88126053887 0.10771399174898612 712337.564026544 0.2643100347493359 0.22703348681639857 0.26008187530117377 0.2260908120349451 0.11612328026898361 0.07996822136979648
60 90978.0 0.1185835176204876 0.08346798155799902 104160.28073253916 0.10842856171992751 815366.3650528266 0.2642510544857611 0.228392386857225 0.2607659448008301 0.2264442642830433 0.11637168073940526 0.07996524528631498
70 114492.0 0.11877145842700049 0.08358686188088205 103966.90932709204 0.10896448919813355 918480.3883647105 0.26424935933088967 0.22838699991406333 0.26125663815119826 0.2267181016712294 0.11657382130455368 0.07971704042144834
80 133830.0 0.12552155794193884 0.08437044231131781 88846.55799819352 0.10965840545763327 1004209.187427267 0.26568567712373053 0.22768002336699628 0.26178590560412246 0.22692689226285925 0.11980745189038536 0.07992531493786112
90 149683.0 0.13121970950122872 0.08489063873702707 78280.90431737747 0.11070548636899236 1076037.1396573074 0.265015807509684 0.22761533315766747 0.26218299079413565 0.22700536017598436 0.12476968712251166 0.08018054611477049
100 161908.0 0.1372852702987933 0.08860228547550415 69787.20162670019 0.11171487423754285 1137645.370754859 0.26881779963329244 0.22930786349721882 0.26279726419854255 0.22720166770512135 0.12781514951556128 0.08293883144849072
110 187879.0 0.15105687580184463 0.08885531483092671 52404.761849073024 0.11349739258711107 1169497.161347479 0.26503478934966584 0.22860637751028737 0.2632819399638332 0.2273833819676058 0.1385416865616134 0.0830741497376876
120 201745.0 0.15149207905515108 0.09054072122763718 54611.925933724786 0.1144599088329607 1213189.2004180327 0.2600636961801899 0.22643447091692703 0.2631232371992868 0.22736694676603245 0.13922562141129916 0.08448127408193055
130 223826.0 0.1552483951133017 0.09082025638407665 50827.51052627658 0.11478368859437539 1259619.2518176504 0.2561734316332319 0.22543423456987782 0.2627709608104917 0.2272644605884104 0.140883750166445 0.08468286857215568
140 237056.0 0.1592836738755439 0.09096292783640555 47208.856701618715 0.1153126585835254 1299329.4862372538 0.25632121125463003 0.2237227492129168 0.2623054337833086 0.22711043601623865 0.14437884083099287 0.08469227336055596
150 263610.0 0.16096735659252512 0.09106957538271933 46957.97750253112 0.11580369165144151 1339432.1433599386 0.25487194162611027 0.2213759803838019 0.26181515138662437 0.22672482641935246 0.14536265817964944 0.08447562770741669
160 289868.0 0.16106419463726834 0.09108887207391173 47488.52144283779 0.11610442035152234 1382732.213200193 0.25294036595760344 0.22025424141391567 0.26132114935266887 0.22638374353561896 0.14530452941907207 0.08420171397777722
170 317664.0 0.1673623769357982 0.09594455863864815 42669.68163173819 0.11609895754506987 1425493.7950502846 0.2525909206801954 0.22008792054442738 0.2608205368346432 0.22601502665678136 0.15090462589949763 0.08850963915251722
180 328945.0 0.1673932216464694 0.09606292687963215 42715.34350946533 0.11609406977087557 1468291.275428637 0.2525909216480402 0.22008996332339367 0.26036586196245515 0.22568767509140095 0.15080787307717478 0.08833112887427674
190 359165.0 0.1682842809005435 0.09613712806051661 42663.80551606336 0.11607586301432082 1511262.4443364656 0.2517338968425852 0.21942970473121937 0.2598985331303098 0.22536251220851156 0.15126105047968758 0.08817726654981646
200 376992.0 0.17072426439688948 0.09631460119343405 41971.868067718526 0.1161204746781879 1552476.4243369722 0.25140021984330835 0.2158133682678097 0.25948231209686706 0.22495779111769437 0.15332136897954787 0.08807570983329033
210 388923.0 0.17101283650056198 0.09970567030288993 42461.938746224936 0.11615627248683076 1594339.9410281337 0.2540491767072554 0.2164973849523255 0.2591469058651641 0.22455312548468964 0.1532923745485052 0.08961040089825607
220 401829.0 0.17335263498525388 0.10586749337393352 41206.670829756804 0.11590815799327434 1640197.6988676258 0.2522704467494683 0.21718754355341638 0.2588627749362753 0.22419344557999904 0.15479184916594207 0.09410122330260336
230 427052.0 0.17362006427233062 0.10601896824584792 41055.464257880696 0.1156691957882776 1685804.5891484478 0.25053830808313926 0.21720030158607387 0.2585469595566694 0.2238903372708029 0.15464293179885305 0.09397740808343645
240 437348.0 0.17838661586082394 0.10613737430374431 39580.73101036176 0.1152349074604685 1734595.9910971045 0.2548084801709457 0.22272054448664824 0.25832401324176985 0.22378874738896903 0.15542225786182975 0.09382835014243664
250 452299.0 0.1785805291860951 0.10627332903036615 39989.336766072905 0.11482866704610858 1783243.636227949 0.2525155191774264 0.22346990916673173 0.25812054392867395 0.2237508129755708 0.15531654818989182 0.09367092676325829
260 467584.0 0.17891418225729028 0.11357371292070173 39899.220960146515 0.11440408049586531 1832472.3160914101 0.25270479783468025 0.22505152923406654 0.25791202007418956 0.22378852650386835 0.15530554377798314 0.0973013867067622
270 480502.0 0.1823990993231747 0.11813609958125454 37808.227050245136 0.11403564584205894 1878928.7510665213 0.25205930040113456 0.22830146955144429 0.2576974729075122 0.2239495593590294 0.15687695630651508 0.09988982186689538
280 493330.0 0.1824924581239338 0.11822254067672955 37778.79562759959 0.1136912822544057 1924904.8723738452 0.25282742223012566 0.22821993615750355 0.2574990752125387 0.22410205227211524 0.156671638582966 0.09996362507418025
290 510416.0 0.18262849152383726 0.1183263725683798 37765.96807598775 0.11330541260268497 1972156.3062753945 0.2540074272817123 0.23014747007769348 0.25736942099810317 0.22428377132061442 0.15648354674596401 0.10004376926187834
300 534868.0 0.182679307501867 0.11926497034589639 37861.160696718565 0.11294178304360518 2019061.20278096 0.25618210512427764 0.23059456968855843 0.257308300758017 0.2244889762536606 0.15632580951939945 0.1008311273614411
310 561378.0 0.18544347548797585 0.11977268593283505 36221.84364515332 0.11260835254498128 2064069.610260507 0.2562861452402066 0.22952428318949525 0.2572737462830892 0.22466808710863917 0.1570077381593394 0.1012300089662565
320 585062.0 0.18847333071628203 0.12029543243923882 34672.32429047795 0.11237212944713501 2105168.7702161344 0.254778697341416 0.2282834620542926 0.257238293740812 0.2247933238895395 0.1581121192100315 0.10154432028603208
330 604337.0 0.19174225835145695 0.13142143671318685 33651.73265540959 0.11213949858768024 2145417.042536929 0.25401925345027937 0.2250336818570495 0.2571599786882872 0.2248514432897534 0.16051066378044054 0.10927163604088859
340 611791.0 0.1923748741833605 0.13171920983817245 33390.27876150006 0.11200820512408592 2182480.7519250135 0.25401985214015177 0.22510647032233058 0.25706789682332937 0.2248574307965945 0.1609134062601629 0.10939984570525099
350 625663.0 0.19308911230469808 0.1332990922782653 33189.22072892514 0.11180207538241474 2221669.0200384124 0.25270907747545246 0.22783619688198894 0.25696626676854434 0.2249394745268869 0.16149332321665502 0.11094711211352065
360 644134.0 0.19675249876049355 0.14011726404121227 32021.26039413113 0.11156787830507339 2260893.9519978054 0.25521638689373644 0.23122520178621295 0.2568436558359765 0.2250232271768294 0.16298542580466605 0.11358547887753011
370 658559.0 0.20212707445397565 0.1407344816437286 29733.844782635537 0.11157779178361434 2290322.8908457686 0.2551808808739937 0.2312112091750972 0.25679886235993327 0.22519006360936433 0.16582795725159702 0.11401731104855807
380 677018.0 0.20784604044513583 0.14096703888114606 27368.692903807903 0.11156068325665007 2318263.261306963 0.2596888842934677 0.23176626263199362 0.25680823797621716 0.22535635413491154 0.16823568804797287 0.11433968025968712
390 698289.0 0.20822031596888277 0.14108243092062372 27242.88292821049 0.1115540953705936 2345726.5926596746 0.25998629203086604 0.2312406451564387 0.25688252571238673 0.22551765178332134 0.16842426667172913 0.11448359145850069
400 710716.0 0.21024546624173573 0.14399355916387735 26742.783808529606 0.11159768939818826 2371010.9402858447 0.26033373181896285 0.2323702364391631 0.25699597058637014 0.22569758331029477 0.16905871075394646 0.11454986965094868
410 727290.0 0.2115133039782926 0.14684193774885912 26275.69160110032 0.1116584799136662 2395237.7542038583 0.2605440890936784 0.2354356930944775 0.2570774767471909 0.2258851056369055 0.17005995337270746 0.11557453003718783
420 753022.0 0.21167290769558128 0.14691934565352172 26337.001482896776 0.11171644296330797 2419629.4098788905 0.2602242201397825 0.23539812292280574 0.25715493930462635 0.22611890839321944 0.17011377347684337 0.11569965771364193
430 778295.0 0.21470393094904558 0.15130783020316646 25390.374743978948 0.11179492831871833 2442326.1587682283 0.2513976283312813 0.23798523178265493 0.2570818985863977 0.22637609582888893 0.17181263187839624 0.11843347830103647
440 799478.0 0.21711710238851264 0.15264331902863976 24726.684093390053 0.11189331918354942 2463635.0567669827 0.25715409208049755 0.23785816558901263 0.2570844207647255 0.22663956891836978 0.17263547810282598 0.11928155983759987
450 821599.0 0.21762042633853249 0.15290676990122176 24563.287624718127 0.11198285359381993 2485075.3755355966 0.25715988684998836 0.2380678851564028 0.25708531750949287 0.2268885909576813 0.17264865093606369 0.11941197907684915
460 843626.0 0.22830877571954233 0.15643934889223782 21486.76474668608 0.1122188428205606 2497861.432496372 0.25865834040359004 0.23826900657055158 0.2571053541132085 0.2271296204469761 0.17724582616423146 0.1215576222999406
470 850378.0 0.22977850399402044 0.15655348352353363 21091.630620949178 0.11244499916285373 2510559.656681364 0.2587498900099221 0.24394521550754308 0.2571385261706907 0.22737806475429753 0.1783269290236357 0.12174426581237689
480 864190.0 0.23570431351566387 0.17664381767483192 19552.144236107084 0.1127669112325164 2517974.3296315474 0.2530930487637972 0.2409707160339244 0.2571093298519825 0.22767780307415544 0.18387228961062094 0.13089616769198373
490 887197.0 0.24125884780520745 0.17678718486155784 18384.729005091223 0.11306545594029557 2524676.6053444017 0.2540237239020139 0.23705306989674924 0.2570455220030433 0.22787835169909126 0.18724658661720991 0.13118544317547284
500 911787.0 0.2423522871482985 0.18158172326148184 18276.067732038566 0.11334349129714884 2532107.5339235063 0.2522424308109779 0.23503072970186384 0.256967201561498 0.22804050662345762 0.18726217448473687 0.1345079402817517
510 926851.0 0.24596067183319958 0.18370971862918556 17623.526508215687 0.11365190725591418 2537664.8714389917 0.2501835162287123 0.2361833469228797 0.2568548450914755 0.22817964223592968 0.19006191966772523 0.13629531456287935
520 948434.0 0.24982455647460472 0.18990003812449532 16884.50790614794 0.11392137797100602 2543719.2692060545 0.2494806833619509 0.23727108898575325 0.25671590057046506 0.2283528460237591 0.19264811915246832 0.141572868369564
530 973976.0 0.2499350774478373 0.1903800024677113 16884.833814635305 0.11416606960458281 2550813.789627745 0.24939469742966003 0.23721179427718922 0.25657818673717747 0.22851979287355706 0.1925936789146813 0.14185337613548163
540 993298.0 0.25206151863751963 0.19127414854084712 16504.518890509324 0.11448870177754078 2554672.991304767 0.24902342217719262 0.23633860993664846 0.2564419736700103 0.22867238823831415 0.19494509125725626 0.14284765842226263
550 1012523.0 0.257114294085412 0.19271454301076493 15632.572633381496 0.11480255018729409 2557696.642218426 0.250241157741496 0.23632113438167018 0.25631302185792365 0.22881146532759503 0.19556937779046618 0.1441802814911359
560 1031044.0 0.2690343479123916 0.20295300156857293 14100.927334979544 0.11512710542195988 2558150.260950067 0.25486487890643483 0.23909017075340105 0.25627152732020997 0.22899114914353205 0.20083759770193899 0.1484921659110843
570 1051941.0 0.26920978932047746 0.20583366966761857 14260.497507461116 0.11544046909680962 2559460.75615799 0.25382349910052054 0.24136393394388148 0.25623204341082784 0.22919566595501906 0.20089852665569685 0.15000689817887142
580 1063007.0 0.27613060455427285 0.20864266411432653 13429.70554411797 0.1158253613178886 2556971.1804828974 0.25573575386750963 0.24144352886542106 0.256197078357267 0.22939813870771816 0.20436325643415948 0.15244036426312368
590 1074238.0 0.2780073374426072 0.2133528642994746 13297.124112995167 0.11611913721869917 2557925.1951024565 0.25629585794659354 0.24578797541069217 0.2561892268589203 0.2296493957529805 0.20524127443411036 0.15336588983368513
600 1094907.0 0.2817568533374048 0.21414103281849373 12794.649164224369 0.1164422691794062 2557135.776814035 0.26462035395710787 0.246770355218339 0.25625715785908 0.2299274033016435 0.20783799016955998 0.15412577420770343
610 1110515.0 0.28479020385602866 0.21433157088761104 12540.445400870387 0.11678757166735226 2555288.6232078373 0.2646160171224272 0.246764450528344 0.2563940279476983 0.2302030556984961 0.20893162736275206 0.15469659638659622
620 1139677.0 0.2899083435456141 0.2149121064684568 11939.372944580638 0.11716438743808864 2551469.544491546 0.2662225453847018 0.24358197483314217 0.2565387140285762 0.23046310623588123 0.21173879039318985 0.1550743079804248
630 1158616.0 0.2900194872857698 0.22081124214739575 11942.184511615784 0.11752942771598954 2548332.5493630255 0.2664542508118597 0.24447039458496583 0.25669268339663237 0.23067386727451028 0.21190466008317907 0.15830844541380212
640 1174075.0 0.30527391861837844 0.22747932387987482 10303.59881116679 0.11780173064020569 2546419.466655785 0.2690384558212674 0.24295545327008722 0.25686502807215617 0.2308725563607542 0.21454398557942755 0.1624200999433032
650 1189067.0 0.3055989257366171 0.22821185235928174 10293.030606370481 0.11806918680923284 2544823.9239340657 0.26864205270855007 0.24335542161851761 0.2570480372642647 0.23106277943161288 0.21478732480393678 0.16295390519355982
660 1217616.0 0.30595018462895857 0.2343188564676787 10274.155979540017 0.11829781615744946 2544937.9124999563 0.2670671147452523 0.24261903511699676 0.25720297919810753 0.231245710228473 0.21484778987370345 0.16626213310428514
670 1228610.0 0.31015097931109703 0.23553108974621054 10125.606428930572 0.11851962888347888 2545218.210934694 0.2672394771377098 0.24679347693957998 0.2573559074007737 0.23144461359522026 0.2164299179007431 0.1673242344279253
680 1238972.0 0.3104517161463611 0.2356240992446965 10171.401545759334 0.11859044510943631 2552161.7507509408 0.264728883630165 0.24605055973609835 0.25746903983096525 0.23166138583098594 0.2163920092430504 0.16749650670933658
690 1252264.0 0.3105186311147909 0.23567153790244771 10170.92694766407 0.1186592380146521 2559204.280979903 0.2648684173682544 0.24594267489571103 0.25757427136645955 0.2318694667443987 0.2164679895514105 0.1676509351835085
700 1272428.0 0.3236525011716138 0.23701594255280334 9155.318900717157 0.11886233026730493 2559063.743581675 0.2689457303637422 0.23873058074623923 0.25769306344644 0.23205528889904992 0.22255309699922668 0.1685183787046022
710 1290351.0 0.32470764080559844 0.24882049112444982 9209.333087870129 0.1191090836744266 2557216.5334174456 0.269782883022303 0.23929436562373746 0.2578577260539387 0.23216325618772327 0.22307993719351138 0.1741990555023534
720 1303473.0 0.3256604487889087 0.2520876189539852 9213.843237252471 0.11934909774026459 2555763.9846669207 0.26859428514535055 0.2397203576843906 0.2580123605639813 0.23226564917669337 0.22365779976590935 0.17661562633122407
730 1322159.0 0.32586905866631805 0.2541013921136979 9237.822131622606 0.1195826249394583 2554715.5467801974 0.26360857481889205 0.23996661117246695 0.2581591983035435 0.23237194675952091 0.2237623290757736 0.17771412858102123
740 1338996.0 0.3261180828868788 0.25438805147949484 9239.17687963118 0.11968018797118563 2559540.7935852315 0.26027811522342464 0.24079158270691503 0.25819518746202247 0.23247384385956113 0.223726528627425 0.17780328245612492
750 1370542.0 0.32618618312729436 0.25740145304224016 9332.322378489214 0.1197751835547096 2564606.5990074994 0.2602797730466847 0.24079324215118972 0.2582229449265318 0.23258462146664008 0.22370578910463154 0.17853321006148978
760 1387330.0 0.32667527766016924 0.2579211647279695 9313.281484312958 0.11986771172047972 2569773.5308655817 0.2608895472813104 0.2423894921181288 0.2582548411367972 0.23270518707657134 0.22417274778806295 0.17905029864290095
770 1412990.0 0.3283242431499806 0.26447420235720015 9186.572356046887 0.1199361829316399 2575865.3738281713 0.26170111581279026 0.247042090009134 0.2582975668067885 0.2328788310600479 0.22460448152564796 0.18346773743146122
780 1431490.0 0.3290008014313583 0.2651098879528861 9150.774647651146 0.11999753038886185 2582241.073599132 0.26581304583619497 0.24701442359162842 0.2583778237387922 0.23306295161746615 0.22466186862937276 0.18393186245909685
790 1446533.0 0.33289372105541254 0.2798122227851643 8957.302895589994 0.1200454940209967 2589007.3171081473 0.2630344401868665 0.24863459483236472 0.2584608118270399 0.23324954626815803 0.22580689698595124 0.1901418537691916
800 1468660.0 0.33311675078260833 0.2810329913365644 8985.719853418026 0.1200214967761944 2599107.4308970207 0.2652992544696908 0.24816242694440543 0.2585313485013 0.23344042788620042 0.22585910369510587 0.1909123135630158
810 1480360.0 0.3335656349224697 0.28138916955529214 9067.44789205623 0.1200083978794786 2608779.775891882 0.2602581138405043 0.24600504121144007 0.2585961520004324 0.23361397638605638 0.226024744101559 0.19095149716178578
820 1496208.0 0.3366873778056547 0.29080847655165964 8825.776381753309 0.11999814620892725 2618083.8151531294 0.26041473268853166 0.24666262535427458 0.2586176244019186 0.23376684036086645 0.22777312504797154 0.19623112732922596
830 1516692.0 0.33726110866467257 0.29098362366510316 8783.711582785418 0.11998689062779656 2627393.9481453304 0.2603654169507907 0.2466489838853895 0.258638886255661 0.2339218494034817 0.22795952495016591 0.19628785354049202
840 1531649.0 0.337683451736703 0.29131984210128087 8764.15165994052 0.11998382828448066 2636301.176478144 0.2562151433825468 0.24606635696292806 0.2586399117730895 0.23407019944410315 0.2281305446316869 0.19645252238639624
850 1542263.0 0.3408304452780868 0.2977952047322917 8528.17414884273 0.1199926199137824 2644415.5860995706 0.2553768520931374 0.24732115358119472 0.2586045289926481 0.2342151859727357 0.2296983677826199 0.19911304466144683
860 1575020.0 0.34278620923222947 0.29811668013297443 8405.104132080394 0.11999818703756725 2652557.0681978175 0.256233525752304 0.24800415084420555 0.25857165219718603 0.2343689734800504 0.23061042893793293 0.19930873274688687
870 1599433.0 0.34331996534914466 0.3008286079672422 8387.48322804031 0.1199980874133777 2660949.27942089 0.25621454913715136 0.24801055876702413 0.25854473858996585 0.23452552029137289 0.2308822369904051 0.20053375272282262
880 1618740.0 0.3477561548119627 0.31386868003081925 8071.261561822355 0.11982153856513696 2677926.341750129 0.24997343128716973 0.2513965026214349 0.25845763874094585 0.23471002212725825 0.23308363848163483 0.206542588284679
890 1644994.0 0.3490121860361559 0.3144636787562056 8028.60286844468 0.11959431642047721 2697659.525176552 0.25008387301164164 0.25060783718772695 0.2583632831277525 0.23489463873266217 0.23293538781573073 0.20707078095407888
900 1655104.0 0.35426928868896845 0.31880841780182634 7791.631621791736 0.11940894399468817 2715069.563279812 0.25205257828793437 0.2509694657532019 0.25827054553434076 0.23507071478545835 0.2353820206924546 0.20982605782431515
910 1665933.0 0.35685920644382035 0.3252436264128308 7639.878229655555 0.11922997535782119 2732101.2148599843 0.25441105346100196 0.2508722076106478 0.2582150293079169 0.23525617310623706 0.23562085568539923 0.21250497785030753
920 1683085.0 0.36058476314602034 0.3287524419763998 7490.857198870055 0.11906494239069762 2748331.965088143 0.2545018912097966 0.25122639960584076 0.25817278589543624 0.2354264439241975 0.23698564245326034 0.21470694740381852
930 1689526.0 0.3606219677370095 0.32880270490774977 7489.709139372211 0.11890342076330007 2764423.3315324886 0.25450189120980343 0.2512263996058333 0.25813335630697615 0.23559615343742663 0.23692565566193047 0.21479911192672527
940 1713650.0 0.3623827499700566 0.3294888057519607 7405.691269328646 0.11874382080617138 2780405.271902804 0.2550541348612316 0.25130996365105573 0.2580974780516514 0.23576399333625545 0.23804818247105258 0.21580511672372366
950 1738232.0 0.36383177145773404 0.33683791702249727 7329.303326667071 0.11858504760411966 2796342.9219523654 0.25490778304081546 0.25129967035577566 0.25806459833564 0.2359247993205296 0.2388454398974641 0.21708753286425195
960 1754971.0 0.3638730232953615 0.33690981875629367 7330.775915714452 0.11843399739784732 2811897.2996070194 0.25411933612044035 0.252115711429922 0.2580252171226053 0.23609170102234361 0.23876941273664634 0.2171058794281055
970 1770833.0 0.3646603386665505 0.33911075969539217 7296.887936036463 0.1182922860988104 2826946.3605377423 0.2541558152211081 0.2514316498223017 0.2579853633717373 0.2362496777888171 0.23874035223874068 0.2179999609451445
980 1784075.0 0.3647207763560254 0.3391776408620054 7295.33826246299 0.11815344856461694 2841873.409739456 0.2541556958869149 0.2514044799263821 0.25794632533213935 0.23640424407940158 0.2386844699166521 0.2180888876602259
990 1797303.0 0.365093519191458 0.33949967391642544 7277.3225114882425 0.1180171575587232 2856683.484950944 0.25303463417989075 0.25142249768758074 0.2579070575838748 0.23655584929492804 0.23865292862547824 0.21827167293147082
1000 1823421.0 0.36534189110526394 0.3398085122709818 7268.776411996367 0.1178839317542575 2871351.3292642394 0.2528727832006968 0.25143580567295126 0.25785721064117906 0.23670449598437743 0.2387638906345411 0.21872423200772143
1010 1845616.0 0.366746158444987 0.3413447584938006 7225.479775800669 0.11775248842549577 2885924.2861499684 0.25093046069877073 0.2522002994577373 0.2577982135083148 0.23685465802717934 0.23945122972680905 0.2204677569885146
1020 1859195.0 0.3692483322396453 0.34677762929331435 7230.150888635157 0.11762538854352954 2900285.3739837487 0.25192007342920836 0.2509845589647908 0.2577350665744848 0.23699127045857094 0.2398634174416837 0.22264252781657667
1030 1873032.0 0.3768890890492361 0.3588252114583424 6859.767914524141 0.11750065424234911 2914281.101046326 0.2520069499245892 0.25139940353736584 0.25768834840739185 0.23710946366921506 0.24323925309067468 0.22499850357992582
1040 1892658.0 0.38184635845356496 0.3662043427469665 6605.296778279044 0.11740607855144015 2926336.663560323 0.2516914612320021 0.251823740173039 0.2576316596690682 0.23724957250546122 0.2440049231958792 0.22806974124615434
1050 1902770.0 0.3822710823143203 0.3668640445169402 6618.858476437351 0.11730890141799431 2938576.9882812696 0.2531112216390273 0.24932484362241666 0.2575747952226445 0.23736408192614727 0.24425600358161628 0.2281886712372223
1060 1911353.0 0.3867288759217032 0.36921732715190264 6453.662565906389 0.1172453404409795 2948713.6160309445 0.2546320434698269 0.24794076925358696 0.25753535969739494 0.23745568249998633 0.2459094029913551 0.22862170291576492
1070 1931611.0 0.3928858222476542 0.3784174683899474 6198.574846509879 0.1171369922183343 2961350.7882347647 0.25773600628273513 0.24821508680118845 0.25751333136541077 0.23755079333477383 0.24679843778438096 0.231274576651497
1080 1949709.0 0.3930575903472022 0.37903865120450225 6225.656471093849 0.11702452786011315 2974287.2264086045 0.2569132563386829 0.2436005421750296 0.2575138718059001 0.23764111870226867 0.24679915128545898 0.2318065379723778
1090 1960919.0 0.4068627386615025 0.39394561129393174 5663.441768217214 0.11687142267667351 2989429.1314090462 0.2629222196424666 0.25379275112253863 0.25753168225987133 0.23778453756864962 0.25437049703078485 0.23577559488042235
1100 1974559.0 0.4075129418254891 0.39447970143262095 5658.93304569044 0.11670501192275037 3005484.1324526663 0.25799807966092436 0.2519762757036895 0.25755052296844577 0.23792128561553758 0.2544681148559259 0.2359597820647106
1110 1992562.0 0.4164606995463737 0.39721818451402785 5297.795206597884 0.1165699949996309 3019329.430180207 0.2609570215687054 0.25246439454382363 0.2575759364049003 0.23805132504289359 0.2574914073733045 0.23806757555887773
