1 1764.0 0.04300453872995468 0.047371694176667346 2498359.7296279827 0.04300453872995468 2498359.7296279827 0.1052137602967622 0.13935572436375343 0.1052137602967622 0.13935572436375343 0.04300453872995446 0.04737169417666728
10 17690.0 0.045310490964971493 0.04806945265781858 2165770.29970602 0.044124758371462895 4647814.0608589435 0.10571796407884182 0.13886830221705057 0.10549008283010218 0.1399223235155321 0.04481787479705574 0.04778444055270989
20 29914.0 0.04565851284497749 0.04808000778581476 2136827.3848239286 0.04335070011813286 6817081.798185964 0.10563148230929084 0.1388658260429323 0.1055615294087137 0.1394192466825633 0.04482715420724785 0.04743809695983521
30 43298.0 0.04603031042586691 0.052012886172278436 2118849.0494298222 0.04294742426092674 8955615.942661548 0.10579591619234546 0.13950429670433478 0.10560162391741182 0.1392873040365712 0.044877522443689616 0.049212640433022904
40 60415.0 0.04681022132279092 0.05233487631550608 2029395.927608954 0.0426745801938601 11006046.688666197 0.10605279838768138 0.13901815402579523 0.10566605070093615 0.13924492488588647 0.04515494488961487 0.04960808270574955
50 75259.0 0.046962571435988254 0.05239231135847617 2144594.4062959035 0.04212862870598528 13193305.472234521 0.10552347946366307 0.13901992973974342 0.10567097102309093 0.1392006314682476 0.04494836721995148 0.04972785733039764
60 98099.0 0.05153032260677695 0.05254739948072351 1649805.5652906944 0.042162939720873364 14835237.62798086 0.10535063025734344 0.13899981354734461 0.10562925079967261 0.13916994180861558 0.047390735156156015 0.04983803679024547
70 110832.0 0.05546999724947435 0.05974907346298977 1374541.7785957213 0.0426685675768123 16060138.464227896 0.10714793973325387 0.1412862365362627 0.10563932682420159 0.13950146531471852 0.05092771004877614 0.05542564937043833
80 132125.0 0.05695977757514382 0.06022810408462277 1303760.1104186976 0.0433368981893124 17177082.61848853 0.10721252522434037 0.14140099400290237 0.10582823287971545 0.13973050710022955 0.05216099130585346 0.055956346270700806
90 154327.0 0.05716326764135163 0.06102814246188579 1330908.9362765716 0.043874730849445556 18375126.10677227 0.10722752121330412 0.1416003711613925 0.1059811343919088 0.13991585773300474 0.05225264180049703 0.05643229334505801
100 165385.0 0.0576052248175762 0.06710538660806242 1310941.2292534974 0.04435540517951659 19569371.757011656 0.10726651266742465 0.14112326794046406 0.10610668225670179 0.1401259399490951 0.05261484171789792 0.05900074035231978
110 184951.0 0.05788365963138005 0.10085703664826796 1307752.2974925465 0.0447224177163132 20786554.514299467 0.10675527663770228 0.14088260039595896 0.10618910073851502 0.14025329933649588 0.052975894364198854 0.08651961882676472
120 209409.0 0.05831179967400548 0.1009435836450712 1298855.3436019893 0.04503259995268221 22008432.395233333 0.10712287240528245 0.14315800807476414 0.10625997114343323 0.14040256800862624 0.05306055455138808 0.08711842982759811
130 236185.0 0.06544448750060215 0.1033932225104415 953425.1283365313 0.04571753718261051 22660422.210334152 0.1062636037482706 0.14358684138506875 0.10633575227623032 0.14063729568171335 0.058968967284799514 0.08916125345837982
140 255826.0 0.06574324533347926 0.10431138871889051 962784.08744288 0.046059413540427266 23455190.40510355 0.10690948127416242 0.1435309136563637 0.10632881544251625 0.14084642178014684 0.05899150772305766 0.0900009384454151
150 271610.0 0.06990191229008355 0.10503992248173555 808554.4299792988 0.04650009956217451 23999951.43162103 0.10725897696041159 0.14311614110534956 0.10638113654866559 0.1410133208658627 0.061570103890125766 0.09063734763272367
160 289534.0 0.07015814005460394 0.1051442122802659 811164.7274886714 0.04694405762647597 24563906.360041898 0.10751153285295872 0.1442568451205362 0.10645199220432003 0.14121197724820464 0.061677582922559336 0.09095006368182368
170 301785.0 0.07021063149335513 0.10559304571617764 818621.9177844385 0.047282641609951916 25195898.046486255 0.10758164179187332 0.14563026972732537 0.10651362305404553 0.1413921505364538 0.061671700053133605 0.09141947068806766
180 318321.0 0.07163678268449444 0.10635353784278896 794662.9851908598 0.04772726922373105 25763936.47726318 0.10758578731750085 0.14580541087478457 0.10657367907377445 0.14163583625654055 0.06306418161799887 0.09171596763547031
190 337766.0 0.07167695308298401 0.10683871404329935 812536.3934823651 0.048128930402710116 26388254.22237287 0.10974014734721836 0.1510129225304177 0.10666269763280557 0.14195707926545206 0.06310580344994755 0.0921267123721859
200 348166.0 0.07191422895933836 0.10726891456484111 811485.6086999733 0.04831820787001317 27097227.799542192 0.10390364409064999 0.1503550580628102 0.10678009605517233 0.14242181092221068 0.06319686058687365 0.09244925281089643
210 364902.0 0.07520448088966107 0.10745819850515832 712458.5721421926 0.04842311135945552 27735935.09892955 0.10465951626670414 0.15096858833893811 0.10666398886655132 0.1428151547422855 0.06572725836216418 0.09279297645643295
220 381831.0 0.07542168372719288 0.10874372717311262 712892.9569127788 0.04852075243506944 28380889.124485657 0.10472062570631589 0.1456498660025962 0.1065762485116653 0.14305286881361387 0.06561999204532332 0.09326748833180828
230 399853.0 0.07613456198616443 0.10889684257229644 705124.8707470644 0.04861396344928398 29020763.982851703 0.10468648711498484 0.14573552475665377 0.10649472474889149 0.14316652284112782 0.06555077777403509 0.09338077752315933
240 415281.0 0.07646707283164997 0.11029349971124607 703110.3298866375 0.048708480198939696 29658368.423403013 0.1047734999309075 0.14649015904775917 0.10642282179898105 0.14328990111172418 0.06565898683470349 0.09371599821137949
250 435952.0 0.07798066979475199 0.11047869790752561 675650.612083834 0.04871307852240473 30330429.311205275 0.10395135380520625 0.14690752879392066 0.10631846737382823 0.14342554060764773 0.06613086414846765 0.09388189685247855
260 449813.0 0.07801589550598562 0.11050299201440128 676724.1437610314 0.04872346610460966 30999105.209230706 0.10394704942523099 0.14678012440494925 0.10622773934198222 0.1435569524525804 0.0660443178941476 0.0939457280186025
270 469847.0 0.07991916389829327 0.11814682991542375 631004.3921146754 0.04870234514278715 31648480.355419356 0.10226413576438936 0.15954674207600733 0.10611831549710983 0.14381163811085268 0.06682100749034298 0.09606389745335438
280 483625.0 0.08015527134459782 0.11832199220343888 634577.2971801369 0.0486774440046421 32304688.65427781 0.10170721367195203 0.15949543426873602 0.10598351967338315 0.14436981039447627 0.06679177867867987 0.0963511922541308
290 492461.0 0.08088754882406643 0.11862646511293974 621403.7648936027 0.048579960924739526 33018283.667203948 0.10175631164640306 0.14500724612149277 0.10583738070221407 0.14478275355313658 0.06709949329484773 0.09661536568482085
300 509051.0 0.08132024990540611 0.11864926346983264 619618.9050215816 0.04839424318354855 33828347.62916921 0.10183505259986886 0.1450073138697217 0.10570455783519375 0.14479021866125694 0.06721412076236133 0.09658418475958579
310 528781.0 0.0816109999862797 0.11886628603404384 615023.5391039577 0.0482189530029061 34627463.17849758 0.10223040517870151 0.14506262807734324 0.10558185731752409 0.14479788930307694 0.06711468556437421 0.0966343728047239
320 551839.0 0.08181039427894707 0.11887438246912968 615496.7384149479 0.048051971551046235 35421086.85302821 0.1019712139470979 0.14504495202041595 0.10547099072412683 0.14480569537846363 0.06706228799167308 0.09660197707013808
330 567630.0 0.08223270241605411 0.11928118426555118 610030.0726912897 0.04789564518839628 36201693.688423425 0.10311531823264451 0.14464942849474863 0.10537234531018343 0.14481246754860314 0.0673482483042734 0.09689456170181195
340 578974.0 0.08450037253253616 0.12057050978391279 567937.1308770411 0.04778291416123215 36899923.250130035 0.10307119697672944 0.14463537838525536 0.10530989572370153 0.14480337973384333 0.06861214564879618 0.09752540710787619
350 586116.0 0.0856239781175405 0.12255469033896542 546763.4361596277 0.04768528564542715 37564001.44299479 0.10391483021117295 0.14459320932614309 0.10524869686277205 0.14479711951762697 0.06957243927001958 0.09916782631546862
360 601063.0 0.08586611193297906 0.12256081622918533 553318.6576220021 0.04762415378927566 38188658.38619935 0.10348543836334334 0.144591074247134 0.1052069835989987 0.14479144729288215 0.06951720470642107 0.09909124732065917
370 620902.0 0.08595290229973974 0.12259443164246762 554881.4078501904 0.047556484557227476 38823360.58173628 0.10344035706643194 0.14447521058603927 0.10515964934409429 0.1447836073688342 0.0694397915340286 0.09902149265384527
380 636641.0 0.08800236540037654 0.12282478209137547 534309.4682762282 0.04751174782939524 39411897.97519296 0.10259085736656656 0.14343561344636438 0.10510373310410218 0.1447677226430645 0.07037789694666036 0.09911880978526996
390 662108.0 0.08832680244301404 0.12519435955163105 532691.7650449426 0.04747653031375491 39987283.18339221 0.10250729460827195 0.14533091551979765 0.10503823522120284 0.1447530456378126 0.07041651894691571 0.09992045169490889
400 670059.0 0.08922261095503968 0.1254077205738311 518920.2875687642 0.04746339679595159 40522303.92522068 0.10205452922628926 0.14534430326598782 0.10496629141300175 0.14476794739645615 0.07109431160094347 0.10006365047194646
410 685056.0 0.08960124803640075 0.12686249308417852 520913.76425001165 0.0474453135614984 41065440.51924545 0.10249120910914894 0.1419599997395071 0.1048997082191529 0.14476551033989668 0.07114098900310391 0.10128411216274243
420 694695.0 0.09227255293393818 0.12697999740114202 479392.38808061735 0.0474708845936837 41511907.26885049 0.10179256509111602 0.14028873750437976 0.1048368112954254 0.14466413181475074 0.07319974039823085 0.10123301565625506
430 705851.0 0.09262250167513043 0.1271397135871247 482006.59379966574 0.04750869303697525 41946256.0401671 0.10196560597814569 0.14030728523194314 0.10476733681277858 0.1445627229972411 0.07341418828457738 0.10120863183072944
440 729227.0 0.09281829717326051 0.13030752657937397 481769.3055972714 0.0475462263231468 42380905.13523964 0.10189469696670217 0.141542338469566 0.1047036569051239 0.14448401501072486 0.0734357069109413 0.10342401668414891
450 740999.0 0.09313160477267526 0.1305603998530711 478944.2564521185 0.04758195886912762 42814823.017525546 0.1019004264616941 0.14133054248913055 0.10464142581275826 0.1444186736310715 0.07355299739630729 0.1036171470818174
460 751284.0 0.0931948696071033 0.13107936635691622 485481.52978415886 0.04759334068885185 43285849.840333976 0.10192660438572201 0.14132414143846703 0.1045821836641745 0.14435173879327112 0.07353050910255247 0.10357318003792668
470 761325.0 0.09338780346136388 0.13126627852219033 489215.12295244774 0.047596870029115446 43770587.16191502 0.10196170135101194 0.14195359401119695 0.10452591927847665 0.14429061517279848 0.07352431984330007 0.10359428956915241
480 780250.0 0.09348741356950661 0.13961112139864956 489116.06418883265 0.04759985879323455 44255909.6515695 0.10192990356205281 0.1415772992320014 0.10447246357043641 0.14424200334169546 0.07346324772711418 0.10472664707094412
490 794627.0 0.09452017601718056 0.14194276142019072 474243.68740894285 0.04765090769210573 44666978.00093138 0.10229842867043956 0.1423028694439064 0.10442807966535883 0.14420181730393938 0.07416048652684577 0.10515992424677004
500 806090.0 0.0956732606773189 0.14213533968345035 462727.14087684656 0.047743774419133245 45018512.92147815 0.10282262723984438 0.14402035251254247 0.10439191343348664 0.14419050671698036 0.07487277100537802 0.10510464335534381
510 831816.0 0.09655304061188336 0.1422263496164011 461859.632534855 0.04783305492623216 45373988.26475257 0.10300437089217106 0.14402844267109738 0.10436190769328793 0.14418731005651486 0.07501757658844836 0.10506332315871618
520 856532.0 0.09678088266803948 0.14275241120147983 466281.2709682123 0.04790278380624512 45756825.23779653 0.10292327214258049 0.1444727163225913 0.10433433083335425 0.14418584038924093 0.07502782027149868 0.105376537775502
530 876468.0 0.09721302551262377 0.14439101375199628 468866.10426769714 0.04793949268925486 46180274.005443685 0.103328464171842 0.14518466735742863 0.10431355653391666 0.1442033084729191 0.0751744187980867 0.10634871419878177
540 887762.0 0.09826996683765837 0.14462471821502995 455251.0286317646 0.04796061759416203 46607904.36036211 0.10338169042695951 0.14515938282497967 0.1042957487194276 0.1442212472481205 0.07521177094871231 0.1064268566465186
550 910131.0 0.09838005560645141 0.14587379571996353 455460.9394233527 0.04799450127717515 47020035.69493761 0.10336891433339115 0.14501311836468844 0.10427912177822417 0.14423748460008956 0.07516990597879208 0.10652238210990678
560 921016.0 0.0985273272755247 0.14598131407303513 459212.90497526195 0.04794363218557151 47551666.31718954 0.10354674716522654 0.14488669500385223 0.10426720952721136 0.14425085662162643 0.07518866277101693 0.10651734605801472
570 934005.0 0.09882231491203687 0.14599334243027068 461444.26914898894 0.04786488095797997 48129641.70086485 0.10339788056059109 0.14489220025440383 0.1042526055848325 0.14426199607873966 0.07528616120501747 0.10647049035439271
580 942909.0 0.09996676405331982 0.14778625446932359 446692.4734046376 0.04778707130916877 48696299.26804848 0.10129129771503864 0.1444402214488691 0.10422843730217247 0.1442690468846724 0.0759026517362936 0.10750358515833441
590 958808.0 0.10255393894638448 0.1538934918228069 416590.5741837514 0.04781910245939814 49066649.4435607 0.10109718910486466 0.14648405771069828 0.1041764244663604 0.1442811908213308 0.07706616923165036 0.11096814418260034
600 972844.0 0.10259559099497378 0.15569950381892256 417263.1303405436 0.04784927256019134 49440499.76405275 0.10195563533005476 0.14759966149963097 0.1041266188319098 0.1443373839869093 0.0770174762628384 0.11146317543934108
610 983342.0 0.10666182423772545 0.15570821415000083 371853.48463570385 0.0479366023609544 49681348.54180285 0.1019855623784443 0.14758971012271688 0.10409112535093237 0.14439072144282583 0.07921884169016026 0.11144234777481185
620 996622.0 0.10708993416151052 0.15597844261488983 370941.64930411184 0.04798867388270133 49971056.03016643 0.10206366097400604 0.14758613960181824 0.10405813334511105 0.14444217595175773 0.07923423648973926 0.11152550756680231
630 1009049.0 0.10763953546513863 0.1608533021213376 367440.02956569823 0.048035172774012175 50265199.52711951 0.10268702818464426 0.1493421536219742 0.10403313842814996 0.14451425463136183 0.0793293005638676 0.11296149220319548
640 1026664.0 0.10770441223761894 0.16105559275267922 368975.10392418294 0.04808092137947695 50562693.25834178 0.10260484849788354 0.14785893504179 0.10401124548040978 0.14457131780321678 0.07932387108250505 0.11279836203455332
650 1043169.0 0.10829471077292015 0.1617326014637138 365608.4776969085 0.048124587849202906 50859628.75949018 0.10282616346533212 0.1500830890511998 0.10399319905176889 0.14462864906676692 0.07979684235414441 0.11322538404377724
660 1059178.0 0.11266883435003086 0.1618165362205572 331648.51929861045 0.7026280548937602 79943992515.92117 0.10308375066072277 0.148487690957835 0.10397834985211621 0.14470392581799627 0.08306621653366467 0.11321406921147985
670 1081119.0 0.11373008440416033 0.1667760719012807 324879.9824751182 0.693030807543149 83311226908.48848 0.10262863168954774 0.1492073384447108 0.10396198941856669 0.14477370255658717 0.08307966895619479 0.11357858377583088
680 1096482.0 0.11548104031637704 0.1696809430493917 312135.5330466931 0.6837125943744343 86763948104.95813 0.1028339426835948 0.1463804853626829 0.10394735035164528 0.1448005569975744 0.08443620512870764 0.11517298091588682
690 1110254.0 0.1158547247027554 0.16987027369229404 310773.84786374634 0.6746078373240664 90324344114.65952 0.10108655337740328 0.1464060299775712 0.10391710338645892 0.14482421572375473 0.08469021149818151 0.11516528911315287
700 1123455.0 0.12079924842622221 0.17008287419009085 275909.27231347444 0.6657378597210439 93982748794.80095 0.10096441378927518 0.14513312874307782 0.10387501053036992 0.14483226108715105 0.08502271710126481 0.11511920364396541
710 1147542.0 0.120805535192299 0.17035455998384827 276937.2100374766 0.6571147579980383 97731197792.81012 0.10104158347810173 0.14663506833177448 0.1038348264557835 0.14484936626901465 0.08496978434124182 0.11521619461943997
720 1157805.0 0.12111232422749948 0.17061242290426765 277107.9057121188 0.6487455352513888 101562350635.07846 0.10266731290669595 0.146700687012627 0.10379888085344821 0.14487437701521758 0.08516940179182177 0.1154463042268633
730 1172531.0 0.12431280431079862 0.1708217927291784 258967.1204934094 0.6405909727838132 105490287976.63756 0.10287869847149451 0.14610547738517496 0.10378476258557147 0.14489698324311026 0.08614539013031842 0.11558926868365035
740 1188462.0 0.12447310968022236 0.17110637664646458 259075.12305619742 0.6326521302913144 109511329883.19284 0.10287520469288236 0.14641211849602864 0.10377245380961382 0.1449172065650795 0.08618856368452099 0.11557716216368305
750 1204022.0 0.1246015636915625 0.1718247432141636 259755.2591049548 0.6249039655095624 113635287346.79805 0.10298736989585101 0.14618801506579207 0.10376169852275167 0.1449359360719196 0.08624761370546812 0.11608976116612944
760 1216787.0 0.12523632737818294 0.17192740261469516 259297.52094091647 0.6173540580220356 117855332468.49324 0.10272496286477123 0.14607656000324828 0.10374959718078704 0.14495157191788446 0.08617890714403029 0.11607313941732836
770 1228883.0 0.1256409936852021 0.17197453776696445 257907.32528162884 0.609996736302534 122171174883.87387 0.10411692621298635 0.14895552359495837 0.10373821825576882 0.14496995855812655 0.08643957972708935 0.11600594066776723
780 1240736.0 0.13032853954183943 0.1820787639551053 232429.47574295168 0.6028797436077823 126548896504.2134 0.10366484122946826 0.1479037718507295 0.10374067697087021 0.14501088562853803 0.08862846437401602 0.12063661850353877
790 1255548.0 0.13182998684288352 0.18514575835839583 224962.75166120374 0.5959412213927145 131020524602.04214 0.10359531138399522 0.1463870834075266 0.1037390923621002 0.14502905105469585 0.0895443711445483 0.12179211317770826
800 1276094.0 0.13766785239947632 0.18609777524099208 198222.0686025833 0.5892470466886269 135536596317.96211 0.10499308454495129 0.14653709841061854 0.10374950020898854 0.14504658547720758 0.09273198575494046 0.12243982820755711
810 1304550.0 0.13768929017782164 0.18619052217840157 198996.3714362944 0.5826964662814063 140158966752.5981 0.10493513510722449 0.14655474305627808 0.10376471606395045 0.14506513337242563 0.09274873958824076 0.12239436881848535
820 1324908.0 0.13862095431869959 0.18646747389256701 195791.20014072047 0.5762809118920283 144892055555.1706 0.11015710431655566 0.14756267924313038 0.10384256491921112 0.1450954804471775 0.09306513450947594 0.1224406394933728
830 1341048.0 0.13901183773709616 0.18676475367325626 194965.6871540483 0.5700181581140592 149720221917.3042 0.11019937460370777 0.14751977469484395 0.10391896513414181 0.14512470815622597 0.09332147106571764 0.12253402971299936
840 1356927.0 0.13927494040020513 0.18733521181478538 194426.79803804745 0.5639065402962321 154640915595.47876 0.11028863062813969 0.14799130197791568 0.10399426152291949 0.1451581423658799 0.0934557132319263 0.12275332475050571
850 1379031.0 0.13938762078091427 0.18804030996572219 194514.24169806263 0.5579507979627456 159645760675.87143 0.11023308340065464 0.14795881371190459 0.1040675403820639 0.14518828417319513 0.09364490473936517 0.12305722723994289
860 1395413.0 0.13991554831447034 0.18806034461526508 193774.35424209232 0.5521314722824373 164746766104.20816 0.10983962754323227 0.14794478937980635 0.10413530344078406 0.14522032552237502 0.09385777135767107 0.12306925041892493
870 1409811.0 0.14095045829430947 0.18946296657257833 191814.68196440878 0.5464369254530672 169950956879.22906 0.11038648705020046 0.1479184780861034 0.10420410026347973 0.14525153038321884 0.09443486165411706 0.12343843259208584
880 1428306.0 0.1410320686044392 0.1937712281363716 192201.93614614426 0.5408790067388018 175243813291.45956 0.11037652808590309 0.1487019863789099 0.10427416236611564 0.1452880301842433 0.09453592755634312 0.12738622766540467
890 1448298.0 0.14128623157231007 0.19383137154599464 193421.8174833051 0.5354373652464491 180641029445.6779 0.11038289640085416 0.14870211227339694 0.1043426859535404 0.1453263466381605 0.0949004929407403 0.12741716619393437
900 1466311.0 0.14321251275319583 0.1975550464152268 188824.68552618354 0.5301186063980006 186132688178.35907 0.10525221570685658 0.14877460552178537 0.10436991063145397 0.14535909127316773 0.0954187082131376 0.12865276141198048
910 1480195.0 0.14430997582871233 0.20151309623805752 186401.52403347328 0.5249064534782532 191732368098.66318 0.10462391608103312 0.14760106238832094 0.10437538206629941 0.1453850094433121 0.09636648198932594 0.13060626339743864
920 1495248.0 0.14439386196333 0.2015365315723711 186726.05064691606 0.5197865929589375 197453731016.3522 0.10361048713293536 0.147554336779785 0.1043725746423626 0.14540891592727578 0.0964136526776399 0.13060950861547493
930 1514635.0 0.14461544197997808 0.2022083150732784 186505.60491049016 0.5148090050634314 203236434955.02286 0.10372193922151181 0.1296552192845824 0.10436456814989116 0.14537425132434179 0.09653544892617168 0.13083592861637997
940 1528631.0 0.14647682130107295 0.20252114682923902 182680.72432366596 0.5099858674465403 209057126398.70712 0.1038511651193625 0.13343310934456515 0.10435952582871016 0.14520959823015336 0.09845100473938616 0.13044181753283143
950 1550678.0 0.14652064030677575 0.20648517687825346 182713.62841802282 0.5052662292068367 214970082730.3133 0.1032762564466945 0.13707902800750138 0.10435311291785268 0.14510890722052272 0.09845328039745782 0.130699408491743
960 1567895.0 0.14666329185025076 0.20982512077617596 183154.97427121463 0.5006552243415318 220964260297.731 0.1031560453457245 0.1325658450766516 0.10434144628839903 0.14501596355286925 0.09848690399194905 0.13147103479110875
970 1584657.0 0.14749085492158126 0.2101518751550453 180566.41060263442 0.4961558328078615 227030106910.9858 0.10377763349088533 0.13203725626356339 0.10433429911977989 0.14488396598633727 0.09854497785250618 0.13140582132124112
980 1606692.0 0.1477099423535948 0.2118169428200687 180678.43321435328 0.4917469464609245 233191232836.02682 0.10377141519896302 0.13317227966191067 0.10432867814352623 0.14476392937981336 0.09859484209451318 0.1318169939083905
990 1619621.0 0.1568751089090388 0.21202711428196705 151665.7865283176 0.48741735986487167 239460420445.3957 0.109258132392394 0.1332861082671317 0.10437855616745767 0.1446479411541095 0.10003549863915548 0.13180967782302946
1000 1632080.0 0.15698423912231865 0.21398500007048532 151794.27076648132 0.4831956416038948 245791688597.52106 0.10925066507199738 0.1332837237997558 0.10442729141832241 0.1445344320212772 0.10009632979408283 0.13253790895795106
1010 1652385.0 0.1572945911633213 0.2142355507865851 151426.58507992403 0.4790539002391275 252221779363.44434 0.1093364201092438 0.13328918820479987 0.10447533102932235 0.14442316972205665 0.10010121615044117 0.132363298426976
1020 1665746.0 0.15750197676927113 0.2228949675882986 151874.65663534586 0.4749835455171125 258761433195.0823 0.10915538045666712 0.13450189292102707 0.10452261310873885 0.14432352284372735 0.10022999147502068 0.13444339788887108
1030 1683665.0 0.1576223754854774 0.22414269415613503 151651.35199172964 0.47099513927400827 265390573851.60962 0.10909517128322033 0.13445200687615802 0.10456688490722557 0.1442278483118264 0.10024570981052029 0.13476105730250795
1040 1702568.0 0.15804068012916014 0.22418098154867902 150837.59497693102 0.4670892561687551 272103840478.50275 0.10948188629577198 0.13472963587168013 0.10461142769309417 0.14413526734105644 0.10049569445029682 0.1346855643166274
1050 1712509.0 0.15810585611929748 0.23035585737201691 150929.5455284235 0.4632679243316611 278892706227.6055 0.10968595753751081 0.13718916927267688 0.10465830182347316 0.1440574329511039 0.10058103060429999 0.1371052693214028
1060 1719541.0 0.15998334830322977 0.23276427169258213 145763.8171287675 0.4595180208216098 285776006484.10046 0.10988927143042047 0.1367932520982642 0.10470766874818552 0.14399524742747216 0.10127161108556847 0.1377195607336193
1070 1735234.0 0.16070564138831217 0.23287908406856375 144205.78581823214 0.45584390001639585 292741657231.23236 0.10995118975192442 0.13657458976210526 0.10475613931318217 0.1439272040120742 0.10185138189775177 0.13768021273953587
1080 1745797.0 0.16093358839862273 0.23559906262867528 144066.1069987674 0.4522337954905566 299808194304.4727 0.10993574871008699 0.13430067664368475 0.10480415810287932 0.1438423036912976 0.10207993812871294 0.1389711395652334
1090 1762993.0 0.1610549671087005 0.23564323387159272 144129.56444135823 0.44868945279628075 306969012907.95624 0.1099023700202922 0.13433950218846272 0.1048498030338259 0.1437548281628088 0.10216691356680538 0.13889852744887232
1100 1792006.0 0.16117778780239927 0.2356650165902139 144348.91186101775 0.4451996082288257 314244282925.46173 0.10993708369739535 0.134472799618717 0.10489592945564447 0.1436701020895266 0.1023083323982421 0.13879744504317745
1110 1815749.0 0.1614212091971071 0.23842531021494515 143794.48941504984 0.44177579355243674 321607043884.87396 0.10993694235034711 0.13638366939905697 0.1049412829791145 0.143597625317135 0.1023776149283295 0.13983867268280276
1120 1837205.0 0.16152612500691915 0.2387446031229308 144355.87949485815 0.4384099573464048 329071045560.22943 0.10993035431421029 0.13567954948009045 0.1049858314304023 0.14353185412858874 0.10250792174801389 0.13976573205154158
1130 1858778.0 0.16164567815394842 0.24104802660293298 144080.7230919698 0.4351080461820462 336619417315.3524 0.10943400553144322 0.1367266218932578 0.10502736394344221 0.1434833780821865 0.10262664853989696 0.14040394063168118
1140 1871646.0 0.1618900951778386 0.2428678486945936 143863.2789996182 0.4318618184661486 344267237420.3466 0.1094387814714242 0.13544365370729308 0.1050659577003722 0.14341848667638352 0.10274765284603782 0.14127326465378712
1150 1898092.0 0.16212500151372172 0.24312156721705988 143270.34392396995 0.4286713229819869 352011173685.6312 0.10943976284506152 0.135450507793275 0.10510393419495659 0.14334919184011427 0.10283331623656748 0.14131239542448207
1160 1919559.0 0.1624119959345444 0.24507357401280544 143398.04301256905 0.42553735050700914 359845698246.0422 0.10833178058766985 0.13300353412879093 0.10514018846366328 0.14326574908745596 0.1029398834901392 0.14087471847195637
1170 1933508.0 0.16541153928475227 0.2458442401416637 136195.62583582828 0.4224417010669235 367814338350.4857 0.10267334960822247 0.13292984520665085 0.10515302241654945 0.14317791420823497 0.10420013817536418 0.1408523397129735
1180 1956395.0 0.16570733201553436 0.24620951214312048 135617.63813407702 0.41939618323945166 375885194857.67865 0.10272461448471659 0.1329610705304407 0.1051320825219354 0.14309110917398365 0.10427118747597612 0.14091371216690105
1190 1977293.0 0.16583612770650225 0.24624230643954195 135352.09321393652 0.4164045035072617 384044927163.09436 0.10273593345554032 0.13296447036662568 0.10511197472001511 0.14300608002555193 0.10437812005695805 0.1408359454114447
