1 4199.0 0.06841741885027514 0.06824533079145112 621101.1269337763 0.06841741885027514 621101.1269337763 0.10467720468747906 0.10496698678209204 0.10467720468747906 0.10496698678209204 0.06841741885027502 0.06824533079145137
10 16051.0 0.06842600764898911 0.06825987344342156 623724.5285573868 0.06841741885027514 1244825.6554911635 0.10468753297102745 0.10496969502711462 0.1046809604119141 0.10496797148876812 0.06842168173502106 0.06825254220181184
20 42885.0 0.0686571473112148 0.06846904875468283 617882.0136915995 0.06848661671464018 1862691.605083129 0.10480099085529396 0.10497306592686549 0.10471413824233161 0.10496941671908094 0.068619461052338 0.06844450362646978
30 58511.0 0.06867191413124597 0.0685272214581864 617743.0816745132 0.0685212156468227 2480426.047880582 0.10480099085529375 0.10497306592686631 0.10474215521425491 0.10497059388288267 0.0686339825159784 0.06847790867196851
40 67178.0 0.07400018584765722 0.0687707639657946 506535.6728216321 0.06908375973098238 2978009.8112730677 0.10532133024338801 0.10500080453232963 0.10481872302756386 0.10494913552922001 0.0723643015179724 0.0685852244299516
50 78970.0 0.07411924168011869 0.06880900690385043 505719.2303906632 0.0694711030790143 3477695.5805509584 0.10532782421123672 0.1050027049798309 0.10491840906226262 0.1049595507771312 0.07262742656095264 0.06850524993219362
60 93691.0 0.07724737574095356 0.06894435629408673 451353.9686806229 0.07008857817974405 3913401.4381820452 0.10778523977693726 0.10455329581739405 0.10510638280303058 0.10494452314663424 0.0742591489007789 0.06843506766812849
70 107681.0 0.07773254831861239 0.07108799867718617 443542.0514756785 0.07034542940891422 4349146.329050755 0.10700065407561415 0.10453929455477848 0.10546158559650129 0.10488902630413231 0.0743178576993542 0.06922441415652532
80 128858.0 0.07778161094056193 0.07113782906598562 443015.88282745593 0.07054520258715768 4786136.183078518 0.10700139427628651 0.10454838279928656 0.10565161232727256 0.10484607394605187 0.074528087574288 0.0691894676765906
90 148529.0 0.08091969228700116 0.0732668462610257 394899.00027581054 0.07100470961775285 5161859.3277192 0.10748607725959448 0.10465293677881687 0.105831897133756 0.10482025430220038 0.07748318276235457 0.07104274900039692
100 173521.0 0.08100032556137222 0.07327799430651019 396904.8266613526 0.07138066991551252 5543745.174615874 0.10748607725959919 0.10465293677881851 0.10599567734423539 0.1048036882107763 0.07766213201424228 0.07102768323119533
110 198402.0 0.081225147546903 0.0757141554182933 395704.6797907641 0.07145073591030549 5936115.284278127 0.10695886473830084 0.10496531046013116 0.10611588933002833 0.1048192473711965 0.07784553235786269 0.07308910890684996
120 224466.0 0.0814528184903433 0.07656896873672644 394427.51471320394 0.07127999055822656 6340203.364231864 0.10605665836632162 0.10524545524910839 0.10617068620512314 0.10483653258969003 0.07797334031373274 0.07358468885098095
130 236354.0 0.08151237004167494 0.07658314395471987 394210.25790256786 0.07113321913107591 6742813.80351741 0.10603540501131173 0.10524018033851497 0.10616084611448875 0.10486746619442312 0.07792601273738198 0.07360919752186872
140 256454.0 0.08190929090756927 0.07735785293530038 389207.0922088212 0.07097653821074812 7141735.845309942 0.10599308470272018 0.10515404627963164 0.10614892700502393 0.10488778669401667 0.0781197654199021 0.07428080671994912
150 270487.0 0.08293447749034692 0.08293456951762408 375054.885665936 0.07092621940965725 7520137.878510558 0.10597833683931562 0.1032676612926433 0.1061380203149346 0.1048304640843095 0.07909987611933673 0.0789976259138963
160 290053.0 0.08594276536842253 0.08496657269783882 337010.04874519055 0.07086808325665375 7862546.826290016 0.10617666804709894 0.10421968926199296 0.10613933653250872 0.10478644717679213 0.07996892145162518 0.0796189418437884
170 302560.0 0.08601002858373195 0.08504332046835854 337397.6883747946 0.07081524044803111 8204856.392260549 0.10617815324221544 0.10422363603395583 0.10614152720803718 0.10475336959969664 0.07997754910028669 0.07969330390094494
180 321392.0 0.08617225491347467 0.08514469067085434 337873.7320337047 0.07076796004031612 8547120.252887484 0.10626635646543794 0.10424227098349047 0.10614387065653005 0.10472414164328749 0.08005521852159535 0.0797596671021558
190 348215.0 0.09029864287293934 0.08553882767175097 295002.11263224535 0.07061284622415498 8863040.72621734 0.10610065616435749 0.10445193292325214 0.10614432875205443 0.10470772261844619 0.08367821915586231 0.08004758534955904
200 365258.0 0.09115021081646033 0.08764160828188665 287321.1635295084 0.07050906741474466 9164844.661168447 0.10618821130304915 0.10464759026031023 0.10614299255502514 0.10469694355047389 0.08440770892822781 0.08183026269767511
210 388097.0 0.09132768781892502 0.08769604519438641 287360.9037648755 0.07041240563322596 9465786.63213818 0.10618994705845627 0.10465157797242379 0.1061451932079545 0.1046947368257495 0.08448900226628718 0.08190283972536677
220 395384.0 0.09173529216372873 0.08779314671625749 284213.8034383149 0.07014763020775536 9792248.410603635 0.10541364627513293 0.104102236725898 0.10611322459560639 0.10468412435865744 0.08477931741450351 0.08205073158724184
230 402416.0 0.09488336578916798 0.08810072402793732 257049.45698601275 0.06996898036022418 10081636.751370462 0.10392244975085262 0.10162727355240075 0.10602484125394734 0.10456250728121565 0.08658063500443465 0.08203067922175651
240 418416.0 0.0949322724082266 0.08817022332614691 257539.77245917084 0.06980606028639078 10368865.304629527 0.1040511994036946 0.10159464533519139 0.1059356455722025 0.10443951127827514 0.08656055442837265 0.08203685786876384
250 438149.0 0.09502900765599302 0.08930765129713684 257969.5082976577 0.06966011963020911 10653543.192585116 0.10405135012493771 0.10160018484567783 0.10586060732347605 0.10432629303912597 0.08654607512913962 0.08287972114589247
260 470255.0 0.09521139229690072 0.08957376495061081 261274.3444039263 0.06952498939300386 10939275.591130605 0.10405135790496034 0.1016003525648991 0.10579128728421057 0.10422184807866997 0.0865972504456685 0.08296963320786684
270 482909.0 0.09543579729501776 0.08966730072081623 259536.65959589253 0.06945497551648845 11211240.348655352 0.10415464107632114 0.10160627441376979 0.1057282266042164 0.10412517948239283 0.08682175035683902 0.08298333859329539
280 498365.0 0.0959420721703708 0.08985546788841592 255747.9164077031 0.06938979018318099 11478894.713222696 0.10296663351615297 0.10190024456864394 0.1056694782238758 0.10404679964630081 0.08738512728356693 0.08299842596450573
290 522688.0 0.09612575623075514 0.09041258960135085 261682.17026127473 0.06921134335440376 11774957.542198503 0.10240732937529964 0.10160151683751625 0.1055573678595059 0.10396275500981161 0.08737733521630059 0.08323018620690897
300 533233.0 0.10301724427984336 0.09134565859128806 214855.00015924923 0.0691171817976123 12012593.320283515 0.10283307502524368 0.10219992288167588 0.10546097957592587 0.10389375769653847 0.09363834320706402 0.08371048540552938
310 546238.0 0.10310990611119991 0.09138183532316388 215289.71479944064 0.06905325491023054 12243183.276514744 0.10259836344608847 0.1022131310998831 0.10537665328568767 0.1038397347567181 0.09364126790402637 0.08370683185354837
320 560520.0 0.10313063200436191 0.09141914668553425 221629.3455551497 0.06897462930739053 12483242.52501029 0.10253650004207014 0.10330210359211782 0.10528936941514086 0.1038044586551764 0.09356601397703929 0.08368834736248443
330 572071.0 0.10316789134937945 0.0914413938943008 221591.58434255686 0.06890062874001168 12722261.617316103 0.10253653005586802 0.1033021469947248 0.10520620197222075 0.10378928294518505 0.09351240170618283 0.08366799192275218
340 583421.0 0.10320083832507394 0.09432983070738514 221561.03380216213 0.06882562314792684 12961630.701830419 0.10264365052135517 0.10339646054164993 0.10512895958585011 0.1037758546303866 0.09345863209189724 0.08532411806853608
350 598004.0 0.10357043688101898 0.09492362134003159 220025.68647570375 0.0687350261759407 13203777.239370815 0.10259721191262244 0.10330260724554692 0.10505735923742468 0.10376344135214165 0.09364174747080296 0.08569248710181504
360 608426.0 0.10358716330680824 0.09500078349341644 220119.50031986352 0.068655718672886 13443256.945473824 0.10259734430416373 0.10317580136361454 0.1049892140459685 0.10374786576177758 0.09358243205732586 0.08572494567433585
370 632299.0 0.10375894777304044 0.09505762382057309 219576.679388238 0.06858058727302307 13681321.231495176 0.10258905314548912 0.10317919885586031 0.1049245420302107 0.10373252865517002 0.09358328981497596 0.08574953958980899
380 648882.0 0.10376574418320592 0.09506774078681285 219594.22688969734 0.06850930876546081 13918529.257896865 0.10258905314548837 0.10317919885585775 0.10486324310935181 0.10371800556332461 0.09352765574820071 0.08575414962858274
390 662444.0 0.10387531626536843 0.0956861705447704 219059.77102978452 0.06844213361302216 14154308.254982904 0.10280009984842758 0.10373774437634871 0.10480516564001936 0.10370908482337698 0.09356975889289625 0.08622325050388743
400 672410.0 0.10655429339250101 0.10028336902235563 203155.19229241484 0.06839854851444761 14369330.060777819 0.10110008026809558 0.10236649183777068 0.10472972736072841 0.10368928217127181 0.0956910292510016 0.08979356535848446
410 702327.0 0.1066801776976944 0.10322114076329532 204972.65281669746 0.06835808259790539 14585208.84326144 0.10103058042601411 0.10224335122296876 0.10464015850047403 0.10365524044705865 0.09568558391517279 0.09184475543789969
420 715561.0 0.10816025217895942 0.1079947319739071 201965.78475267647 0.0683057836410613 14801751.006711474 0.10076809892395805 0.10190433143581501 0.10454845363139456 0.10361349762273532 0.09696019528866984 0.09500704240291168
430 729643.0 0.10821154670348537 0.10804238264386473 201885.40961784692 0.06825586190952831 15017599.643937297 0.10076758711873922 0.10190470164410849 0.10446073702629165 0.10357384788388746 0.09690012225444986 0.09501293110111222
440 741048.0 0.1094653371263286 0.11043580249585132 196482.01328628694 0.06816744791655457 15240670.616847713 0.09835641610918464 0.10152163718783774 0.10432487973874428 0.10352547757720043 0.0974659185829688 0.09722883466314265
450 766137.0 0.1095074784693116 0.11075732211418698 200835.40468902542 0.0680644747957515 15472293.145083891 0.09834366501198419 0.10151620400315028 0.10419221954576294 0.10348091365999619 0.09736997053863855 0.09731890138949552
460 774548.0 0.10988339427459627 0.11088418452657449 198997.81479997552 0.06796588350987623 15701289.945313856 0.09834369466318646 0.1015163006788194 0.10406535349624933 0.10343829732634806 0.09738804667614445 0.09732697605340301
470 790971.0 0.11039740092974823 0.11348610116966046 196426.0306534739 0.06787307877494218 15926537.36172781 0.09819418171969574 0.10154657249741585 0.1039419966635445 0.1033979250335395 0.0974588393248824 0.09947219258576379
480 806199.0 0.11328471259522672 0.11481255934451935 181979.083737134 0.06783289102972495 16121674.491761096 0.09781223813660794 0.1013515808428452 0.10381612187489377 0.10335619724777662 0.0995893998462703 0.10025822206766498
490 823417.0 0.1138549768816957 0.11530897140671287 179583.00501999454 0.0677943107943164 16314112.713842524 0.09781131924249113 0.10135060705789471 0.10369383756926193 0.10331536407994736 0.09960205018153456 0.10032593260863057
500 835191.0 0.11514617658210191 0.11535855221366521 174794.95085380675 0.06781123586910517 16483351.782988962 0.09763812259488468 0.10107467062209524 0.10357704350151953 0.10327437527970457 0.10048342090580277 0.1003272682611617
510 851537.0 0.1151831062823738 0.11543016310441317 174729.33787552308 0.06782750997947898 16652741.706688274 0.09763619842210765 0.10107405937006493 0.10346079559882722 0.10323131984851022 0.10043434695310832 0.1003059319070705
520 861795.0 0.11521687278353086 0.11546150803319861 174657.89294031623 0.0678431699724802 16822263.89442402 0.09659584765304331 0.1009353649207459 0.10334700436299313 0.10318965211273882 0.10038769689859992 0.10027780821412485
530 878602.0 0.1164233723251121 0.11626088258861364 169620.54508797862 0.06786660328335564 16983991.520181645 0.09632825895458443 0.10047490825211054 0.10321633640067918 0.10314112844305824 0.10067491143762665 0.10039565228028606
540 893492.0 0.11645012519642743 0.11657715353671831 170287.45855656522 0.0678834484941689 17148607.397252057 0.0973330809114647 0.10038449514729197 0.10310201523584225 0.10309066556908135 0.10059854639162165 0.10049957775237961
550 904449.0 0.11646257691712403 0.11664845739708538 170282.38169875057 0.06789969209031024 17313425.846439663 0.0973309368252007 0.10038222298241438 0.10299729642699451 0.10304153114976682 0.10051785313529264 0.10047474363432377
560 920475.0 0.11681308160919791 0.11683932186433026 169514.7415181114 0.0679153657357098 17477643.429721832 0.09720664704089367 0.10023898367788822 0.10289429784575259 0.10299183019537422 0.10048168306105636 0.10053304997079641
570 947524.0 0.11681891579624706 0.11687557719027251 169532.11314319514 0.06793049891057834 17642066.319843635 0.09720641158934035 0.1002384626933558 0.10279468842552193 0.10294361739827455 0.10040005648257602 0.10049676158703635
580 957857.0 0.12203386217939913 0.11731797565273798 148948.25188823437 0.06793962063223995 17787436.132788748 0.0979401347484554 0.10025317367495051 0.1027115640292334 0.10289740352831786 0.10237433209879718 0.10070763388695915
590 972636.0 0.12212414042005872 0.11799679816868672 148706.4379000795 0.06792331683157972 17942687.973334234 0.09793657134923293 0.10034115378948368 0.1026307090426501 0.1028531026546119 0.10234327599103223 0.10091515077993977
600 986959.0 0.12344605073927754 0.12141717625260152 145382.53900577655 0.06792540773269409 18087225.382187583 0.09810762263814853 0.10181804277577801 0.10255429499225567 0.10282147910298134 0.10256150579058886 0.10271330614050363
