1 2413.0 0.14873825998684237 0.3151150102379943 53603.46248359047 0.14873825998684237 53603.46248359047 0.4598381271367034 0.5463327304997674 0.4598381271367034 0.5463327304997674 0.14873825998684098 0.3151150102379934
10 24043.0 0.16705209108558397 0.31527214017918076 38308.37129440915 0.15776497158104508 90186.61953827033 0.47358205427633826 0.536386257661728 0.4648691747666772 0.5437216560568263 0.16105849095913102 0.31299735066041967
20 40070.0 0.1686194802358506 0.32645279278304806 37361.15224635238 0.16125190316459545 126883.09026600415 0.47097632208170453 0.5346081457823978 0.4678259958982766 0.5399593222122719 0.1654814806691028 0.3198413265275147
30 59636.0 0.17291543097004122 0.33829736045644204 35418.943633338225 0.16312095055107864 161772.72000981655 0.47069488562279405 0.5137208709120344 0.46875150288485645 0.5342466541913783 0.1695012851860538 0.3263026819052946
40 77881.0 0.18570913358074403 0.3552088804578669 28656.210219570985 0.1620045148471218 191477.50472298783 0.48404271317473496 0.5119088311921024 0.47000009086437616 0.5289374519857504 0.17715661257671853 0.3386644465100798
50 97772.0 0.18602813245371558 0.35531148006513663 28663.803041413943 0.16099567413312948 221138.86118407876 0.4813482374952203 0.5103382688251856 0.4726261847987682 0.5255135548157289 0.17873806202913609 0.33666013453086213
60 115763.0 0.20019700899098958 0.35689103585884546 23515.880365155983 0.1618345801096515 243508.5761830787 0.4820239565128274 0.48133356267615063 0.47412887612874133 0.519269192279904 0.19142870108556767 0.3346811690179678
70 132904.0 0.20847626249024973 0.36191555923923374 21081.812487482788 0.16268728087696088 263202.75561354577 0.4815552433383559 0.4746012822701581 0.4753081318648175 0.5132835569626484 0.1968649322402619 0.33404674130923967
80 151240.0 0.2090938973064089 0.36225520102087116 20993.339886139132 0.16338390250210721 283078.0253908702 0.47471950784547495 0.4755798744874489 0.47593857615951757 0.5085844031803302 0.19793107576132 0.33190092481440453
90 177942.0 0.21995431984495759 0.365429190075662 18066.084176964287 0.16510234007517333 297989.0315905235 0.48116633086490174 0.47465434929689515 0.47630794923177244 0.5048701403948934 0.20825870865795523 0.3326386548032834
100 192829.0 0.25545306488358677 0.37415501919399147 11839.236114230502 0.16896066285196973 300038.06969678187 0.4958674862571638 0.4759498379237763 0.4778533690104389 0.5021074874770366 0.22564574431552445 0.3382467792992886
110 208025.0 0.2565276348976687 0.37436960993207313 11751.746227881684 0.17165016425503507 305141.4351103434 0.4971311919658554 0.47585149189139386 0.4795415950995268 0.49955405504034733 0.22798733711747596 0.33692674535697487
120 232327.0 0.2848053584799994 0.39435678432393323 8916.546503280226 0.1750777742448911 304437.7858628248 0.4927525755024272 0.4786633624101703 0.4812856048328544 0.49768314751301934 0.24590108203568084 0.339094349611404
130 257389.0 0.29042133310192075 0.4056498692073784 8478.559402083589 0.1763683564290299 308987.7973041651 0.4891467274183048 0.48647916748806963 0.48203514752840676 0.49678679147594346 0.24926666067323644 0.34246274194135
140 266332.0 0.3450653582263557 0.4148302435673489 5093.048319256256 0.1807586463801749 299399.1199946166 0.5032374594472938 0.48791440470093456 0.48323201153060796 0.49613050435338674 0.28642206282883137 0.3466951215016046
150 280977.0 0.38296838686498913 0.4217671125595656 3759.3930885668296 0.18626037299311704 285088.1201068392 0.5055306826491993 0.4888563674266695 0.48466301414489815 0.4956309934912965 0.31701701812497146 0.35174956275671243
160 300388.0 0.39974027219164926 0.42455480121927125 3368.2831521238477 0.19155024720530886 272350.5739337635 0.5112497494465029 0.49198349179113626 0.48617903640933063 0.49532360010823073 0.3282915867998136 0.3531169035806354
170 324912.0 0.4019045674747242 0.42477047451772015 3340.5162359449405 0.1964937513307884 262143.33363123986 0.5109287757449374 0.49137359578930506 0.4876384932457128 0.49511436084444777 0.3303208519320066 0.3531924452208029
180 345840.0 0.40635760602171794 0.44098705581642106 3262.906085165091 0.20069294194954 254645.750441262 0.5054916565311136 0.477662644237725 0.4888559763005083 0.49441647610353073 0.3330780226903296 0.35954224806077045
190 365037.0 0.4141120903931299 0.45424196888522017 3141.7463876926267 0.20422576033733392 249122.49758822034 0.5105975902303077 0.47731416454245995 0.4897541542057756 0.4935226991811333 0.33816455494910647 0.3653808717378225
200 384084.0 0.42381345425270317 0.46131488403609 2981.1666315809944 0.2072482489409654 244894.05632409532 0.5101951178471463 0.4741464093798843 0.4907796427718105 0.4926685009264554 0.34194761486019176 0.37059463777619583
210 400531.0 0.43684495204721574 0.46552068770287247 2790.969947758779 0.21000292973292745 241258.43194287605 0.5117370408270723 0.47531442149660225 0.4917652564149541 0.4918404612292013 0.3503576882561851 0.3722135208666544
220 422169.0 0.4412088478144425 0.47232810816429405 2763.3384233772504 0.21257816045430045 238287.3247246806 0.5114328910229333 0.47790092741167123 0.49266000092994067 0.49118487453800924 0.35358855251303795 0.3741109988543691
230 441172.0 0.4640380239935969 0.48080272827420784 2400.0992978884233 0.21520037996434951 234800.61688865715 0.5137605779765381 0.47925806028356194 0.4935882265704385 0.49058155684645455 0.3700908978307603 0.37896567970270306
240 465004.0 0.4691651882201245 0.49603129059688233 2409.3922916957413 0.21708406104760072 233057.26372703596 0.518389096717097 0.48655712935001555 0.4945998816335545 0.49036318741133106 0.3722222229953539 0.3834842224248466
250 477790.0 0.4714708201268113 0.49818567788694623 2379.401073270312 0.21882285202245658 231703.55126581265 0.5142110626888459 0.47847268414451266 0.49539974737196085 0.48998486137711295 0.37284012167146074 0.3837420401608088
260 489484.0 0.4779312132079926 0.4987323745469235 2295.156231546285 0.2204454188595083 230562.3164163952 0.506360085949813 0.47855958111280733 0.4960143761139262 0.489569010049656 0.3779714453567979 0.3834309655917689
270 506785.0 0.49549965502334686 0.5060641357504283 2079.573173435765 0.22229237780918892 228742.19272537157 0.5072362522313928 0.4782634549341054 0.4964718426104636 0.4891660607480425 0.3864282817003949 0.386042782239034
280 512495.0 0.5039043710793674 0.520239499454784 1979.645503597335 0.22427394978100001 226638.6996042818 0.5059255182080918 0.47384228694677055 0.4968005268264783 0.4886791623475844 0.3915869486364698 0.39290316116156543
290 532165.0 0.527816756493787 0.5357066133531095 1774.492765650546 0.22671345757122235 223482.2901775817 0.5105288268738338 0.463654396405554 0.4972147930342543 0.48800204185216084 0.4030480972388582 0.3981523370786775
300 566611.0 0.5391752072065178 0.551094592031874 1666.0483481891613 0.229000113507711 220581.20879679322 0.5076542924810383 0.46888784931534927 0.49761691808686975 0.4872150324930719 0.41498330646500353 0.40519373193499786
310 593343.0 0.5566384199796865 0.5551912179007608 1520.3874131385737 0.2308892348665199 218271.42778051304 0.508086935474751 0.4629548538330394 0.4979463660924993 0.48652732510952734 0.42168322937129 0.40661312668146044
320 608786.0 0.5703756336461181 0.5637238590904268 1423.9338421278692 0.23280785897673661 215858.3192799976 0.5127299291202564 0.46204159216177965 0.4983017539454135 0.4857475121729153 0.42617586075517966 0.4088877755504027
330 621207.0 0.5741329996425566 0.5718885889325754 1399.8457775479478 0.23443574979322196 214049.53381281637 0.5096976850499648 0.4613853153972834 0.49869279777879744 0.48501721682945864 0.4299779001952013 0.4124535616684841
340 644091.0 0.574920787453616 0.5753608738952001 1399.3052255725793 0.23561169434045004 213144.01487089603 0.5090110009351009 0.4587538176007013 0.4990177868272526 0.4843241043779389 0.43004693925218285 0.41397754481048926
350 667163.0 0.5786474195197835 0.5772705339379399 1379.0049901258287 0.23707268288817762 211755.57549587928 0.5105413773091932 0.4522091364246777 0.49931354015973584 0.4834348469920655 0.4321239932651733 0.41510870893286705
360 681611.0 0.5873238248977188 0.5848118299408295 1323.5929623147124 0.23854962711872305 210317.42733076628 0.5095091027904012 0.4501933443516099 0.49962249591069735 0.4825592248726275 0.438774851990393 0.41755894128261206
370 698855.0 0.5884463722478824 0.5864943418800237 1328.4011511737165 0.2398336766462041 209286.30526342985 0.5073309381137975 0.4493349105434011 0.4998556834272252 0.48166063254594654 0.4392679870874037 0.4181203414109147
380 724997.0 0.5901811984486705 0.5969635020900614 1322.1811447814948 0.24120526464240974 208159.0998370666 0.5082612000639305 0.447461267138124 0.5000799157913908 0.4807758086571761 0.44166755236445854 0.42503886646266986
390 735824.0 0.6099045903668607 0.6152664852692841 1208.4873275140772 0.24250513440690255 207010.30819544895 0.5118948643737755 0.45083798904272043 0.5003709912889434 0.4800166270256278 0.45619670769823195 0.43569224513755356
400 750419.0 0.6147002470473456 0.6218892648581232 1203.3423795325666 0.24364298188982064 206175.2394897009 0.5077463618747502 0.4482746067804881 0.5005931073426749 0.4792404637202553 0.4564003198249199 0.4362023463264297
410 758978.0 0.6248989282375316 0.6230494086188201 1153.9629925922304 0.24532130308513325 204446.15565065958 0.5092854790338313 0.44801965384864467 0.5007866089280276 0.4784763654899589 0.46348772543040145 0.43547168197341785
420 791400.0 0.6412271011291812 0.6281902911837114 1069.516957539392 0.24642962252788497 203537.22139220333 0.523452436410852 0.4479761002745045 0.5013468888715127 0.4777479797728183 0.4737942645291301 0.4363927343305971
430 808068.0 0.66091189725443 0.6400143966761231 983.7918019885659 0.24778682669485158 202113.40756908 0.5278680110031748 0.44936299013904635 0.5019546186224592 0.4770737085919989 0.4741643477279465 0.44041608326299114
440 829192.0 0.6746130346476349 0.6430239594573444 925.173022623956 0.24926192833818778 200448.36929238815 0.5322093391975776 0.44901896735623614 0.502594612458921 0.4763394605078126 0.47811914391254295 0.4406391313791723
450 846835.0 0.6799801680421801 0.6605376361554264 911.1099011848878 0.2506619849391055 198940.70758388445 0.5278568586126224 0.4426363329213165 0.5031831919154909 0.4756047892989202 0.4794806314485085 0.4440676771712493
460 860249.0 0.681077443019065 0.6615965069660844 908.5464419376079 0.2520174514472863 197556.2920265731 0.5276152508501206 0.4421739944782842 0.5037147400029935 0.47488096219115145 0.4805798549574741 0.4434705262827875
470 882654.0 0.687871012653201 0.662137160752868 888.0426525700208 0.2530805705101203 196639.46761660208 0.5238990290998571 0.4428138100037 0.50421056472991 0.47419147822493224 0.48533971582719065 0.4430576221607549
480 896907.0 0.6954884148178444 0.674689813810495 862.2561533410553 0.2530485256263493 197559.37362086668 0.49326349325996915 0.4446083612568894 0.5043186230749173 0.4735632802026084 0.4868587422566859 0.44844005091539263
490 920722.0 0.6961079298070633 0.6752355654634079 861.0982207583612 0.2530173001384785 198476.69642684702 0.49109282081297434 0.4443624539189371 0.5040495968284286 0.4729691695465887 0.4865414176161308 0.44800254461824685
500 935337.0 0.7011249551314421 0.677385424229728 851.0761104265569 0.2527116331923701 199889.0700113769 0.47691713306829925 0.44460690667042235 0.5035891308136425 0.4724254947561391 0.48893505952765476 0.44777016152570953
510 950974.0 0.7114653897496364 0.6807898446570035 815.9317947561268 0.25238186919924127 201321.08700166957 0.4764330691254298 0.44048401842943186 0.5030832269334314 0.4718082879897462 0.4901821946847388 0.4486270464743881
520 962685.0 0.7252746458501721 0.7325812656456944 772.2941855008054 0.25211011806567035 202609.07800425965 0.4735163699593014 0.4422820372144938 0.5025636343838066 0.4712311445527983 0.497550260064852 0.4664219511180777
530 994870.0 0.734832249024919 0.7431700195276995 745.3490721292493 0.25208176139091204 203408.20943259716 0.4710783603736304 0.44354898285881894 0.5019900712103534 0.47068796039154537 0.5020609528103486 0.47073968635576463
