1 264.0 0.12508616555183372 0.17141035549349146 87134.67131795188 0.12508616555183372 87134.67131795188 0.3792472212786221 0.48671951603267205 0.37924722127861576 0.4867195160326663 0.12508616555183324 0.17141035549349135
10 12296.0 0.1251686543975442 0.17170563646302328 86969.17160979385 0.12508616555183372 174103.84292774575 0.3786663336903435 0.4855187713379467 0.3791925751367762 0.486606211548775 0.12512653670837187 0.171554285066767
20 27307.0 0.13205449063998173 0.17295454210565658 74276.98088840874 0.12702186809200966 247544.11838962339 0.37876521673546004 0.48349322812062373 0.3788412724844823 0.4851168263215703 0.13164043536707862 0.1710947017472646
30 44857.0 0.13787813492450218 0.17331946667425854 65489.02859122062 0.12936276717685868 311093.9979791525 0.3777976238773463 0.48337702909805996 0.3786919475618561 0.48457809527334383 0.1371250473186549 0.17059887211947447
40 56087.0 0.16073167034627076 0.17435782030870806 41356.39152352362 0.13391899675448682 341088.168508378 0.37855030110074994 0.4866317824095361 0.37915950751089067 0.4850379131887056 0.1513735522969326 0.17050038530794626
50 66507.0 0.16094878850736452 0.1797084054805675 43907.07599756693 0.1359531583580905 380552.38756052934 0.38811665366495846 0.4903244172201957 0.3800724306397533 0.4858686220781261 0.15250952428796866 0.1742662836867826
60 80817.0 0.1724897885257765 0.18305065042327187 37039.924292179676 0.1357470988157057 418316.70808140567 0.3880314764061923 0.4898486816502363 0.3814531030495132 0.48654993613945385 0.16053111716044394 0.17600683096982017
70 97564.0 0.17690219144267993 0.1831945780285156 34769.11843665309 0.136158001397438 451576.3499924386 0.38930006813934503 0.49015931112552485 0.3825000562976399 0.48703798106528656 0.16410410776004894 0.17570544294865245
80 111114.0 0.1772217335804305 0.18337454448138096 35864.51349884209 0.13645511262953752 486416.2168007051 0.3905400441332754 0.4928175398999468 0.3834392085618851 0.4875992263912778 0.16386819891364973 0.17539522490349074
90 126231.0 0.17870008995188827 0.18845927086755057 35237.13875455593 0.13593219139259316 523726.1252310354 0.3816932576995476 0.49065596572006165 0.38356368157573895 0.48800815419715826 0.16421826875534476 0.17889267328141503
100 143190.0 0.19118408755167976 0.19134879133887694 28837.979111094322 0.1351882886836047 556699.954469126 0.367589865764977 0.4901034166550437 0.3828565774363192 0.4880032051993103 0.17419492836133327 0.1806359486353157
110 157400.0 0.19220751555955423 0.20031958409811407 29828.234333393277 0.13433904517156994 591285.4478109973 0.3700667686467436 0.49117600328604527 0.3815418953201162 0.4882192056235954 0.17357386938742972 0.18399505930386834
120 171519.0 0.19810021765199695 0.20933767743027645 27848.924233252015 0.13347046757817257 624646.6885551517 0.3645349878245939 0.4911090712763193 0.3803456226452657 0.4884683425850043 0.1761057398775666 0.18988835937111948
130 190895.0 0.19833141593601766 0.20945087053035208 29033.435372771317 0.1325819640354081 659291.2028783957 0.36687095886413457 0.49600157653826593 0.3792893882835411 0.4890017616870895 0.17569615591233353 0.1902554046567564
140 206887.0 0.2031233204394799 0.2224324894236511 27694.355255631308 0.13202418613250022 690693.903112707 0.36981348099850825 0.49319498235572956 0.3785593239278112 0.4893114064224252 0.17860173850449787 0.1940429452942671
150 220793.0 0.2086269802746524 0.22311747216364552 25659.83569872508 0.13162183294457516 719296.0522145921 0.36893675908620444 0.49326559920319696 0.377945222390741 0.48957038664100244 0.1813337894671638 0.19540159209865152
160 235295.0 0.20893731213717257 0.22323752097547112 25560.70203866654 0.13126681542581778 747495.5070918141 0.36892057273536466 0.49324985975415797 0.3773854241138369 0.4897996222998451 0.18107212495712072 0.19594704590145112
170 257205.0 0.21011470774601332 0.22360145824830227 25408.926139935116 0.12957604139929121 788846.6102725861 0.36385017951139487 0.49049310128895734 0.3766476688670902 0.48987142632148784 0.18072797711285082 0.19646961356597345
180 280788.0 0.21447284559374957 0.22445255651988963 24073.304636136905 0.12765607504281348 833963.1106276087 0.36389789303706443 0.4821927879689708 0.37605123350765307 0.48965188083092825 0.18293246280006292 0.1979516559373622
190 297928.0 0.22662460954302574 0.2261275376410756 20415.94480931657 0.1259281053219835 876670.050302691 0.36800419002249707 0.48100800770444885 0.37559738543133786 0.4892178939232186 0.18830985446288695 0.19845635499362452
200 322070.0 0.22670454897447928 0.22615889019734003 20621.300444403307 0.12436470414599449 918474.6996047606 0.3681752050806287 0.48115553128219757 0.37523082142108855 0.48881621790839863 0.187606864282666 0.19863277230697918
210 343417.0 0.23889661341153406 0.2358549656276956 18129.389994035635 0.1239630015823486 942037.1274196641 0.37609592710949935 0.4900064149383779 0.3751641400602748 0.4887609814367247 0.19465023342663879 0.20220499211714377
220 370760.0 0.25168307179909993 0.23636997206073818 15542.736263942943 0.12307437709011983 971648.3670944734 0.38561340342439915 0.49147406277278494 0.3754877018720254 0.48885538181193616 0.19860211541068076 0.202410084280862
230 384914.0 0.25237607613122115 0.24066131409951713 15455.479109003785 0.12225886612822967 1000419.4650971463 0.3853893396379231 0.4914990409977558 0.37592153262235006 0.4889702250616686 0.19879756722177125 0.2050189893764162
240 401345.0 0.25583330747951405 0.25977823727451654 15133.624312197066 0.12151332227121911 1028161.4177418994 0.39261828018961675 0.4900627293621423 0.3763285608620022 0.489017152844475 0.2019788769384966 0.21296387220659999
250 430850.0 0.2653693243053862 0.2787000285562529 14037.003254914636 0.12106909703873138 1049938.3100470898 0.3970809638468854 0.4984864862754284 0.3770190459407326 0.48912315467691525 0.2060617419843403 0.2238688318515184
260 445665.0 0.2654933218167923 0.2788313317229886 14029.414589771415 0.12065878252912544 1071220.3045972725 0.3974585634207874 0.498456843830273 0.37779132281082284 0.4894827291126891 0.20611328441691762 0.22438540674676247
270 460980.0 0.26891284543528804 0.28231702374242273 13533.091101991842 0.12034056527630603 1090504.5424932379 0.39763869043884736 0.49871517433901585 0.3785216610008789 0.48981941841093823 0.20998818338096534 0.22700874259818055
280 489062.0 0.2724467009390436 0.2874354359882836 13036.218591146746 0.11991494092970523 1111577.0703375365 0.38491043976464845 0.4813988304514302 0.3790047344727226 0.489870249515803 0.21277585629499315 0.23039990007226788
290 505492.0 0.2747646430058131 0.2927451786890167 12806.138270482623 0.11956357756665179 1131122.983854024 0.3860999606098342 0.48478456305221784 0.37921875720972176 0.4896072084819454 0.21127807785438021 0.23326331352399263
300 521461.0 0.2752214578577409 0.29351058479141495 12743.746610750199 0.11922125510106049 1150535.5912706426 0.38609980727918086 0.4847987740545868 0.37944736362512776 0.48944723404952517 0.2109304528997251 0.23365291407796793
310 534798.0 0.283829573859118 0.2945390853749178 11653.24504464703 0.11886671638719533 1169479.0132878763 0.37760791689228684 0.4762295922295058 0.3795661758246391 0.4892159260113701 0.21398762731141519 0.23453285789819678
320 551250.0 0.28736743113745566 0.30832202702708866 11494.010364499454 0.11870443433587483 1184291.708732823 0.381075037409973 0.4860241868959127 0.3796325209653736 0.48906583026246075 0.21529136055984735 0.24051445632323176
330 562130.0 0.292264059248058 0.32899475069524764 11076.253022419742 0.118801469836718 1193411.0033890114 0.37968631946907877 0.4850052556841403 0.37968902749685246 0.48895665547753 0.21896283386070942 0.25327364432760413
340 591544.0 0.29301014275802784 0.33160588866819324 11001.19235642401 0.11889298689685489 1202566.360636578 0.37994781795270444 0.4855493668508778 0.37969547778287305 0.48885249345040477 0.21916468563859456 0.25488397908430566
350 607003.0 0.3045315370305627 0.3332672261153528 9811.367036410338 0.11908633006791185 1208344.7702669462 0.38133213653418985 0.4836456954735002 0.3797346935456117 0.4887138476532528 0.22469320813483568 0.2561404345069025
360 627752.0 0.313178590444723 0.34081343060542707 9067.522365647868 0.11937909431412926 1211231.812957675 0.3797756598470108 0.4848228623305655 0.37975148072644627 0.488603964965385 0.22651145669290706 0.2590328651139615
370 638254.0 0.33266938522636286 0.348219555675139 7548.102942490116 0.11960029098869832 1213786.8117718324 0.3932536681911142 0.4915043375266828 0.3798976174492669 0.48852344781241086 0.23010246208176702 0.2608448250044984
380 653614.0 0.34957884970193354 0.3605808064774829 6523.888536588743 0.11996549236904475 1211888.7795907562 0.38455662567302057 0.49596176051969754 0.38014418098957786 0.4886405763163281 0.2387448945539479 0.2676685548317489
390 666724.0 0.3541361044307574 0.3695843175338193 6336.332393295402 0.12043984024004864 1207469.7307366533 0.3800071403120061 0.49652852069126646 0.3801951530817731 0.488824614802883 0.239903095968033 0.271281021959816
400 685819.0 0.3565541859853327 0.37637134838241126 6226.971296667881 0.12099141984632138 1201452.0664448757 0.3779350984960677 0.4917239456427181 0.3801623713301171 0.48895164572979427 0.24135595541604102 0.27504991036910115
410 699065.0 0.3575331757676098 0.38690127065102936 6192.56895530072 0.12115797697861129 1203848.7197027616 0.37600974250558883 0.5018015387263584 0.3800803703193669 0.48921673625287876 0.24178117650170958 0.2782995256604328
420 712959.0 0.3597005964288528 0.38743013536342114 6111.171273223259 0.12133721164475228 1205890.5474755336 0.37296145507802536 0.5006814252516657 0.37995583192260174 0.48950889314568236 0.242969836307264 0.2790190946760284
430 721636.0 0.35985003585694086 0.38758285291632255 6138.346275319342 0.12137558205762713 1211150.1770428952 0.3721357375721091 0.4979649847288172 0.379778294996961 0.4897177811510231 0.24310257552159398 0.27925032287976764
440 734303.0 0.3636043883007913 0.3920804526851503 5980.630631773688 0.12146319626606399 1215123.9854696167 0.37089060279731434 0.49565677687704407 0.37959754919805294 0.48985839944670373 0.24497969745366982 0.282642983992059
450 755888.0 0.3661663145038333 0.39225593477409054 5866.048258917265 0.12140250629121882 1222408.22022789 0.3595936239641223 0.4961429058462962 0.3791784471977876 0.4899963439853333 0.24594514827102953 0.2829211999269948
460 767252.0 0.36829792792681426 0.3978425761588612 5830.541953137699 0.12135740739130142 1229294.7371116865 0.3594030555036445 0.4975087253206092 0.3787481785949037 0.49013433387227134 0.24637824149676912 0.28568185027114407
470 785959.0 0.3691512881178484 0.3986250044217858 5808.6547121981575 0.12129620217021704 1236543.2648164027 0.3584973560687093 0.49692161560271053 0.3783200507074825 0.4902796263429534 0.2466125867467567 0.286410220224937
480 796023.0 0.3693968565220699 0.39949350304313624 5821.217083353537 0.12129177338507695 1242468.0798769686 0.35694918308711737 0.4993026444638181 0.37787931618742304 0.4904281116182016 0.2466317210879753 0.2871283267153004
490 815279.0 0.37005365786520983 0.4161474599749589 5893.373618545227 0.12123913662757137 1249596.398567819 0.356099154504958 0.4966730193601109 0.37743763013704956 0.4905669072111472 0.2466557851481967 0.29733664093439083
500 827721.0 0.3724100327143105 0.4190409599431131 5804.284134666006 0.121221351532933 1255818.646921978 0.3583393793743651 0.4967029095645695 0.3770481622657245 0.49067350318848396 0.2477861001301304 0.29791773512653247
510 834513.0 0.373167211304833 0.4195602948150063 5814.626291147412 0.12114724802464583 1263388.9962303624 0.35395322722920886 0.49583105310426473 0.37661916303510745 0.4907581067595688 0.24777335559645972 0.2981716811056359
520 844531.0 0.3748483014042159 0.41991588156287485 5754.669771100197 0.12106987660359446 1270988.5160584413 0.3543647813066601 0.49415196299219083 0.37618727600679874 0.49084258488432747 0.2483116714518561 0.2984216193409295
530 861304.0 0.37493445726291585 0.422991771419824 5758.3253538429835 0.12099595008481527 1278513.4641967185 0.35514290678721117 0.49351757962275433 0.37577709586157176 0.49088050441281783 0.2480712707372164 0.30220824652432515
540 873696.0 0.3755907180930618 0.4258213726226384 5783.834086689329 0.12093675564934502 1285710.6214336783 0.3552246408464125 0.4932705644719347 0.3753964756247333 0.49092846842024057 0.2481063046557989 0.30372445019751915
550 890552.0 0.4064631150442868 0.4383620083351672 4606.041521423537 0.12088220451954337 1291705.4078335534 0.36110853050952857 0.47991605952181354 0.37508528189820717 0.490849880769511 0.2585691735122435 0.30869031574686523
560 905667.0 0.41675656194576727 0.44211806179183766 4367.523298986055 0.1209171292572936 1295180.821440753 0.36455850946609636 0.4802801634716388 0.3748631704522362 0.49064912497184 0.26200885306151234 0.3096865835182528
570 923178.0 0.41956550352819705 0.44613011043374246 4312.691546949767 0.12093159492923397 1299122.407225431 0.35239205267504736 0.47622831655151243 0.3745225851533094 0.49040936464364593 0.26393044713844455 0.310863487344297
580 942265.0 0.42563923349187016 0.4540253643351649 4150.249510202631 0.12095653288141855 1302628.3033547576 0.35047806139115684 0.4729535541344257 0.37410603454566765 0.49014238640910573 0.266815306211807 0.3155100154216907
590 962095.0 0.43009039676280936 0.45943685770110526 4057.2380825965465 0.12082062191885992 1310282.3068101984 0.3371207316663418 0.47268471020935715 0.37360268063193003 0.48986114771694145 0.2688172023532659 0.31760400852417475
600 978121.0 0.4463921505004141 0.4627143381387225 3676.652706563862 0.1209309460211766 1311050.625314651 0.3456645161202128 0.4729269191802756 0.3730707613414268 0.48958182679374096 0.27661993546105385 0.31794786947496656
610 989830.0 0.44973658071971184 0.46606441883582034 3618.1522252576788 0.12088153041181586 1315995.5764755649 0.3413901985558686 0.4726908610841585 0.37260517438886287 0.48932336246382496 0.2775583241728041 0.3176441468044688
620 1009941.0 0.4644277053350418 0.47991150418379536 3281.7101535355573 0.1208054221961356 1321368.195103577 0.35310003374788423 0.4771782934374994 0.3721968322018696 0.48909165535675636 0.2831969821301746 0.3201359296749943
630 1025283.0 0.4661512769026558 0.48460894987324077 3251.192463924823 0.12069430360689522 1327696.9388717725 0.34604742236232894 0.4801688863752651 0.37176853335817134 0.488953601620595 0.2839503113218784 0.3234984512733142
640 1042642.0 0.4674386756102292 0.4863676483611542 3243.8842278375673 0.120627261540042 1332796.7847299383 0.3475163825567358 0.4885825058016007 0.37138124825664415 0.48890818716387524 0.2849100448603355 0.3244811333995908
650 1066371.0 0.46985458555023224 0.49056546334388196 3200.5924455931536 0.12053389701804036 1338602.0478853607 0.34737232138128166 0.4876699048072694 0.37101409971513905 0.4888964730005819 0.28630576193688306 0.3262161501643459
660 1078095.0 0.4733015036464365 0.49370121178821624 3149.276056761193 0.12040331666772111 1345431.8021967923 0.33914661993544426 0.4768014936333646 0.3706315133745998 0.4888171674016417 0.28647926209043983 0.3279223488557879
670 1087793.0 0.47404998895938744 0.49782660873708673 3139.02169657538 0.12027657691594067 1352160.2938809309 0.3388650318165233 0.4753346681118542 0.37016077830137467 0.4886240909736446 0.2864715061725209 0.32935423911317196
680 1106851.0 0.4777494775047518 0.5066846971201417 3113.713798569482 0.12014015148895306 1359164.951301353 0.3452108974595155 0.47974406671558234 0.36974983841443965 0.4884608912705248 0.2874182299926241 0.33128173330071753
690 1120132.0 0.485192294478073 0.5103916820915247 2991.8456739582793 0.12001238411760222 1365839.6166286923 0.34614572533499505 0.481608930853467 0.36940167398686563 0.4883486223827576 0.28938101473765426 0.33228347956101745
700 1131750.0 0.4885587807165184 0.5277699739771564 2943.94861327269 0.11989786429610128 1372103.5425774443 0.3413116948655659 0.48589331148488646 0.3690552230018833 0.4882637976200344 0.2899348695206355 0.3416255506573559
710 1145775.0 0.489525732326618 0.5321522163758633 2929.8437671565252 0.11966756472095759 1381830.1167626865 0.3367772432432464 0.486445146693073 0.36864667297740616 0.48823327919027987 0.2898144624369789 0.3459335143665959
720 1158496.0 0.4968216485987292 0.533359770315776 2803.1020638450273 0.11950057038567298 1389601.4514887896 0.33364805599657976 0.48624352389338754 0.36816765644830174 0.4882071081168399 0.2945344313133648 0.346765464089494
730 1174867.0 0.49708456005901774 0.5344705732339342 2806.252947737075 0.11937005710270042 1396297.3099305744 0.3288137382005572 0.48777009727425324 0.36765817406558127 0.4881814604705566 0.29425380331855117 0.34705688347705105
740 1185260.0 0.4976456987099132 0.5394584444438874 2818.8531899617387 0.11918441966662591 1404705.9262795332 0.32865930525038545 0.4911162891833217 0.3671337779561447 0.488199432904838 0.2942338535614775 0.34975297415543855
750 1207381.0 0.5036351630017482 0.5490398922160147 2726.5373826254804 0.11906364467653704 1411085.0654914998 0.33049481712904 0.4922553820854241 0.3666454298339955 0.48825779612034453 0.29620694875672443 0.3519897886685855
760 1223913.0 0.5209725291087193 0.5575093225420288 2488.8918738514258 0.11889373305821688 1418832.8277803303 0.33757822944131954 0.49563959711054856 0.36620949762871524 0.48833160768665074 0.3018217874293117 0.35709566116426844
770 1243724.0 0.527771252592776 0.5660649547183767 2438.43371518794 0.11877352097748908 1425005.1776574582 0.3447161775485475 0.4818366562682958 0.3659052707145732 0.4882796957444769 0.3024446102394304 0.3591995486052317
780 1252181.0 0.5329976556242183 0.5708867671720063 2380.9412122735216 0.11865172493983027 1431198.7601004918 0.34794982577538375 0.4844281322988982 0.36568160241665354 0.4882258005998365 0.3037762134187825 0.36291317301928244
790 1268902.0 0.5392851100515224 0.5722701062812456 2319.4018913202935 0.1186171571022659 1434598.585190487 0.34484271846526243 0.48304552164501713 0.3654267508557289 0.48816825281603254 0.30680550426833264 0.36302733489196626
800 1289503.0 0.5482784849113175 0.5747565521379389 2207.36118278301 0.11858383606314606 1437855.814461723 0.34759263570539295 0.4845054680139122 0.3651936935119867 0.4881174048247757 0.31001954465042003 0.3648259364056407
810 1308375.0 0.5491688900471208 0.584354743371387 2217.6674199198205 0.1184977955819568 1442801.4523572486 0.3540639805423582 0.48766862321788657 0.3650205492592196 0.4880910756582281 0.3099195775529019 0.3708215058687121
820 1322590.0 0.554384926359742 0.5915133937193293 2161.062227772916 0.1184167628124726 1447547.0834246068 0.34471843429764415 0.48985692004097553 0.36481658651617804 0.4880868626500812 0.3123965717165977 0.3740121129843455
830 1338848.0 0.5578535371334168 0.5954395352413474 2124.863282935422 0.11833580586228418 1452267.3053750522 0.3447016425557461 0.4888066108261702 0.3645744293829455 0.488100387025278 0.31298736471462424 0.3749338069061315
840 1349522.0 0.5630914103145713 0.5959525945552082 2087.5740067125084 0.11834018916523456 1454214.945330353 0.35017345809183115 0.48416744727537214 0.3643641562103371 0.4880867198961305 0.31262410293861276 0.37507335408367265
850 1363749.0 0.5715464363119775 0.6067635201302611 2011.741970125994 0.11834824033098575 1455968.5112368087 0.35001489153611465 0.4873079785646068 0.3642002017980245 0.48805933955739356 0.31685039657533676 0.3792016699833605
860 1378797.0 0.5848021241576165 0.612630375912156 1892.8361811632608 0.11836162719047884 1457429.0182485504 0.3504516836889652 0.4860622771085579 0.3640350473671347 0.48803792344665076 0.32046798992707765 0.3819661396920142
870 1395595.0 0.59397510649178 0.6503130019440178 1824.7400006698776 0.11836053228503383 1459289.3174770267 0.3510835888589835 0.5002520928356454 0.3638904194477299 0.4881498659982712 0.3225509858981096 0.4015850980911437
880 1416168.0 0.5942929673830287 0.6518676652323144 1822.8011803115885 0.11835946198420556 1461146.8845689648 0.3513932540605362 0.5001338832570581 0.36374929642305315 0.48828784435070594 0.32275843424905143 0.4023422021181602
890 1430270.0 0.596519010222298 0.6521673478840817 1804.9443331018633 0.11845171807125347 1459981.8594432864 0.35090818254461276 0.49822398625398917 0.3636084718907436 0.48841225432453406 0.32462137255022855 0.40252728775680763
900 1443468.0 0.5980154435813885 0.6526378083769536 1796.6161729998298 0.11852498727649934 1459420.970207078 0.35808475885107166 0.5010334812958389 0.36353349475625807 0.48854836667188417 0.3250251262494372 0.40272372268340134
910 1451299.0 0.600963282084392 0.6550105814410909 1771.9842668900353 0.11856802997785919 1459804.373827184 0.35764145364379674 0.5029790658376414 0.3634721347382531 0.4886969526964509 0.32639966531483494 0.40458342529737934
920 1471045.0 0.6019395778878981 0.6558758837841403 1765.3390612201538 0.11861014702972743 1460212.2714548933 0.35887006397639076 0.5010987137598408 0.36341744644081037 0.48883243165365714 0.32700367826748855 0.40541346500055386
930 1499003.0 0.602042503124317 0.6560857613507646 1769.2956363092055 0.11863034972972893 1461329.9550626671 0.3588467978691166 0.5000931309144145 0.36336852841039385 0.4889549167353231 0.3268736983647299 0.4054754715142332
940 1516226.0 0.6045782026787988 0.6562774189624299 1747.3652306425984 0.11872687163489568 1459989.1968618245 0.3575968126653655 0.49786953927150107 0.36331629037744195 0.48905738489925943 0.32837566540306595 0.40539480973353864
950 1539201.0 0.6062856675485198 0.671159136954226 1737.5959206572406 0.11872171707915784 1461893.2640584628 0.36025712550758615 0.5009869258560775 0.3632840427360385 0.48916649668813095 0.32898386652732287 0.4180503866557188
960 1554127.0 0.6082810565431156 0.6837137654468544 1726.2892996515077 0.11868050318961933 1464957.5043718196 0.356220142517776 0.5011265266544389 0.3632448563781083 0.4892917490329118 0.3287351000033653 0.42320754125194276
970 1564858.0 0.60854660828215 0.6843416221410275 1725.1965035106518 0.11862310659415325 1468552.3808197281 0.35709254090241244 0.5008610036764796 0.36317672016690994 0.48941394297985896 0.32866546487561116 0.4236290406611861
980 1574389.0 0.6125846464065443 0.6941016483114375 1701.6923740364555 0.1186407788679251 1469681.3718271176 0.35791023853043924 0.5012027494032857 0.3631192320498823 0.4895380910597456 0.3296415647542577 0.425373182766098
990 1587652.0 0.6346000919706231 0.7200160401552013 1541.8886880902908 0.11871101220007545 1468934.3382099227 0.3497195163066625 0.504568558682579 0.36297041797198587 0.4896755462950563 0.33740562616812536 0.4369250017262858
1000 1601881.0 0.6362429702131174 0.7209080273392824 1536.1170498278805 0.11879076134556717 1467879.5509745893 0.3488942659900871 0.5040921147975359 0.36283416371180877 0.4898221694925088 0.33683820708785506 0.437410946089838
1010 1622040.0 0.6420787062147731 0.7343469603324391 1493.939469332462 0.11888976294772932 1466162.2095431061 0.35298468803082517 0.5139566757823701 0.3627205551840509 0.4900218571288838 0.33615411366864223 0.43918123706434636
1020 1632373.0 0.6422321429614916 0.734958598603327 1493.3546473266185 0.11890641936726913 1467111.947126202 0.3527003879366213 0.5139024582796442 0.36262380656143767 0.4902557510033482 0.33602991671917753 0.43939020331320167
1030 1643312.0 0.6474585992015784 0.7524854265560502 1469.9358474617725 0.11886969095991692 1469789.3267911659 0.3555114506632629 0.5109935924683395 0.36256751081239497 0.4905323903260289 0.337080013422935 0.44521236465251945
1040 1651614.0 0.6481217818110774 0.7544623319793223 1467.7689171391846 0.11883366218729657 1472443.1728415291 0.3526072892998158 0.5072364093917119 0.3624862819419272 0.4907113145172352 0.3374811874589923 0.44651274987740863
1050 1675913.0 0.6555084978315405 0.7639876293790152 1464.7711652393934 0.11883668539434902 1473808.72456353 0.35753122694989853 0.5099280532771191 0.3624209596458101 0.4908907103100417 0.34096906545424727 0.448916600501411
1060 1694378.0 0.6574631378193229 0.776078933555158 1460.5818902281258 0.11874707262056368 1478242.5550485086 0.3550385617393184 0.5090771650737249 0.3623507277788418 0.49106100871224945 0.34168965702549664 0.45054478629938344
1070 1717342.0 0.6594023023820142 0.7769690727961032 1449.547838803052 0.11866199042784151 1482524.8309128727 0.3554249232825009 0.5094547849248423 0.36228292614933755 0.49122950989925046 0.3420551596922468 0.45124488248614364
1080 1737661.0 0.6621274173203939 0.7785845679340367 1438.4040533229702 0.11861108740020783 1485657.8171558124 0.3555464318138931 0.5095551501286741 0.3622202786338305 0.4913987581764145 0.3431723517455246 0.4519585281985578
1090 1753026.0 0.6636209950405393 0.7787155403268301 1430.813601651269 0.11854352293718952 1489347.6522783427 0.3564374203646501 0.5106967902189326 0.3621605983236007 0.49156730551226235 0.34316060549288735 0.4520408247778905
1100 1769011.0 0.6646494645905551 0.7801463224616699 1427.0734224055611 0.11848199332794773 1492836.0151010668 0.35541221978151066 0.5102118744891103 0.3621048902905226 0.49173930663674065 0.3435961900694407 0.4527325642543909
1110 1784590.0 0.6689682707515978 0.7811611727699524 1413.7121876965691 0.11839172725216461 1497293.6850269532 0.35479984493458105 0.5054755605716597 0.3620441941375028 0.49189725509599297 0.3456386957275611 0.45315051174824905
1120 1796462.0 0.6715707083587954 0.7852481944144807 1406.496980750902 0.11830276469108679 1501710.9458563009 0.3556369932533558 0.5075902389691933 0.3619844856626055 0.4920270494671845 0.346031571703953 0.45314273137036615
1130 1812618.0 0.6753991434347492 0.7873964257267007 1403.1033897341747 0.11821666213164424 1506036.9181802382 0.3569674301259871 0.5074747049979371 0.3619295587982412 0.4921640940206287 0.3466095197926811 0.4533519779591654
1140 1826755.0 0.6781357161953427 0.7885382881750865 1389.7520810168671 0.11812364753237528 1510599.7084291386 0.35506179708328267 0.49811553694375726 0.3618736969243671 0.4922399961814246 0.3471973314997417 0.4537663867933714
1150 1845721.0 0.685785617928285 0.7896544098010269 1351.7767750013343 0.11805115985209748 1514433.6163275205 0.3588269745334782 0.49904373226423693 0.36182847118980005 0.4922998365370892 0.34872450248323844 0.4536471861733935
1160 1859149.0 0.6869100840752864 0.8032558961601518 1349.7506745467433 0.11793845327421172 1519671.8191523564 0.3572037661817696 0.4981532369137852 0.36179603181061853 0.49235030287339926 0.3491134017380209 0.45636345178616766
1170 1867664.0 0.6892862743450374 0.8349459286728705 1342.077100289113 0.11781577245652103 1525270.8970578029 0.34833462387450154 0.5046244551975558 0.3617143633514662 0.49243139910580785 0.34911187524627185 0.47699480891817353
1180 1884100.0 0.6906049476526726 0.8352277240734657 1336.3380678274907 0.11769534918030979 1530804.84685893 0.34653364803139747 0.4993945286979589 0.3615955647968748 0.4925139648682815 0.3493489080904748 0.47727505841291706
1190 1900304.0 0.6918362230836137 0.8431497279768443 1333.0703921681074 0.11757035195653134 1536517.1454063035 0.34711358107678114 0.5059722618666371 0.36147362831950575 0.4926301455556986 0.3492394162747432 0.47837520291473923
1200 1910081.0 0.6928088215921749 0.8487565659938889 1329.6247623021823 0.11743330637529467 1542677.7809620437 0.34588155539376714 0.5075181467531015 0.3613498815025948 0.4927455521548036 0.34944797435460095 0.48189898830840616
1210 1933950.0 0.700732407296266 0.8535075459616702 1303.9649084269197 0.11734994752201475 1546921.049902103 0.34605515044215396 0.5057545659984889 0.36121698512208295 0.4928621788430566 0.3491807840563682 0.48213920704042645
1220 1943993.0 0.7032654260170363 0.8580223424139933 1291.6566383601655 0.11721764081854567 1552924.4182761353 0.3437114672948669 0.5018430282335504 0.3610854802262307 0.4929608392341901 0.35052211162454855 0.4876651313589295
1230 1964895.0 0.7073740910433716 0.8632583480633003 1269.2313165100074 0.11711399432167492 1557895.6838667581 0.3425043799073939 0.5000495368150947 0.3609431020669319 0.4930309944079757 0.35381263569185384 0.4907769632036613
1240 1980367.0 0.7188316351079669 0.8673103651654194 1220.3258314617149 0.11703825431367834 1561832.5730175623 0.3463706358992228 0.5001478772832078 0.36081162755823765 0.49309160604319424 0.358208052468676 0.49285854660925876
1250 1997772.0 0.7228099979514769 0.8676270475185831 1202.0252436939973 0.11684333422270858 1570152.2942848632 0.3413790677358164 0.4952742991794111 0.3606805921091883 0.49313200368098625 0.36046004275878984 0.4930202859585683
