1 5793.0 0.18338562884594048 0.1574008069514357 27993.799624158768 0.18338562884594048 27993.799624158768 0.5664009284222713 0.4405067658107097 0.5669674180080674 0.44084295918901095 0.1833856288459405 0.1574008069514366
10 16380.0 0.1858120005332461 0.15855377597420284 27197.961003280365 0.17637050229030554 55537.8985729675 0.5635661249334448 0.4416658926483555 0.564167771097559 0.44150304883651176 0.1811805335978736 0.1559639150289993
20 26098.0 0.1868700685218984 0.15870990316254838 27167.77957962451 0.17343542428432787 82900.75989434906 0.5635120323662158 0.4401725578093199 0.5638840918882917 0.4411540912769606 0.18142695494863034 0.15581025959748931
30 50518.0 0.1870005358802075 0.15889166754302209 27211.60029836518 0.17196788528133902 110212.72314088779 0.5635470969563637 0.43962073093268894 0.5637777903428786 0.4408215306088812 0.1811760770024118 0.1557311750580504
40 66646.0 0.19153949764546918 0.16084098638135244 25466.30693581045 0.1657405566252263 138644.54347577703 0.5524147047380281 0.43514756732740695 0.5609531118560064 0.44030798984176783 0.18277339414822685 0.15729283688403978
50 79302.0 0.20053162090325125 0.1679859818380267 22531.013570785937 0.16325210487206235 162810.9185124069 0.5501212042306639 0.4424947201739225 0.5587184037587491 0.43968723221697864 0.18745030539143392 0.1614868051643579
60 94831.0 0.20125358624653208 0.17315684688277957 22594.558157128824 0.16063225063302639 187451.74980836338 0.5582504628097632 0.4437907036059846 0.5576191493645537 0.4402323286089151 0.18722164273894742 0.16343483469734205
70 105217.0 0.2052546787092722 0.17743447377467084 22511.49964174532 0.15921331323287494 211040.17351290182 0.5618136086458625 0.44028143656185703 0.5578673371175036 0.44053098209474184 0.18944550801327012 0.1659415853291402
80 122792.0 0.2088063369342173 0.17852255552015098 21528.84236512657 0.15706404891802075 234971.5657741521 0.5708336470142128 0.4449969245827758 0.5585565579270142 0.4407563302898915 0.19193793054634187 0.16583352188136197
90 135816.0 0.22412687713708845 0.19114020247970626 17741.063863512412 0.1536397199501945 259941.2137776592 0.5619416011194975 0.44418023303877496 0.5592383949194066 0.44118506614334163 0.20061841611094622 0.17606611202685787
100 148872.0 0.23120352681236786 0.19500546098149807 16231.819013717068 0.1517348583413711 280625.351434378 0.552989297199375 0.4408124294359576 0.559167804972646 0.4413707093671101 0.20505312998241107 0.17868016555452557
110 168442.0 0.23515229683626523 0.19911664679093133 15477.893413970025 0.1502576234695826 299896.1401473035 0.5541660533688113 0.44321843993134735 0.5586530617780614 0.4413825682425793 0.20624471508575504 0.18106379692697724
120 191632.0 0.2568406519364022 0.20352191709610143 11961.485882684947 0.15003382592799777 312560.6632841186 0.5641234817014956 0.44819828902296327 0.559038622238427 0.4418303113992995 0.2126013068213504 0.18378837631704323
130 203890.0 0.27668504095685037 0.2081847441960945 9765.659244295359 0.15166765820988343 317090.4076408399 0.5720793577443792 0.45057886793478 0.5596081941796006 0.4424231400384252 0.22674664190801677 0.18735809970013576
140 217725.0 0.2845899588008039 0.2109852510518654 9196.388758211522 0.15292936954494435 322119.3444850899 0.5623273472544238 0.45010358738400974 0.5601204859258634 0.4429445847342275 0.2311394842279929 0.18799488396662437
150 232126.0 0.29140532436557465 0.22273455024245087 8648.814761670239 0.15422527397682073 326464.5097317264 0.5594161248550371 0.4496327656289442 0.5600809404891227 0.4435191303529894 0.23471885567525494 0.19217751738897473
160 246256.0 0.2922906495549204 0.2227821819523433 8578.67595807531 0.15540747333436308 331221.6383950909 0.5570989994777857 0.4491842889893405 0.559981220985177 0.44388690251845403 0.2361526898286293 0.19202077082432065
170 265477.0 0.30519487421305336 0.22691200252963806 7596.5698721143535 0.15671761256443442 334351.45709676493 0.5568457320436413 0.44911187302700367 0.5598427293258506 0.444217301890742 0.2477803310598638 0.19522792967327462
180 284575.0 0.3073731478630155 0.2281429041216759 7463.466989305465 0.15681893002113026 341436.40969971294 0.5549774427171719 0.45155012312220455 0.55960654284123 0.44458125600578774 0.2486318370781665 0.19542677576454667
190 298299.0 0.31009457645625965 0.2292103630087329 7381.202448129272 0.15700279523134356 348133.4366667676 0.5562649607592357 0.455532866487933 0.5594137991425455 0.4450860590990485 0.24967720488013803 0.19534846326488775
200 316378.0 0.31210093080851875 0.23653361043759813 7407.591405166237 0.15719927864730449 354817.74549800705 0.5421479394726706 0.45135143981751047 0.5587804784909592 0.44537615895158894 0.2500878688898604 0.20157496496872787
210 334070.0 0.3129351987364403 0.2482986404911389 7464.000272557593 0.1567575526650965 364011.3358959868 0.5270988023633429 0.4566521168098489 0.5573764760290599 0.44576733390708634 0.25002310512898174 0.20803071673142937
220 347246.0 0.3187109862146494 0.2578309228787869 7074.482820916297 0.15648062387650657 372208.30495965126 0.5261687613204045 0.45736757786538823 0.5560200699233587 0.44629937754730326 0.25215859401033536 0.21156070230071727
230 364427.0 0.32609557911965964 0.26603038796708556 6676.244252327592 0.15637738371068755 379315.6185096671 0.5310840934528794 0.45691203276042885 0.554855329715604 0.4466915302828988 0.2567290370035567 0.2149352927298147
240 376329.0 0.3270269196987361 0.2662946242823463 6619.934434457661 0.15628240275813404 386335.5291698032 0.5324530712684141 0.46038583624466684 0.553889720675914 0.4471460195958938 0.25683437550293525 0.21511083183648907
250 395421.0 0.33587917213217966 0.2723623418747822 6185.2376485679 0.15673860000227663 390635.00590974576 0.5356773689716785 0.45547168991750536 0.5530669186979984 0.4476702314016547 0.2638835700121196 0.22069548044123388
260 417293.0 0.34655990677711296 0.2837746136088498 5653.423303620384 0.15686507861257845 395716.3874021224 0.5376025319896314 0.46065963555813055 0.5521716497749638 0.4481553757997175 0.2697772127102821 0.2279914131571843
270 444284.0 0.35203233905905135 0.28947269614111465 5522.373980660105 0.15657479124276286 402630.87415818707 0.5266914175009492 0.45904393317173614 0.5514130148233556 0.44855011223949076 0.27256476549093334 0.23303216353508785
280 456566.0 0.35227992571794986 0.2895772130034512 5589.313205347614 0.15630452369155523 409516.3328081605 0.5267531399046577 0.45905551469749284 0.550535293766124 0.44892391156384265 0.2718303774622671 0.23316179020645064
290 483694.0 0.355236283485638 0.2900821775422235 5452.85274582504 0.15572253962565727 417934.52698270534 0.5252885198704801 0.4563902955494902 0.5496926106397928 0.4492087629497646 0.27309356108733907 0.23345088826114116
300 495369.0 0.35610634442298383 0.29242439754197347 5466.6231950500805 0.1551209532171164 426528.62999058526 0.5305170584549666 0.4549936719532191 0.548893507690614 0.44937526999334276 0.27271781815187957 0.23531884750401674
310 508068.0 0.3885862951727182 0.2978900779496953 4204.114938970855 0.15461699299240986 433712.7436617318 0.53350516784039 0.4530793172867109 0.548362423481065 0.44951462902602723 0.2866793550183633 0.23827706097239718
320 520500.0 0.40080462537987815 0.311344340319308 3905.5213315946326 0.15416786981389086 440376.11066460615 0.5382345649406014 0.45358436277491415 0.547959697704772 0.44964221178523744 0.2916514335562201 0.2474566520202602
330 536366.0 0.40167848122884087 0.3126787246019652 3958.5807859659726 0.1537068611305965 447193.6222040142 0.5389125230312134 0.4517188301177597 0.5476735299837289 0.4497336569833242 0.2918140019676244 0.2485691716212513
340 556139.0 0.4057158994506813 0.31773165155781674 3882.353277050525 0.15312645231429506 454794.7394797085 0.5399059048483024 0.4496399078011246 0.54743119806475 0.4497635067578199 0.2925140886010013 0.25093076701101946
350 569100.0 0.40886186830233584 0.31920162351377335 3842.3529668532838 0.15245225210696334 463090.28783448547 0.544678310187032 0.4533185517791929 0.5472583056172792 0.4498265557129667 0.2941062835548646 0.2516946901001049
360 585937.0 0.4144687646128157 0.33308971179801167 3743.4322645363127 0.1518256145884987 471077.72889138554 0.5436971986183048 0.45405686061216904 0.5471789796078723 0.44994595365526435 0.29699052306633505 0.2567677101806548
370 596721.0 0.4147838512332573 0.3338592808354365 3738.6880362533407 0.15127367422714383 478601.45863997546 0.5471537413451834 0.45482988060993684 0.5470920822344824 0.45005825085772305 0.2968612054379386 0.2571161955116574
380 611840.0 0.41773170370051077 0.3402331195730815 3689.7459386918417 0.15086451086719727 485116.59629038384 0.5469284286366941 0.4520323338720816 0.5470898645540764 0.4501495126072009 0.29683485721064506 0.25945388274550396
390 619954.0 0.4319347529433034 0.34734685201763527 3356.464298375534 0.15067498502558338 489812.2207550679 0.5462786396186021 0.4562009347937568 0.5471611178878591 0.4503129874131151 0.303829724360757 0.2601903672431762
400 630796.0 0.43250271784865757 0.34827022327460505 3346.4254606926474 0.15045889116841388 494700.51248817483 0.5400465572766305 0.4553717722279952 0.5470456110896224 0.45044532153876443 0.30398609255974246 0.26077949860837224
410 646339.0 0.4341053191076592 0.34865873702644123 3315.1721357391793 0.15012317031747124 500466.573702874 0.5412225367994449 0.45496288713948757 0.5469039103254363 0.4505552382436709 0.30409066924705347 0.2608565134841895
420 661379.0 0.4365458429840151 0.36140581482941136 3324.1926682341214 0.14980019671844202 506167.62227256334 0.5372257766270004 0.46579301682928465 0.5467004906794286 0.4508203153686746 0.3040220405974538 0.26362375550287637
430 682389.0 0.4478524604761263 0.37170624679753783 3088.0695200843534 0.14975787582021355 509568.3423242739 0.5327501802982875 0.46403162666229003 0.5464172255481181 0.45115597495299314 0.3118260635661516 0.27019046178732903
440 706757.0 0.45146453124041286 0.37423509922740456 3032.420612962587 0.1496497091372292 513412.07525417034 0.5323759717396018 0.46643688652129195 0.5461407030574902 0.4514677799082946 0.31441400056359575 0.27105582064821965
450 729762.0 0.46985098366935524 0.3870258527286149 2723.6670505604734 0.1498042607385799 514964.95441775996 0.5358505487443488 0.4673977151311162 0.545871019591595 0.4517921324153389 0.32011154242124323 0.27635326084948536
460 752110.0 0.4708972982793167 0.39386056634426564 2721.741313863166 0.14990724162170457 516905.5367234971 0.5387927843365038 0.46718190575612195 0.5457095723323722 0.4521250693561986 0.31924610047868207 0.2795935967416057
470 768048.0 0.4762580040094332 0.39477692641297835 2672.8580938534587 0.14993932673320678 519332.3325415015 0.5387975887671438 0.469360681906462 0.5455744455918307 0.45245748154658005 0.32040686461655193 0.28025356162955034
480 787187.0 0.4796426955032953 0.3954075998001631 2651.091306827609 0.15008860783805936 520852.46530646074 0.5435420177783066 0.4652651123093138 0.5454850749876134 0.45280397905209746 0.32236340927163737 0.28092234961667095
490 808573.0 0.48378877531142256 0.40703318781130604 2607.418665119467 0.15022872779042343 522395.9034576068 0.5448619045637461 0.4536090566542489 0.5454919570390502 0.4528760248758293 0.3233561195237743 0.28254396579709073
500 828044.0 0.48624352248606934 0.40779845700215483 2573.213359193924 0.15038439722140073 523788.99402762164 0.5415551978238055 0.4498794909879786 0.5454520816783127 0.4528390669333421 0.32523862792019537 0.28322171707838567
510 841305.0 0.49915677687877996 0.41318654525487203 2403.9794053382834 0.1506738309952926 523994.17466953764 0.5425706348404296 0.4450660537524931 0.5454186945694849 0.4526776948397333 0.3325476064872118 0.284025594650682
520 862596.0 0.5005997127359766 0.42222569442754504 2393.9817250594688 0.1508194848986355 525269.643470945 0.527294288569709 0.4459229568889678 0.5450863191474488 0.4525551865864323 0.3327706563779271 0.2864217233190454
530 882808.0 0.5175153267731646 0.42854171615280934 2208.240690198554 0.15084990154139793 527236.0595546061 0.528210882777306 0.44898430031238895 0.5447422972452012 0.4524566153196187 0.3378431943522006 0.28818645826005995
540 900523.0 0.5203775267109846 0.4319362934788186 2175.1913809110806 0.15089159060987023 529079.0738579499 0.5328568266216747 0.44819645689214854 0.5444478184398145 0.4523658345267347 0.3392385875305726 0.29009242139842123
550 911491.0 0.5414660321819708 0.4354987522303018 1934.0587375061968 0.1509926985177365 530187.1446705842 0.5203161236012552 0.4453459669387118 0.5440390072412669 0.4522591695676155 0.348087754002295 0.2919336696860085
560 925630.0 0.5550790756725467 0.4419333794893241 1800.2018684284135 0.1511592607201759 530614.6733303862 0.5198122781535582 0.44711881597624936 0.5436132164750916 0.4521430974137392 0.35659109633757213 0.2965733549010073
570 947370.0 0.5564184202318301 0.4455839662530449 1805.5160599911294 0.15108674590656943 533029.1994493803 0.5114784949742881 0.44510129844816776 0.5430815598798522 0.45202833383604907 0.35647514904764094 0.2972774503797239
580 969677.0 0.5609342081500267 0.4506454273334432 1789.4986821819803 0.15103473100041312 535256.4418369217 0.5172432083092228 0.45242485335073696 0.5425732389740875 0.45194835728409727 0.35866557341664584 0.3008813851509539
590 986203.0 0.5670942801497265 0.4520171164968071 1734.6502887254155 0.1509071045612971 538082.9323955616 0.5202012516796867 0.44719884178851105 0.5421563906238703 0.4519332889031964 0.36037550090387216 0.3014575089915822
600 1008475.0 0.5677741824198929 0.45229873987115615 1735.704951860931 0.1507978929383869 540754.5267844088 0.5197225271914572 0.44689054358152547 0.5417855735794053 0.4518514406540818 0.360432798730999 0.3013455294400855
610 1019867.0 0.5807753369638247 0.4532541010562715 1643.3014598108498 0.15063148065226728 543854.096457216 0.5233990659417891 0.4426866373050078 0.5414382396532454 0.4517339889139364 0.3640918781804654 0.3016055940679741
620 1037051.0 0.5920978870582434 0.45866296709433385 1563.0038234500792 0.15026948240487217 548691.6697026766 0.5235398549244554 0.44307789103430345 0.5411697124697182 0.4515912109886681 0.367029837865729 0.30539801640149306
630 1053176.0 0.6004003351374939 0.4664484869582116 1509.878390702817 0.14990797291784874 553526.4303454112 0.5233900471627679 0.438121273707916 0.5409119529943838 0.451416744541079 0.37106360367916374 0.3091802232465811
640 1069219.0 0.601127466537195 0.4722270221267205 1510.3245538208666 0.14962254232289424 557671.1329013777 0.5177692690031932 0.43348178900072076 0.540563673687264 0.45119963113628286 0.37149285734106874 0.3125408972280686
650 1089934.0 0.6072438046013812 0.474933052836779 1484.9022102779259 0.14914279598351055 563713.251913235 0.5217346179948271 0.43512126167608295 0.5402125852776346 0.4509439415854411 0.37263392801575146 0.31282484765341245
660 1107074.0 0.6153090341220782 0.47729930134175236 1433.4681531219135 0.14897566794860967 566720.7617157245 0.5211349057360244 0.4347640044223826 0.5399198126578373 0.4507038608887045 0.3749724315395048 0.31389012158971197
670 1119286.0 0.6198452630133006 0.48886942414250073 1412.583709729197 0.14893851376176429 568481.4853991491 0.5229182330151144 0.44379036261742155 0.5396562291028384 0.450521580622734 0.3762364914841354 0.3166900052711325
680 1135730.0 0.6221896014068539 0.49281288142686486 1417.0796094968514 0.1489049880339648 570212.7125406566 0.5213505833169704 0.44413511472804734 0.5394041211494701 0.45042449306599425 0.376688191236907 0.3180329392340915
690 1148265.0 0.6224431873904502 0.49369959393097607 1417.688010201461 0.14868129146217868 573769.4202755637 0.5193639948623691 0.447448100676825 0.5391129192141791 0.4503404927123492 0.3764639155114902 0.3180718648655323
700 1160940.0 0.635791001555338 0.5005148696268195 1335.422653089617 0.14845278202691412 577328.6817550792 0.5287320883308673 0.44087300080377484 0.538956561051332 0.45021401264872085 0.3806769056452358 0.31975486772419937
710 1176268.0 0.6395383156816966 0.5029737671806036 1322.3814056123517 0.1482317201007006 580818.8528520112 0.526691087935036 0.44154388102622105 0.5387725185829785 0.45008809045651194 0.380406620982298 0.3205994282099919
720 1194131.0 0.6515722234389504 0.5035493324588594 1260.7559362646691 0.1481175126414057 583204.3636823302 0.5269863154710791 0.44022730685793177 0.5386052467091204 0.4499359348266837 0.3896626050500324 0.3208402928478564
730 1206317.0 0.6520438544229021 0.5042374828087233 1268.3395507423631 0.1479306352877608 586330.4771574364 0.5260042592617437 0.4403570923500327 0.5384342492210131 0.4498036812461747 0.3894385359567071 0.3209312212525593
740 1228720.0 0.6608839824610925 0.523622756144966 1232.1425582915667 0.14759484916384114 590982.4032317196 0.5240197097295237 0.45442635963508754 0.5382510182703087 0.44979247216522195 0.39338815620585016 0.3312564043113044
750 1245156.0 0.6989959299107086 0.5462970948829645 1050.1114617412752 0.14743792363079788 593658.460847757 0.5300700581298305 0.45685922027904935 0.5380924471167993 0.44981848240264727 0.410576725744922 0.33936950978534886
760 1257024.0 0.7011776925327533 0.5473686859256996 1046.0867263174068 0.14732405368265084 595885.9669741206 0.5236222355430372 0.4528483197077483 0.5379433052531573 0.44990346458009167 0.41149895013154786 0.33969792132517945
770 1274332.0 0.7017643632491926 0.5480417914890431 1055.6058391255492 0.14720401036586267 598190.1386470426 0.5240163959860269 0.45622954330941917 0.5377575366465188 0.4499668941755645 0.4112292196193237 0.33997253066514116
780 1295231.0 0.7169508268988537 0.5530251900583681 995.8031197644393 0.1472746496454592 598455.008449562 0.527201374495236 0.45087308698238393 0.5376157783666906 0.45003308140307846 0.41795308997589825 0.34233998868967086
790 1317068.0 0.722795775972833 0.5858626878594564 986.9028663643644 0.14734732766225997 598690.542978231 0.5311865323896583 0.4571171322934165 0.5375107086834436 0.4500988748913953 0.42146578254486605 0.3556942787188562
800 1338182.0 0.7310679651970696 0.5924207003921351 958.1226721608339 0.1472200265154504 600991.8429062144 0.5303515542007738 0.4614307359945847 0.5374114220063021 0.4501925604875519 0.42333954341065294 0.3575481967794742
810 1350287.0 0.7397189217633833 0.5963946578079218 934.0694431120495 0.14715407036044675 602623.038327302 0.5278805254214685 0.44131806532332113 0.5373063875868987 0.45018809208410004 0.4268478006900824 0.3595841459574795
820 1362113.0 0.744762997359044 0.5977198435974023 915.917933913465 0.1470887675154629 604232.3185641699 0.5327428699481931 0.44803107116845436 0.5372058305415138 0.45009582211079435 0.427193908650774 0.3594422954336732
830 1385701.0 0.7594110908662605 0.613527806522015 871.0362794057573 0.14701754244805929 605866.493550893 0.5351076773262664 0.45015288309538903 0.537165283023579 0.45008588036008396 0.4316349551376653 0.3647275006621518
840 1399695.0 0.7626330589463809 0.6201595219350589 861.5364721483902 0.1469568981943459 607379.4638525099 0.5426748168840081 0.45507811636159295 0.5371575739821348 0.4501193404542243 0.43269464176757033 0.3657683803566389
850 1419310.0 0.7801669010052001 0.6293015248334064 803.5403813182755 0.1469118750577503 608671.1363511656 0.5446115501091849 0.4550509283051439 0.5372383474700143 0.4501799114743832 0.4386978222179467 0.3675696999082856
860 1433414.0 0.797134727679413 0.6365187502666647 753.3044109442528 0.14691126662180234 609431.0734187132 0.5420941830112078 0.455565910185074 0.537308346099228 0.4502394201833617 0.4466891130111672 0.36972525907429166
870 1453270.0 0.8002347758312085 0.6404715441970096 749.6291287225237 0.1471330346980529 607807.0128926008 0.5399261111790052 0.45067574496375357 0.5373500012230237 0.45027510274327376 0.4483323552817463 0.3709446380151334
880 1463131.0 0.8102256541988154 0.651132091309635 725.5960174365548 0.14726437749342428 607118.4297253224 0.5357918704004525 0.4538264798909578 0.5373607031940848 0.45029457670860884 0.45327287885920825 0.37508706318411567
890 1478578.0 0.8141376309317221 0.6518971711173543 715.8633901933615 0.14732399706899063 607189.7677187619 0.5302265171662853 0.4511738185648971 0.5373110406231288 0.450330112707359 0.4558968820474467 0.37562922001492766
900 1497041.0 0.8198986047869076 0.6545680739651284 705.5845643047369 0.14745562717599456 606480.940700767 0.527225396977173 0.4535531535426751 0.537203846411286 0.4503487554151441 0.45756204542387846 0.37642154578158865
910 1513048.0 0.8209858752419528 0.655307018891783 703.6224204340956 0.14757231410619862 605933.3272779055 0.526727534684902 0.45471426581796065 0.5370906934778004 0.4503859486033564 0.4575569726962763 0.3767469506058419
920 1527390.0 0.8257336227579118 0.6818680066164938 695.2204787552846 0.14770499082714766 605210.3982256604 0.525493437239102 0.4576317813897139 0.5369658552252149 0.45045059193639575 0.4603858513796515 0.3848394810360289
930 1545591.0 0.8307825480308098 0.6845690053656042 689.4482775861986 0.14785943033504698 604256.7683096521 0.5250603253220621 0.457163033938767 0.5368386131111139 0.45053905930724775 0.4605116762017679 0.38628595439746605
940 1564360.0 0.8324577164859146 0.6866174430608919 688.7002179885715 0.14797449893690742 603722.0628634472 0.5245794894681645 0.45821475702222975 0.5367151893201204 0.45061954479283434 0.4615930836012161 0.3866397003192422
950 1583683.0 0.847605450694129 0.69409059523187 655.0966606008836 0.14808717027622909 603175.2636378938 0.5283217594283975 0.4599854106197089 0.5366224235163145 0.45071515665069467 0.4633991718107792 0.3913001364260542
960 1596791.0 0.8633330289115125 0.7062376128560769 626.0571432417636 0.14815012203855724 603125.3840143384 0.5304079657853934 0.45808314363208114 0.5365089324262726 0.4507994414518122 0.46937951818521034 0.39587235617326105
970 1611106.0 0.8660142649632777 0.7085656711742806 621.2323209873762 0.1482208964320058 602987.8594189717 0.5212951699337512 0.454785461268602 0.5364183289327846 0.45085754780043835 0.46982178317260237 0.39627127765160886
980 1633161.0 0.8885632692625636 0.7092161932242712 577.9958173442258 0.1483946434827952 601707.57174767 0.5290821590036909 0.45578691968108276 0.5363038416743768 0.4508954287106795 0.4783419916621539 0.39601992676798886
990 1651423.0 0.8901691098557106 0.7236937224753532 577.8978173240401 0.14852528619004735 600889.8657228712 0.5238778914065408 0.45561944119695946 0.5361878201563206 0.4509404272525119 0.4788698338912364 0.4026552119107416
1000 1658398.0 0.9050230197572724 0.7349037640516598 553.3786645038236 0.14869443469158025 599639.8490786062 0.5247645684410724 0.457640444851315 0.5360805339976794 0.45100519183673454 0.4830989914283091 0.406064037823978
1010 1672423.0 0.9070120434452739 0.7424618343829077 551.6768865991344 0.14879355065404248 599133.1934628449 0.5269160656659231 0.4589353094303201 0.5359980710095698 0.4510850959250312 0.48365994431823855 0.40855749235477123
1020 1696263.0 0.9088635005225478 0.7447294618400875 549.1201443117478 0.14886559060705926 598913.0874328099 0.5258725813418984 0.46245414818369196 0.5359008653039552 0.4511816536660471 0.4836739272013573 0.40954900737678207
1030 1707938.0 0.9447848492894524 0.7546189090541843 491.28587571816314 0.149003280698303 597927.7278503045 0.5243950172017364 0.46392557250213573 0.5357766590096796 0.4512889373283305 0.5099648039792494 0.4153014220966513
1040 1734099.0 0.9532041578411171 0.7700469537470036 486.92711626469776 0.1490665266483084 597734.4532115583 0.5308743854615385 0.47178909853546147 0.5357165939154905 0.4514675632635683 0.5103780690318259 0.41874543758993815
1050 1751479.0 0.9558759794873994 0.7741757056451755 483.7376718274238 0.14914346350747565 597392.5524021796 0.527761414868582 0.4687467322335211 0.5356649184015438 0.45165023644559327 0.5121236436324191 0.4200037110516764
1060 1769590.0 0.9593331182965987 0.7845030452827569 485.43338175070915 0.14915908891415022 597709.9176487603 0.517233743620468 0.45985588427596297 0.5355586674754249 0.4517892145665331 0.5111190223199444 0.42273476808584287
1070 1783156.0 0.9621333849812553 0.7879016847819003 481.8213739735512 0.14915053444354667 598283.9504429124 0.5167194804073797 0.45801074726513064 0.5353973131600214 0.4518437209248185 0.5120559042085836 0.4245720225615607
1080 1797312.0 0.9686223032511982 0.7894716428502642 474.98370169549366 0.14908128205839632 599510.0778442199 0.5115719878423186 0.44448663653600823 0.5352111802539898 0.4518737117070332 0.5141989359758457 0.4253558442481148
1090 1813782.0 0.9719596355832055 0.7902780485028416 470.18936283266873 0.14910028317664611 599774.9987581385 0.5036355398861325 0.44240542342272343 0.5349323276147576 0.45179488451172767 0.515431666399595 0.4255453732239058
1100 1828007.0 0.9769121074001289 0.7920049610968886 468.9878032396958 0.14910926541487265 600146.9046493905 0.5046786346139416 0.443445239382508 0.5346504835050186 0.4517109494712266 0.5163941331277074 0.42607679874706017
1110 1844575.0 0.9816106046373076 0.7928883781506493 463.54116557930695 0.1491624275118406 600037.4218811641 0.5085180160730746 0.4357767185367035 0.5344167441665132 0.45158527934057247 0.5194107000288474 0.4262867415759246
1120 1853027.0 0.9856600388312786 0.7961754957753917 459.5794559239863 0.1491699890682638 600415.2462447296 0.5076863813102269 0.43836525126500575 0.5341804317076313 0.45145632376017075 0.519727031612996 0.426577839979301
1130 1865711.0 0.9865797447235566 0.7972198111841121 459.1118903999036 0.14909675846257653 601671.1805946163 0.5072629180366185 0.4349509646454802 0.5339325660153228 0.45131181877738724 0.519738380352225 0.42692172441521953
1140 1890843.0 0.99905054563644 0.8217203486546444 444.33953432227565 0.14900442860984398 603126.5724749889 0.5039026965070164 0.43758414076442004 0.5336727840699435 0.4512207789037966 0.5212802209136271 0.43218822486378616
1150 1906869.0 1.0059263773947047 0.8236435360837489 436.7803343501069 0.14888599433873703 604868.0522143812 0.5053943116381595 0.4370466191928886 0.533423917897342 0.45109846012567684 0.5222598184369432 0.4323273557060968
1160 1929369.0 1.0130796238705186 0.8254670119221278 427.71943676644486 0.1488084140016564 606152.0316170027 0.505283209818069 0.43067079495240856 0.533180788473318 0.45096461864032106 0.5213164823611043 0.4333145836125562
1170 1954848.0 1.0153287001164302 0.8427290552968485 425.28146028405905 0.14872967557713032 607448.7197970757 0.506181231307127 0.43483780142001577 0.532947486104286 0.45081440127017014 0.523502061727827 0.44214319558366205
1180 1969793.0 1.0220004567585212 0.8531291239243692 417.62294339789634 0.14868641557554 608345.5547877431 0.5081713914591356 0.44081721909328975 0.5327174151825407 0.4507193141535712 0.5260791885761352 0.4480377169732113
1190 1981455.0 1.032788750234134 0.8571988845213453 405.1886176115069 0.1485959958163382 609759.7320292305 0.5099620659942972 0.4386997627100218 0.5325294380268314 0.45061805084267864 0.5291585446982001 0.44792390445086894
1200 1992996.0 1.047281011267147 0.8610617770278988 388.8357959837662 0.14846287163444674 611647.2537551582 0.506745119911331 0.4393611200366413 0.532305199657869 0.4505170407699632 0.5315831639064124 0.448605288123419
