1 167.0 0.0747499170701683 0.07530940153977238 420444.2241299583 0.0747499170701683 420444.2241299583 0.12772832892003966 0.11571465219559932 0.12772832892003966 0.11571465219559932 0.07474991707016837 0.07530940153976977
10 19160.0 0.07478386018765967 0.07560342957457467 420929.16925842926 0.07425526148145176 841474.0711840217 0.1277166843973119 0.11456499633008624 0.12773147471723478 0.11540209223218144 0.07469744093906229 0.0751822340425137
20 27644.0 0.07489524871133198 0.07849851386147504 420068.94384489965 0.07391031413007783 1261723.6353631981 0.12740477229435015 0.11530028412272834 0.12762102284464136 0.11524895573347059 0.07453945228802464 0.07631059320746048
30 43123.0 0.08110502762219457 0.07908045997694674 331879.9903371933 0.07534881212286867 1583068.9479638366 0.1296207375074203 0.11347500544862033 0.12782584173118355 0.11501739035617652 0.07826935861443937 0.07677093857578253
40 57413.0 0.08111332307991376 0.07910987799162819 332357.73619239486 0.07621191091854318 1909496.5442823379 0.12966789420641914 0.11348029850919714 0.12826937200575259 0.11464184441051187 0.07883325835278857 0.07665999532333419
50 78628.0 0.08228360859395589 0.07932945073056039 318902.34154725575 0.07697675326802021 2221976.8955678367 0.12957317310917854 0.11347260459609862 0.12853428397757383 0.11441325556602239 0.08017774822545029 0.0768041749121788
60 94681.0 0.08240440965262186 0.07936703070621758 317828.5137591638 0.07750319431307232 2535302.6044385764 0.1295560211384062 0.11346933535584638 0.12870372438412556 0.11425887271010417 0.08048091798061575 0.07676237201405349
70 122229.0 0.08240820488457425 0.07938798424683781 318154.25187616784 0.0778980250968614 2850183.986258528 0.12955602113839493 0.1134693353558436 0.128823766180502 0.11414767026584216 0.08065842266914972 0.07673344507186342
80 135888.0 0.08489312918281308 0.08014216250962429 291468.54137037013 0.07836380838344624 3134730.4240820156 0.13135199029083477 0.11377229765321081 0.12899892200263324 0.11409283816223759 0.08199106414503986 0.07705712205680783
90 157197.0 0.08785431232854364 0.08019175880937293 264396.9841493871 0.07905718704107415 3385064.7087034266 0.13110363282352874 0.11307987521849495 0.12923293810896577 0.11398913259077942 0.08514959807942044 0.07711347867720014
100 181585.0 0.08828658294938473 0.08020376532971367 262381.84410612186 0.0796535639976996 3635450.8757291515 0.13127939960261434 0.1130600788185073 0.12943568831582414 0.11389894590987586 0.08559620390245005 0.07713795646540418
110 197663.0 0.09468881174661131 0.08110326569120568 213094.0368316834 0.08068294069216501 3814080.688109128 0.12954216423978893 0.11068651871338275 0.12946090203621705 0.11363090971429339 0.09113384211158995 0.07787982072084207
120 216635.0 0.09469698012223034 0.08113493802487237 213299.8855182455 0.08155395174132805 3999460.431163982 0.12954213164054448 0.11068651854828904 0.12946761684314897 0.11338757160958673 0.0913697446533594 0.07789565506593911
130 237289.0 0.09505453911048348 0.08119807179552524 211470.39480731174 0.08231080974171741 4186892.661088582 0.1299981511623299 0.1107175723502282 0.12950463458108843 0.11318351782030804 0.09173047595743113 0.07792884031643933
140 254591.0 0.09729933016306065 0.0814496928724805 200460.36212280783 0.083039969831255 4361448.307751135 0.13068103724489347 0.11091044729305681 0.12958539217964057 0.11302093113738912 0.09313119035039759 0.07806710022667272
150 269105.0 0.09730836211974986 0.08151466343496709 201218.5597787158 0.08367269688773643 4541032.576704798 0.13066674002182357 0.1108174052880973 0.12965738411312822 0.112877467020799 0.09332827072676181 0.07809859611732574
160 282591.0 0.09806010128798767 0.08164707934365467 196790.87645908876 0.08427558219309252 4716693.707816573 0.13076310340020575 0.11074434292600309 0.12972360650522655 0.11274682993899914 0.09411148142743048 0.07819948717939551
170 295282.0 0.0981593275470898 0.08174492762659252 196307.88255069588 0.08481148024229793 4894480.0305738 0.1307425484889234 0.11074312611407024 0.1297836265099968 0.11262969157521668 0.09430871036967751 0.07822853902122465
180 309898.0 0.09824668409928689 0.08177988557381292 203410.9554438859 0.08529076362410856 5084043.438452929 0.13063646249945776 0.11074178494483634 0.12983420486209674 0.11252542286662186 0.09449448085827743 0.07823792234038898
190 328758.0 0.09891170843533027 0.08193013428526698 199750.53933058586 0.08574213921723306 5270081.948102453 0.13076678128827127 0.11080396395732843 0.12988301466550622 0.1124352819643835 0.09492442629220696 0.0783025284108809
200 362706.0 0.09892253383998952 0.08194027840019455 199861.8008677766 0.0861505266586314 5457778.969669476 0.13080130473779106 0.1108312345361177 0.1299271549126566 0.11235425753905093 0.09505384863544347 0.07830398903314383
210 385820.0 0.0990508674105738 0.08197821471466137 199226.86775232418 0.08652178796899354 5645926.792902166 0.13080130473769752 0.11083123453610667 0.1299685838143199 0.11228207635407754 0.09522771644360573 0.07831968055146817
220 401530.0 0.09909621318775357 0.08199482104508307 203450.45862115265 0.08686076568715027 5840584.262469445 0.13090996434206986 0.1109686885154812 0.1300072468389468 0.11221767133045331 0.09535655730487592 0.07831773211036108
230 417868.0 0.09944396366023726 0.08277176160172071 202171.10428659673 0.0869931563837416 6038139.287187141 0.13149288633247974 0.11299066956717996 0.13006145935942146 0.11221598249420721 0.09556052803127187 0.07892983296820284
240 432070.0 0.09968310259585639 0.08298653371239871 200870.86780450345 0.08709398301132312 6235299.804417058 0.13183760026409627 0.11290363323567193 0.13013520329006692 0.1122445343444473 0.09573010514748419 0.07900721318335023
250 441995.0 0.0997642872442474 0.08302422392843836 200481.6919911161 0.0871870537444753 6432339.288121599 0.1318374098749675 0.11290361304538081 0.1302030271121837 0.11227079318397745 0.09580097943949886 0.07901944644613948
260 455761.0 0.099953617874444 0.08408324599841738 199664.32565085063 0.08727723710973408 6628634.441681173 0.1313793017028053 0.11287350916280675 0.13026037380056366 0.11229464631388494 0.09598092660935446 0.07984526803515989
270 468148.0 0.1002160886248869 0.08977365621952123 198248.71196257265 0.08730341789488374 6825784.046016264 0.13028833340351206 0.11605866557645149 0.13028594979856062 0.1123632409057399 0.09618099323401186 0.08269123167103991
280 487566.0 0.10035422196945046 0.08983096623689807 198193.92971796734 0.08733010898886917 7022861.349577636 0.1314075132187142 0.11633657939573265 0.13028860786374682 0.11249567233952062 0.09626349238275347 0.08283484343021026
290 507618.0 0.1004189590568327 0.0899489724787678 198774.68301574694 0.08735593618018248 7220573.531646968 0.13119100468534672 0.11627873253287564 0.13031901878424798 0.11262637699045526 0.09630100656912831 0.08297986290835005
300 528434.0 0.10465146269449513 0.09822396583794413 176394.43452609994 0.0874164658267954 7393225.896308006 0.13211335373736602 0.1191522522999105 0.1303694383934677 0.11281454374724416 0.09829637725276805 0.08728053938760166
310 543490.0 0.10510268638906707 0.09861528055784516 174746.5474019222 0.08748012272228695 7563964.874125118 0.1319711128313839 0.11980715390448872 0.1304236471477388 0.11303931487441901 0.09857501566016505 0.08765763750260906
320 556197.0 0.10510951876025185 0.09861658915191378 174988.41030125855 0.08753992162411237 7735215.152645365 0.1326287164753009 0.119206560006723 0.1304800492393654 0.11324266694516558 0.0986069213358992 0.08783189958936835
330 568691.0 0.1101043133262634 0.09891015398050992 153441.0845322048 0.08767899202347886 7877348.333202372 0.13154132363495719 0.11861494184517939 0.1305221758350746 0.11340521518636751 0.10276660188010896 0.08818905032872419
340 576709.0 0.11015712335020039 0.09895753060969774 153264.08044946543 0.08781011554288155 8019985.299403632 0.13153984804740187 0.11859658218737901 0.13055204993482397 0.1135578315804208 0.1027923237904989 0.08834362037551102
350 595261.0 0.11046936471496856 0.09909567147935372 152041.92423959562 0.08786591349671875 8167154.157921157 0.13161043694193642 0.11859928857929582 0.1305807956550786 0.11370140886032189 0.10284630977090384 0.08848730587772559
360 622325.0 0.11050085859410545 0.09937457009902774 152092.5237951366 0.08791838141442802 8314677.5981562305 0.13049343679814207 0.11831395845343654 0.13060620571452772 0.11383336659043553 0.10286963657814066 0.08874425874463247
370 643205.0 0.11078868064604246 0.09987318714619745 150943.0608435842 0.08788255084889048 8469041.244052088 0.1304934368826437 0.11831499174968513 0.13060316612132195 0.11395414004576208 0.10299715725256053 0.08910351330737712
380 668865.0 0.11091117509786924 0.10084023957899946 150497.75266725617 0.08784855774825227 8622808.589638317 0.13044623529383462 0.11823658778317309 0.13060003822493796 0.11406818643265311 0.10303314993356684 0.08960775818116586
390 688561.0 0.11104160987230367 0.10097149269020556 150728.09215568326 0.08781617766074179 8776646.189964676 0.1330230264891642 0.12417488143614382 0.13060397415968994 0.11419471092344995 0.10308320226279569 0.08975851650811295
400 695876.0 0.11500494654809794 0.10750216469020088 136667.69074551918 0.08783399570172724 8911341.024350205 0.13319130951452152 0.12420075253280284 0.13066735876417054 0.11444413878660528 0.10398156929457521 0.09127654482667506
410 704500.0 0.11567056414791009 0.10766004035266079 134465.28476348554 0.0878651716772227 9042301.422995714 0.13289893809280795 0.1241679264694569 0.13072284774068368 0.1146808250777988 0.10457341309962635 0.09160409038378002
420 721985.0 0.11673045795548054 0.10867650960733281 132252.38262252585 0.08783965655809385 9177631.853773901 0.13099299083685162 0.12220184159689791 0.13076310973184574 0.11489837123117776 0.10542463568866602 0.09199802974780785
430 736630.0 0.12088925040614763 0.10869214222600222 120061.8712975187 0.08784332255093306 9297195.727653135 0.13133513526953322 0.12218289871886581 0.130770825484706 0.11506769387346345 0.10807309854464116 0.09215205747019774
440 749507.0 0.12367907562347087 0.11049598371140747 112208.64761928869 0.08786264816896815 9406579.602009393 0.13163260643760075 0.12218523605907086 0.13078479796944398 0.11522948260353644 0.1097637127604359 0.0939083368495477
450 762943.0 0.1246876234881693 0.11089562790507626 109852.1906165306 0.08787400122291854 9514725.26614439 0.13161179304168752 0.12214079183003504 0.13080352567664658 0.11538339466647611 0.11018125203014474 0.09427301096494274
460 785723.0 0.12470132535948492 0.11097082030171704 109846.16223691215 0.08788487116819019 9622938.24215859 0.13161029314942266 0.1220187968444272 0.1308210488306023 0.11552918205623476 0.11017566561788635 0.09444300099170454
470 808602.0 0.12498439619327815 0.11274348054786232 111023.91880408184 0.08789841350472749 9731958.464890564 0.1312728122545456 0.12199796999471374 0.13083287561378978 0.11566852171916787 0.11039908065066219 0.0961384343376376
480 827583.0 0.1251493943634377 0.11280596931628023 110593.4668801587 0.0879114030928347 9840622.008386105 0.13127263309835283 0.12199790067732325 0.13084201855350247 0.11580010978340682 0.11043590282606039 0.09628615011920452
490 848736.0 0.12521755775573984 0.11286261315573891 110471.43389587544 0.08792387309741763 9949239.244262971 0.131276226650296 0.12199647776421439 0.130850843955876 0.11592637831818635 0.11044652306174894 0.09643653613282197
500 864735.0 0.1269869590143352 0.11330110626770389 106003.92868814459 0.08796502645838586 10048942.505885318 0.13141312687217732 0.12203434396754799 0.13086143770725966 0.1160475599435296 0.11150714714636659 0.09681569909915834
510 873274.0 0.1307462598738832 0.1172669329575655 97245.24357321074 0.08801712651472536 10137486.901941067 0.13198217772299123 0.12086714022865408 0.13087803185535268 0.116150626238447 0.11351562541652967 0.09838117664522607
520 895570.0 0.13089606024941725 0.11735996490853579 97870.67469813181 0.08806289436357403 10227762.567490157 0.13195607587611724 0.11905129444464338 0.13089897190093028 0.11622372631950059 0.11359688006469328 0.09850830038475115
530 907248.0 0.13112054874995538 0.11742101995351183 97743.26607597162 0.08810696710690981 10318196.707881128 0.13192963164636237 0.11909548928168494 0.13091920779732946 0.11627775448940439 0.11365305907870411 0.09859618390107529
540 919040.0 0.13167097625665714 0.11853574098477765 96627.1549126913 0.08815365614650054 10407020.804870782 0.13024972485324002 0.11766572900204096 0.13093511571402747 0.11632768365975532 0.1140325256481936 0.09937491401833097
550 937516.0 0.13168621705800573 0.1185371658646241 99389.2380047483 0.08809187911901592 10517172.473298086 0.13024973960210107 0.11766573226466853 0.130922676705209 0.11635196761018271 0.11401542290276771 0.09941666438516268
560 951652.0 0.1317502866881956 0.11874531269788871 99319.41093564036 0.08803228662008268 10626910.0923084 0.13025411967271555 0.11765041306393202 0.13091072641423557 0.11637522173367505 0.11400269447337322 0.09954402415870993
570 974214.0 0.13178800928374398 0.11876381897627952 99321.41946813598 0.08797474903490576 10736317.261598093 0.13025431861675965 0.11765124926261071 0.13089922900956516 0.11639755787952173 0.11399765120231742 0.09959078165575505
580 994549.0 0.1318042658390017 0.11905096590326979 99578.51519180834 0.08791065799730083 10847199.092004212 0.1302614041190185 0.11766137858776497 0.1308881542196918 0.1164191714584282 0.11398232072250408 0.09971576558882853
590 1022112.0 0.1346988749652229 0.12078750679668106 93497.2003412198 0.08788002519209927 10946349.519172376 0.13169485842956855 0.11793199552268203 0.1308949098082185 0.11644383779074163 0.11529635981633633 0.10103670554033907
600 1040818.0 0.13609809309092247 0.12108220512602634 92484.8509680507 0.08785598499607314 11043307.332448408 0.13257994253524008 0.11737412031067393 0.13091876611031933 0.11646253191779853 0.11586157700426374 0.10100845117841546
610 1061644.0 0.13611500837800783 0.12109520232947889 92521.71578485494 0.08783292542882355 11140121.786293207 0.1325810601406994 0.11737415854114178 0.13094595843203782 0.11647745205238937 0.1158811703259844 0.10103929517888975
620 1075467.0 0.13694837095134071 0.12117356682745152 91015.41982498112 0.08768481161178908 11261715.29712958 0.13185680770917357 0.11734125690547177 0.13096070571320947 0.11649182501845545 0.1162212992556741 0.10108338814120932
630 1089961.0 0.13745504878753442 0.12152484356722586 90123.42618655601 0.08750496445407047 11390407.4078626 0.13090449590084416 0.11716501200000604 0.13096517623098905 0.11650335273995309 0.11651942758170455 0.10144081636705408
640 1103755.0 0.137523048679358 0.12153932973101128 90078.58879218908 0.08733065105505089 11518196.553371591 0.1309044959008708 0.11716501200001456 0.13096422957997306 0.11651367503730185 0.11650231478774983 0.10146625639471489
650 1125302.0 0.1386834002133894 0.1217616723631693 88211.22816500784 0.08716161988024401 11643890.322622137 0.13093678293402006 0.11716628434391456 0.1309636741701928 0.11652370570017005 0.11697197992847945 0.10148249576745103
660 1157693.0 0.13869716816155286 0.12178431261032506 88245.00355994974 0.08699763441214779 11768775.454621732 0.13093480462302284 0.11716459089110083 0.1309632643507182 0.11653342444901217 0.11695726524929449 0.10150977742796632
670 1172108.0 0.13881231810611674 0.1219866969672065 88219.26641016065 0.08683847204605441 11892838.5683014 0.13100778980160935 0.11725816793248091 0.13096305775322228 0.11654310972248996 0.11702084818983693 0.10166742374637741
680 1189451.0 0.138929845478705 0.12234952874856725 88465.97872676062 0.08667173015605746 12019363.976094542 0.12956269133829776 0.11660013206711398 0.1309509824679423 0.11654781217034112 0.11698005055893398 0.10183446214048782
690 1210245.0 0.14122668801814023 0.13138626055888553 84351.3767309785 0.08652889197402101 12137382.529658865 0.1301130539169808 0.1200811490806625 0.13093730267116685 0.11658372417789371 0.11826287062358358 0.10545524316457647
700 1223959.0 0.14257618626248691 0.1315265191639855 83476.2797598814 0.08639044105324059 12253961.292681236 0.13071563993413102 0.11936591127555171 0.13093415477178055 0.11662341212755184 0.11793019398199472 0.10550976705830424
710 1244664.0 0.1427683287999599 0.13175491966758882 83507.98397738334 0.08625372451324935 12370406.40148952 0.13075343947762272 0.11511598842513954 0.13093145262680278 0.11662014203918192 0.11796118232280285 0.10554400444575897
720 1266341.0 0.14318689398294887 0.1321732451522893 82793.68008331675 0.08612356055807381 12484906.895416087 0.13086288195726403 0.115125952677751 0.13092974261419033 0.11659934909205655 0.11816156532425541 0.10572876211940423
730 1284630.0 0.14686299271558317 0.13265237749314418 76888.90900033723 0.08598988353406264 12596498.610354502 0.12984896587715378 0.11517863161257934 0.13092183705459198 0.11657972758261242 0.11993482417078176 0.10596755437451344
740 1298248.0 0.14694834475439664 0.13266781909348294 76767.049390818 0.08585977123069176 12707292.045601347 0.1298485805988815 0.11517858641831305 0.13090735370135734 0.1165608188589786 0.11993214929167086 0.10596408669615377
750 1307043.0 0.1470771558824289 0.13268030482787227 76630.2394890235 0.08573318868830779 12817266.730776375 0.12985075575817087 0.11516995144670439 0.1308932786950319 0.11654232164968485 0.11996694307729391 0.1059587545265514
760 1324962.0 0.1479471709673233 0.1331089284690503 75534.77689913864 0.08561724081266993 12923681.711368114 0.12991425943550058 0.11515661137593378 0.13088000422684298 0.1165241814599587 0.12040090178174258 0.10615044832000374
770 1356852.0 0.1480371395079067 0.13315343130307083 75416.68713931912 0.08550426595948434 13029383.742266396 0.1299141911928564 0.11515656632743192 0.13086747746894428 0.11650644326109316 0.12040697228497414 0.10615540651372897
780 1366321.0 0.14809418203444272 0.13318708840528004 75581.35609954894 0.08539404185073707 13134627.961904898 0.12969131172081 0.11512528465664529 0.1308534463768889 0.11648882708904237 0.12039969322516504 0.1061539562995678
790 1376251.0 0.148535471350738 0.1333577298245405 74946.36069262103 0.08528897892236954 13238115.34587798 0.12972893542774747 0.1151483164637837 0.1308392994526878 0.11647185426793731 0.1204516666538512 0.10619541100041002
800 1384685.0 0.14858655699306383 0.1333963977960557 74936.97795211333 0.08518756661244527 13340720.55278952 0.12959809003869338 0.11514475373086923 0.13082494717549817 0.11645531735650716 0.12044787800007922 0.10621902435855622
810 1414200.0 0.14866954291824477 0.13342152023276033 74836.00487167526 0.08508862777349475 13442705.436015867 0.12959809003870648 0.11514475373087202 0.13080981946727632 0.11643915750908873 0.12045204894443033 0.10621884048971979
820 1431659.0 0.1487455034906623 0.1334254398319115 74848.29965347273 0.08499207300295268 13544169.514810234 0.12888760835723123 0.11337678040666782 0.1307941948924076 0.1164212378594213 0.12045251860659963 0.10620870665197087
830 1447217.0 0.14890178488985714 0.13347262148440775 74695.09207778177 0.08487552694619101 13651717.578312136 0.12889417791300026 0.11341108895036339 0.13077126739702125 0.11638468435654431 0.12042820210209157 0.106192269507324
840 1466328.0 0.1489824629794148 0.13402778656239422 74745.87207124756 0.08476172314958841 13758706.65593281 0.12876122365204437 0.11253681398905875 0.1307480865331074 0.11634412074096478 0.12038828901048962 0.10625085199181972
850 1476322.0 0.15871496505073218 0.1360973966042219 62728.00908003044 0.08470154197258568 13839943.670270035 0.13321971294622567 0.11346142641576193 0.1307512192694081 0.11630486959493043 0.12437187633197687 0.1069008474746017
860 1492193.0 0.15874438634239535 0.13683278923222278 62750.71155943816 0.08464274427091635 13920825.313282406 0.1332198413063673 0.11345790442113468 0.1307798891564567 0.11627180458824096 0.12441313830896525 0.10718153281738392
870 1511217.0 0.15890596859568112 0.13696680160736105 62766.59376665871 0.0845852828806486 14001357.047258645 0.13321986031795588 0.11345803969182666 0.1308078650513193 0.11623949222224117 0.12446735164001607 0.10718725490916603
880 1528318.0 0.1600021636942243 0.13725612787452984 61566.70396212118 0.08452898864318902 14080574.097092858 0.13333791999789335 0.11342618107706703 0.1308364553048336 0.11620759528494896 0.12467420497554689 0.10718909215753201
890 1545253.0 0.16021245213013763 0.13738181817960232 61336.516866297025 0.08447090762407364 14160244.767922632 0.13333123938888147 0.11339294684046415 0.13086449225259195 0.11617619195563852 0.1247378418613135 0.10719175872168978
900 1568422.0 0.16125049305760947 0.13759760350873237 60511.17599516711 0.08441358569586585 14239047.209945293 0.13304271844819068 0.11242440932632139 0.1308890431713031 0.1161363655963568 0.12498875621923547 0.10713416568272754
910 1589446.0 0.16134314639982064 0.13763622921342003 60423.073452147175 0.08435750989653214 14317427.367478251 0.13304255083120503 0.11242287461082819 0.1309126835857214 0.11609561627458809 0.12501483021267265 0.10710416051307377
920 1605883.0 0.16223735000305406 0.13777657249589553 60528.56213640925 0.08430025198056539 14396349.601409458 0.13153339301441117 0.11236586117022446 0.13092886020268613 0.11605560419059884 0.1253004291531575 0.10712161267342216
930 1617418.0 0.16236520468949625 0.13787343518306602 60450.93560190085 0.08424421231812984 14474865.094908874 0.13176579532438853 0.11390266684321705 0.13093560759732226 0.11601762821050182 0.12533543122137542 0.10711565567081366
940 1638668.0 0.16236672443460576 0.13815631794628194 60491.0804244538 0.0841908028289394 14552594.662249343 0.13176579532438784 0.11390266684322016 0.13094442999612207 0.11599515253178465 0.1253390175328526 0.10717275560125646
950 1654595.0 0.1623933442521071 0.13825020712968747 60513.71290297711 0.08413820938694812 14630126.228144841 0.13174115290887975 0.11386517551152689 0.1309529632070796 0.11597299183545197 0.12536624534508795 0.10721586831772259
960 1669963.0 0.162485201843062 0.13871646544364016 60624.12704320872 0.08408683222018865 14707396.182949182 0.13175968064246324 0.11393171148120071 0.13096124523979882 0.11595159270394383 0.12538413121300496 0.10738344113646213
970 1693678.0 0.16253085147206436 0.1393192525643273 60816.57556041499 0.08403509757587924 14785000.15040313 0.1321412989194455 0.11402485024079143 0.13096879086151292 0.11593145156823373 0.1253894194128894 0.10758236918147526
980 1713237.0 0.16294429595642737 0.13936117322630948 60392.31258127299 0.08400154257706285 14856213.950828185 0.13214434240425937 0.11402764974670783 0.1309807554430812 0.11591202769947662 0.1256029781830483 0.10759310853918158
990 1728989.0 0.1630457272252449 0.13949896229233194 60341.37065603215 0.0839686586782228 14927182.859081008 0.13214438386714045 0.11402765458128744 0.1309924974049789 0.11589301283451005 0.12567710605468138 0.10768344858160604
1000 1737071.0 0.16327515357092393 0.13985430259570666 60107.00841335631 0.08393626279457314 14997803.274925971 0.13213753922278199 0.11400250886761601 0.13100393090971724 0.11587415114353364 0.12572655359535057 0.1079788462140055
1010 1751434.0 0.16631800810545333 0.14212619303540527 56924.16620819578 0.08399819458634748 15035396.79009743 0.13064586767757722 0.11515950577502897 0.13102209769754825 0.11586672065491237 0.1269132381435348 0.10886820101968643
1020 1770453.0 0.16650780691678777 0.14238026578735574 56830.21354589675 0.08405774726659833 15073651.743448678 0.13037413501363881 0.11646424253450464 0.13101855919995442 0.11586106520340221 0.1270577197290788 0.10906935414817996
1030 1789646.0 0.16670359935537743 0.1460775035002083 57033.567125884576 0.08407708824848538 15124481.490914669 0.12994550100515953 0.11632580214703965 0.13101030222089233 0.11586637058830308 0.12715889121252888 0.11065628861563653
1040 1800685.0 0.16798586600548318 0.14684018469267357 55823.720979236336 0.08410968712261292 15169827.75834167 0.13024161790296196 0.115994491982568 0.13100136152601874 0.1158702266808622 0.1273706115061108 0.11081077643929031
1050 1811092.0 0.16807156875265492 0.14703204312899565 55752.798725407236 0.0841416709236437 15215307.610903258 0.13024026131862143 0.11600070109704089 0.13099412450852196 0.11587146841946831 0.12738166726168884 0.11085651994712559
1060 1823234.0 0.1681059451031713 0.14706528105423497 55736.51591009523 0.08417305689661785 15260976.204824645 0.13024026131862118 0.1160007010970291 0.13098701929466802 0.11587268644658955 0.12738331865705269 0.11087005728031733
1070 1839890.0 0.16831595259849627 0.14735004783558994 55715.09486525382 0.08416844387620193 15318214.578672975 0.1293120154602064 0.11595869820630195 0.13097138926876178 0.11587351673066439 0.12734633207631116 0.1109960782394393
1080 1861852.0 0.16852181589695558 0.14776668095170933 55547.64451120873 0.08416391549836244 15375260.753523687 0.1293268048798123 0.11598067229488448 0.13095611501867924 0.11587442655020191 0.12741353340492328 0.11131153876037696
1090 1875943.0 0.16984603010981134 0.1537130957106995 55003.00153225348 0.08413880005564484 15438773.035865046 0.12787746873089506 0.112933257901454 0.13093832501989308 0.1158618571583725 0.1279035887778352 0.11431274013253075
1100 1888696.0 0.16991772965888102 0.15374192968310582 55259.824862142435 0.08411413714342665 15502374.641007062 0.12787340152785415 0.11292306067976624 0.13091048994485113 0.11583520119432605 0.1278931389787336 0.11430319737825333
1110 1904234.0 0.1700316491335762 0.15401700376594166 55240.46427025763 0.08403063615615218 15587284.777539777 0.12592922261785977 0.11489501522540514 0.13087415815460776 0.11581755026586624 0.1279702271534729 0.11433240014961173
1120 1923819.0 0.17279564473984668 0.15590792261088032 52751.99567281956 0.08394323717427711 15672114.965887599 0.12471154779155169 0.11552623083347761 0.13081918702764314 0.11581492408096483 0.13001215115507217 0.11559556742693203
1130 1931308.0 0.17296721983923674 0.1559421745404007 52628.860255947155 0.08385737150787352 15756429.512373304 0.12470888230484592 0.11552568123238181 0.13076517818328545 0.11581237037796094 0.12995834909372728 0.11559372980561425
1140 1964178.0 0.17302759848380128 0.15595345223732326 52626.563479234435 0.08377299915740738 15840320.111278428 0.12542666012623133 0.11554765711301875 0.13071273027491218 0.1158098802009084 0.1298836572300264 0.11558699362886878
1150 1979177.0 0.17341170385213467 0.15646943912168387 53085.16943735638 0.08368974580845422 15924247.32746927 0.12519539630241522 0.11557351071551794 0.13066578040799695 0.11580770659688966 0.12996984920735985 0.11573266115306215
1160 1996365.0 0.17465005925052743 0.15660380857947837 52005.041117747765 0.0836101771624377 16006113.440827977 0.12502870011130487 0.11528740779528779 0.1306189945064414 0.11580384422035736 0.1306216963650526 0.11580425916959391
