1 2033.0 0.07134068163642118 0.09487844886831677 515186.36660233466 0.07134068163642118 515186.36660233466 0.24434640085561893 0.25332634698802997 0.24434640085561893 0.25332634698803 0.07134068163642113 0.09487844886831688
10 18805.0 0.07137021967699242 0.09648780173915578 515867.70573697507 0.07134353439998416 1031054.1592799501 0.24422686369541202 0.25323611933751716 0.2442160058578791 0.2532131118191253 0.07135723688424783 0.09605024647120093
20 39217.0 0.07181311000515041 0.10029417766578279 514190.99534510577 0.07122141566740935 1545285.3476907534 0.24708531147999374 0.2543833103470828 0.24450698657816108 0.25379601962760007 0.07166800687549423 0.09914104454881967
30 48880.0 0.08660853692392663 0.1007887053590984 297649.80777016055 0.07446744683508298 1782300.7168602273 0.2510042827223541 0.25411470924300894 0.24597026855053863 0.25393860352788633 0.08127656152962674 0.09957867950265377
40 68848.0 0.08765907746551554 0.10158608456355975 288670.8394241357 0.07436837112489877 2073501.0655284708 0.2514903125336263 0.2541279310619901 0.24726205813223567 0.2539806630209129 0.0828301052497755 0.10008968906227167
50 82733.0 0.09268452892903573 0.10211023325938573 245946.41132146202 0.07588319147141502 2279074.377557486 0.2533658542738729 0.25583451219541975 0.24828508799548346 0.25417316646029786 0.08645481142735029 0.10051342746607653
60 106382.0 0.09280181685324101 0.10308403797053374 255147.6816495789 0.0767153698885686 2514061.4906105897 0.251328534582692 0.25806113907740214 0.24884588221942217 0.254512703844672 0.08713576524540517 0.10109954510569369
70 118513.0 0.09334221768587296 0.10504293255680172 254255.33200466214 0.07630143046390722 2781487.625900909 0.252369512091317 0.25989397476628967 0.24929059758529815 0.2552047185164033 0.08769471029593563 0.10223575262272896
80 130416.0 0.09936587108943444 0.108775361798333 214144.50413027557 0.07634939109051854 2993649.5213261093 0.2486939094847085 0.25351464105343385 0.24955600782790857 0.25540158748333514 0.09219763001974643 0.10471427157986804
90 140193.0 0.10030331777046124 0.1087897591708366 209471.48551501508 0.07590277032248476 3224586.187082135 0.24452533646261998 0.25277169219396994 0.24903882603330146 0.2551110344767341 0.09276396596511832 0.10392777800887051
100 160882.0 0.10071551191527545 0.10933472754925128 211093.53723997922 0.0753605276083138 3463222.968341452 0.24644409236655498 0.2537269319870483 0.2486233815270509 0.2549063394921287 0.09292962532647125 0.10348085306256266
110 181148.0 0.10226129316807428 0.10976539738414307 207091.8851419623 0.07497806298424937 3690499.0692966213 0.24875524917995084 0.25473098954151996 0.2485919599467545 0.25484146561395 0.09436878183681832 0.10330752793675124
120 209344.0 0.10856272182947295 0.11222228117070833 173514.86875581474 0.07486194946690518 3871656.247796346 0.2508789777048123 0.2576802218313947 0.24874254891622122 0.2550568340157353 0.09755634930686903 0.10444985952145437
130 230151.0 0.10903809464502891 0.11242045427293597 173770.84206852835 0.07476953842861447 4051519.9582981523 0.25097333447867604 0.25753988301264114 0.2489099528351694 0.25525055600935354 0.09780119392771679 0.10416168318209361
140 255460.0 0.11154837264540145 0.11351104085842781 162822.76158005183 0.07478170764417581 4213485.600990685 0.2519592969751948 0.2608678250484632 0.24907548440261063 0.25547524690329576 0.09905979622119698 0.10416622992208094
150 273499.0 0.1116127268983758 0.11734345180290971 163391.6495830314 0.0747011110058895 4382688.370366488 0.2521626169428016 0.26267859466667054 0.24926184992047903 0.25593715088847774 0.09915393896640147 0.1067793966035711
160 294986.0 0.11884087990003359 0.11905259206066023 140037.49053408866 0.07399127185346907 4594433.730360354 0.2419042918417229 0.26073332135887034 0.2493679267919857 0.2563433801766469 0.10088267555759159 0.1070637725762551
170 307326.0 0.11910601574917902 0.12279592846475645 139734.07090247524 0.07333735254653947 4803242.805163721 0.24167215775400916 0.2605037852955369 0.24892356059242268 0.25659743483563935 0.10062395378596804 0.10916312837123571
180 329392.0 0.1200717968910529 0.12395271365054528 136812.8617692279 0.07271153323606842 5010371.955535499 0.24107886237685847 0.2599701560431826 0.24851323946902082 0.2568041818768877 0.10071843135145711 0.10969053418967274
190 351470.0 0.12019576040268529 0.12548487837599975 137612.17641083887 0.07213665496000796 5214700.994069069 0.24153612555122625 0.26058199921776876 0.2481444703020615 0.2569825593596402 0.10066695486649196 0.11062671677192376
200 370359.0 0.12024661760489547 0.12549431098210134 139806.0725454122 0.07161652699595325 5415984.014802003 0.24101876683213233 0.2606261554940247 0.2478001059833439 0.2571614657439803 0.10053854845599583 0.11054528774335828
210 383956.0 0.12266966687220794 0.12595957465985128 132980.98402837326 0.07115130536430282 5607859.35470623 0.23934649484444573 0.25439002001575706 0.247410581063319 0.25709292945529244 0.10157111215243081 0.11077785147574991
220 395016.0 0.12334865668367839 0.1314295363970029 131319.35351661133 0.07061504212378693 5811922.631352761 0.24061009044307277 0.25802315909607104 0.2470794890363021 0.2570639655952957 0.10174427522672012 0.11316421062202105
230 415683.0 0.1233721589786403 0.1314561235858114 131810.29420460356 0.07012346748664737 6012269.901051769 0.24146822247663638 0.2577723469331305 0.24681794403910173 0.25709990505554764 0.1016392744360618 0.1132170568821514
240 441098.0 0.1234569814218683 0.1315814928373861 132711.46432686487 0.06967121882047897 6209471.63320419 0.24498638487614832 0.2587348965232418 0.24672766958509887 0.2571637145486612 0.1015537238845121 0.11330001779205741
250 454827.0 0.12391930572419493 0.13165741721991064 132807.15298130637 0.06926232227489523 6401903.783303855 0.24334479182017618 0.258529506759398 0.24660678744879486 0.25722142584581975 0.10155732430947005 0.11335109084436214
260 469788.0 0.12398658361724384 0.13167718772645798 134959.18498744472 0.06888371436231769 6592597.870907295 0.24355243143496597 0.25830335592358267 0.2464879933841695 0.25726599754158547 0.10150642757128789 0.11337921814058252
270 477652.0 0.12865419522914354 0.13270074323752823 124070.32470216474 0.0685674439737087 6767124.03427898 0.24155995013588394 0.25995990938648794 0.24632920043782972 0.2573494410277443 0.10276966509685666 0.11409192280746316
280 490470.0 0.14043330918422783 0.1327569748699381 95460.76736108823 0.06848298248904358 6878003.987865023 0.24115949444668755 0.25990446526271255 0.24616435794936334 0.2574410518881813 0.10875134291272344 0.11420342494886875
290 503861.0 0.14773525717781047 0.1415184103755981 83068.61806866185 0.06831764970726656 6994617.713709518 0.24341458188587184 0.2672522693752373 0.2460597921621366 0.2577181932881201 0.11362744405811663 0.11785629153250479
300 520866.0 0.15249766392498 0.14848753138633575 77385.47013479982 0.06828283802806714 7079164.940408383 0.24356084882034906 0.26732242005147716 0.2459741203851191 0.25803438260509476 0.11469095975284731 0.12001239609961845
310 535182.0 0.15513671529780132 0.15365829864430355 74552.31393705263 0.06813178222329906 7186351.606211891 0.23775371549714158 0.2631558660819611 0.24582063773921028 0.2583091800207211 0.11639560788838904 0.12348855752253302
320 549229.0 0.16225972484445753 0.1598113304070172 65434.11970600089 0.06814053394561488 7249839.291724821 0.22852450293072096 0.25824736033479323 0.24533779732371996 0.25847929777041745 0.12230081326763623 0.12528205007563634
330 562467.0 0.16308995590446085 0.16077738026730004 65962.87995944511 0.06813079789634514 7317968.193951845 0.2281313295273871 0.2562488521495697 0.24484987972720748 0.25849379776102044 0.12225982490817341 0.1254524241363444
340 576126.0 0.16317948002385918 0.16095307274750575 66012.86023513293 0.06813813428586836 7382355.365459524 0.2281551186489198 0.25747786791822597 0.24436021604192332 0.2584605405683646 0.12226271067303537 0.12557166648307694
350 602741.0 0.16438388495371495 0.16223147594605777 64775.054212440926 0.06826370938710939 7419958.715562321 0.2238605401550272 0.2556858485249968 0.24379195876989931 0.2583996949995456 0.12312558336757529 0.12624826779391812
360 619031.0 0.169248376252602 0.1736169570715742 59405.01669204719 0.06844852640637746 7438715.502769608 0.22364636388367692 0.2567295207366778 0.2432352486727224 0.2583447493631409 0.12562472983726583 0.1362527310490404
370 640303.0 0.1843798142918965 0.17828415637065653 47006.215445506576 0.06839058682423604 7500264.867996642 0.22696401826976229 0.2602747451847441 0.24278684861810823 0.25836578763805956 0.13239372223861426 0.13860419714213154
380 656460.0 0.1912225969614799 0.18243118522286061 42289.40803942215 0.06848446991898978 7518857.203801453 0.22669784412406305 0.26090273610470427 0.2423665644520513 0.25841609349593675 0.13593125062820396 0.1413443429825646
390 670878.0 0.19201379267582644 0.18269199594295177 42324.32140228145 0.06852611874426628 7550629.281225348 0.226049495955289 0.25795849624490247 0.24200791964876714 0.2584528009584886 0.13637421721031337 0.14151171147701852
400 678281.0 0.19884996023333504 0.18388537450966103 39113.53803749469 0.06856020389176853 7580924.108549238 0.23005171180701492 0.2618150349400246 0.24167985025289607 0.258507900928691 0.1402818530265888 0.14244067563229834
410 689759.0 0.1988759311970009 0.18525508422920534 39545.07337851463 0.06857457885789409 7616755.426533839 0.2300620560387807 0.2620370545523245 0.24139709739734969 0.25859289581884226 0.14023525261929348 0.1429261301957493
420 701006.0 0.19955604488004217 0.1887787605104264 39274.407974220056 0.06863613449701794 7640263.687855542 0.23757064100328745 0.2626542136990712 0.24120711065418743 0.25867889856760634 0.14047989048527845 0.14564056406396386
430 714787.0 0.2015809806515442 0.18969582579612276 38596.49132943112 0.06873388567109508 7653989.711809361 0.239120272211315 0.26303210443642494 0.2411494506625638 0.25877685917061344 0.14148615614765594 0.1459683474120174
440 729361.0 0.20186116567088278 0.18989049877380917 38886.12064884312 0.06882072657925202 7670921.633135292 0.23856220246450455 0.26350502496590017 0.24109076352786 0.25887786383349304 0.1414817368516311 0.14603082059291858
450 749134.0 0.2051880107262337 0.1984267918341405 37236.870813930516 0.06893765239616274 7678573.16203358 0.23762221129891553 0.2649492906545997 0.24101972934461838 0.2590079113492651 0.14333401553479083 0.15169073992384402
460 769433.0 0.2143685654955133 0.21236281390276665 32942.798570229206 0.06903427803057158 7686262.958313223 0.2422423863379404 0.2660603130358483 0.2409893488269935 0.25914674869390797 0.14749937204549002 0.15868368350713782
470 784062.0 0.2147412733019694 0.21270207462161145 32822.24082084725 0.06903729208028166 7718286.37376673 0.24201886911095674 0.2648500970008595 0.2410103152053322 0.259291311020065 0.14766183296860638 0.1586613249502361
480 813410.0 0.21604443153350214 0.21441785383692843 32472.25162241137 0.06907849264356192 7739898.129093447 0.23647343058437842 0.2582908588618 0.2409488913314645 0.2593093796975945 0.14761259525318315 0.158533562585204
490 827663.0 0.2176133520782911 0.21515181758527713 31820.101670807926 0.0691428702219445 7754787.028272353 0.23527665389783517 0.2611896849115661 0.24083745053585354 0.25929327811371466 0.14785512821167884 0.1588748626024049
500 841445.0 0.21788896622351925 0.21710711786068188 31761.859969197696 0.0692035467826989 7770636.72029808 0.23539420020960036 0.2612698325799962 0.2407341305602798 0.25933208473928493 0.14793927661299258 0.15922377092355133
510 848084.0 0.2217703093859018 0.218361549297962 30367.980212220336 0.06931086893209365 7772922.755833503 0.2360655704026421 0.2624340926829731 0.2406386373481843 0.2593737342425702 0.150942709689522 0.16008006646038944
520 852651.0 0.22192750534913586 0.2198771289355047 30348.869505761355 0.06935578780186358 7791428.511496352 0.23632112761655624 0.26206094635338983 0.24055224787190924 0.25942511419151393 0.1508415307612757 0.15974274918267353
530 860882.0 0.226011622081242 0.22078964568706602 28992.828986354605 0.06941873315651897 7803740.783840107 0.23324541239184182 0.2579297595859842 0.2404271907277047 0.25941465318422346 0.15195262194196296 0.16025996442022905
540 871036.0 0.23256791028686105 0.22296779088445887 26856.6202868421 0.06970653009681482 7757033.256443627 0.24226638948882362 0.2589919655820137 0.2404476847099568 0.2594209370893355 0.15472624903800586 0.16071196550962974
550 895728.0 0.2338506957995601 0.23770269521253795 26444.35609325873 0.06998037861994937 7714190.452656514 0.24622637226564506 0.2645424925590141 0.24049398109584147 0.2594977666396553 0.1554689602261946 0.16572442224712564
560 909953.0 0.23998920128766993 0.23848910908670587 24634.916741078625 0.07036447552808428 7643906.839086744 0.24571622977012186 0.2634356164177854 0.24058286666729073 0.2595617714048938 0.1574198747798573 0.16600801295303103
570 923542.0 0.24007330319411047 0.23931616958683488 24667.016979646647 0.07070631099343909 7585242.816241752 0.24555621787223436 0.26283042245937893 0.24067305914999598 0.2596257986789166 0.15753091778572703 0.16666139514057474
580 940823.0 0.24733537257069993 0.2426865008594226 23012.36606816249 0.07099917432501589 7535993.35622202 0.25325771543295 0.2698340526501896 0.24087647660569128 0.2597946155806699 0.1601509048210773 0.16783208791906953
590 954502.0 0.25022648657981506 0.25042748695160366 22345.739959344693 0.07128249706333169 7488952.763700874 0.2511040363913864 0.26986510275924963 0.24107738749579502 0.2599708244568388 0.16082401424698728 0.16985881450015178
600 973607.0 0.25105196632136695 0.25523152419071576 22149.507939239335 0.07154680191193497 7447039.730458055 0.25264583341514546 0.26898765868892627 0.24125221367141622 0.26010628478183917 0.16170004802630855 0.17333967548743423
610 993779.0 0.2546601116282811 0.2569571290023493 21289.08155746365 0.07184912336184585 7396111.981519527 0.2546117235150491 0.26941636856115797 0.24145044655158976 0.26024477618346287 0.16363182309678254 0.1739607101079933
620 1009798.0 0.25651653093049237 0.26014360133619485 20924.31734627317 0.07208557495116746 7360389.571738762 0.25115476646728163 0.26978088253509225 0.24160589655708004 0.26039788302859124 0.1641616266061048 0.17560112535726702
630 1023615.0 0.25700272304172017 0.2665166689288606 20935.937766055824 0.07231842630168656 7326304.967269074 0.2510427166180383 0.2727431475324746 0.2417429298326077 0.26055372495360285 0.16450468274287441 0.17846343104998988
640 1040381.0 0.2687204374965119 0.2671032319579837 18581.53342254819 0.07254528521373955 7290262.930919549 0.2515133609613001 0.2727547921880495 0.24190068907653575 0.2607456528626911 0.17047837067463353 0.1786282015297439
650 1060858.0 0.27037793496033535 0.26886572409924636 18299.777215172962 0.07283636815980353 7240217.8449029215 0.24996739649329172 0.25844146320534295 0.2420389103300358 0.26086399571026303 0.17184699073700263 0.1795333140189001
660 1074579.0 0.27303014471882464 0.27277611307259225 17796.10924531875 0.0731867526933608 7177760.050437307 0.2494169056472833 0.26223074589754447 0.24215646742469477 0.26083820423310006 0.17378862773591194 0.18279748889501035
670 1080857.0 0.27727067349833523 0.27632419366734645 17022.94314268934 0.07349063757136275 7124973.607952397 0.24435601774767238 0.2612692586493334 0.2422440052290766 0.2608497546005743 0.1768247798194046 0.18458881559272344
680 1098580.0 0.27752180973459134 0.2779914631668074 17193.071008953346 0.07373553457631732 7086251.217746402 0.2439702771714246 0.25645449438010526 0.24227274282857988 0.26078642109908123 0.1770697557975714 0.18564798784589048
690 1111755.0 0.28080471954473746 0.28703749864534644 16660.556056780006 0.07404956490805466 7032894.634392411 0.24347443785128323 0.25940777978607477 0.24229677554268453 0.2607964788760683 0.18020511627068592 0.1883028043932123
700 1121331.0 0.28098756951076653 0.2877528422478937 16675.78224459351 0.07434506593604118 6984600.0524835205 0.24348856122103893 0.2591074306261472 0.24231295553533294 0.260771953940404 0.18019640791679453 0.1883793293441667
710 1137498.0 0.28193206218620603 0.2898848259773881 16668.169419242804 0.07462751866835701 6940021.716247711 0.24505927527354984 0.2606154729644267 0.24233814992071448 0.26075698354608906 0.1801193620127906 0.18946097423060307
720 1145298.0 0.2831115797664375 0.2912086266947485 16474.767913766147 0.07491504762526384 6895061.739993544 0.24027099709428604 0.25507071617976274 0.24235722338589935 0.2607322403823394 0.1803678144151467 0.18963246218563987
730 1160245.0 0.29006023584731505 0.29264743462939696 15435.425882877797 0.07517208873113097 6855055.937048475 0.2407530347393047 0.2546083832683631 0.24232937585063336 0.2606535603607148 0.18450399652001212 0.19026261085315413
740 1169214.0 0.2905944763596081 0.2965804396740761 15368.073039866395 0.07541245888524901 6819065.175219088 0.23978521436847305 0.25331008592719995 0.24229628575565026 0.260556274531672 0.1845919998415796 0.1935506608100636
750 1192721.0 0.2906468957290092 0.2967808764709734 15401.892822598067 0.0756558912444734 6783251.4201538 0.24020523087375725 0.25325607673124645 0.2422648490675105 0.2604587285016848 0.18457480066142565 0.19357315925834667
760 1204730.0 0.29165288717306254 0.2970523504957374 15257.504274272991 0.07589414309217037 6748888.681569845 0.23911255244869878 0.25287037472822077 0.2422233216045214 0.26035933561637914 0.1847077180017184 0.19347258013248542
770 1219855.0 0.2922181121561213 0.2974322700376648 15288.468280313635 0.07612949415066103 6715823.875288781 0.2409167376901968 0.25289690395398945 0.24220086035543822 0.26026247969682964 0.18476850090280092 0.19347028407010686
780 1237605.0 0.29790361188716025 0.2998617225718308 14437.568710371632 0.07635694142875527 6683325.5377711775 0.24502027546635483 0.25375354816347073 0.2422246131469148 0.2601760283793952 0.18651636751714532 0.1948877430108845
790 1258885.0 0.29792632949972386 0.2999121208082445 14442.422873767768 0.07657870252489715 6652533.091983415 0.2445489822854695 0.2543117131608463 0.2422593379224409 0.2600954851617617 0.18646998048507388 0.19478932388920722
800 1272257.0 0.2987444486804664 0.3008655890762714 14390.780577782305 0.07681868472171705 6618802.585139813 0.24440244517097245 0.2543128465818215 0.24228714299015605 0.26002370861775725 0.1864978910925425 0.19484712867374884
810 1285732.0 0.2991856963071864 0.3187303955421024 14386.227985502279 0.07705545125498736 6586314.0710094115 0.24559853812899896 0.26477896405350376 0.24231684513768825 0.2600009900391614 0.1865008909184915 0.20043510778646978
820 1306074.0 0.3025150341333681 0.32583715773447275 13936.949992281865 0.07728679192153981 6554579.37983109 0.24502679214410544 0.2658099240775434 0.24235328696130456 0.2600644096147224 0.18768431380381326 0.20412181892568176
830 1315837.0 0.30531634828914395 0.3285788374716787 13592.852500463934 0.0774747676177925 6530817.3550225925 0.24464547195373532 0.2661814117485007 0.24238271109509352 0.26014218756012186 0.18840310071922198 0.20526409123665904
840 1332670.0 0.3060390069756963 0.32950968202862924 13551.37694486673 0.07766114925508523 6507678.039621144 0.2409814765222059 0.2639060154101245 0.24240059511546974 0.26020939603117993 0.18849335775648224 0.20567238427989729
850 1342877.0 0.30719856210876395 0.33039572597012357 13416.208422343283 0.07784494553268756 6485168.577825215 0.2409526843709002 0.26704306133364664 0.2423837157538631 0.2602605271386276 0.18868618282264601 0.2060204856733972
860 1358414.0 0.3137737874310845 0.3330632390943529 12618.618822705552 0.07810455551407537 6447874.8972615795 0.2455761928484149 0.26070287054726904 0.24236240305144782 0.2602857991715131 0.1934532368150086 0.20738039654156168
870 1384063.0 0.3265420596169754 0.33352587536339406 11472.119835161753 0.07834448312120611 6412444.312143906 0.24508869583930903 0.25533473598650014 0.24240261377508981 0.2602792919750015 0.1946227655205153 0.20724353194985387
880 1405918.0 0.33259535187720496 0.3379956199174404 10944.161927885038 0.07858851156547586 6375817.462542243 0.24325946049586789 0.2547928986876827 0.24242059595013213 0.2602226030149879 0.19691433047277823 0.20959376425247292
890 1421292.0 0.33324304197207266 0.3392421771104461 10976.835318521084 0.07879416680539128 6346853.376518157 0.24329925825676735 0.2508593483888366 0.2424268089763003 0.260128373055294 0.1969524581793078 0.2100451355118635
900 1442496.0 0.33418316169434353 0.34023508425865695 10919.134315189218 0.07899769853496558 6318618.462076017 0.24270298800460263 0.25101797798895 0.24243040589652437 0.2600274771412121 0.19778802481185503 0.21070921174026383
910 1456387.0 0.33622667357394553 0.3412154671561233 10780.296593294452 0.0791970507968277 6291315.266293281 0.24218579622614442 0.25080563874880757 0.24243335857069168 0.25992799182050214 0.1981642120081447 0.2114141000682676
920 1467890.0 0.33697119299984424 0.3423266004802364 10744.831296785416 0.07939899185012443 6263900.858797809 0.2420445915665141 0.2511084024035437 0.24242925598769763 0.2598305373105473 0.19887856813069857 0.21206516495407535
930 1482233.0 0.3442633714613607 0.3430685531117078 10200.937997181167 0.07955605731825718 6244017.116603093 0.24566876423680423 0.24691704943607232 0.24245289321702862 0.2596920082597418 0.20070308171645723 0.211814375085176
940 1509886.0 0.3486090791595781 0.3648301076216094 9846.87059576563 0.07975253011682888 6216653.030805482 0.24781622473692785 0.2537805280629601 0.24249772797619146 0.25959911505819655 0.20373217270858354 0.22042559318889945
950 1526514.0 0.3515220640968041 0.3659892505131939 9752.282849149384 0.07993413151871583 6192163.9292485835 0.24747092611952712 0.2555651964096355 0.24255392999532746 0.2595424458641294 0.2052933670009868 0.2207979824764956
960 1547412.0 0.3656398231122514 0.36929153575914825 8719.36111324395 0.08024317806781815 6143694.95023679 0.24710966457626507 0.2593888172252148 0.24259711465620476 0.2594995078577789 0.21346136849819078 0.22105131572753503
970 1571530.0 0.3686930814028996 0.3695761692076647 8504.158298955672 0.08053005133824469 6099360.16077857 0.24697963767078795 0.25928822092516784 0.24264235508084422 0.25949804678521704 0.21421228737878517 0.22110790659052382
980 1587005.0 0.3753741134495882 0.3723988615213159 8103.539756554623 0.08089326573144895 6042198.826747692 0.25099840332400697 0.26580271691909835 0.24270638782039314 0.25952668216395963 0.2168697831984694 0.22093402584361974
990 1603743.0 0.375790347294651 0.3724619242762741 8083.320090214649 0.08125054495323109 5987162.683349236 0.25112553044559105 0.2657284613863075 0.2427895485869558 0.2595893623091275 0.21694959164038294 0.22094077311496788
1000 1636529.0 0.3761221035047945 0.3726018469991132 8088.493150826037 0.08160074933893834 5934424.841129865 0.2510996941816765 0.26563575350940577 0.24287275807238545 0.25965061033048176 0.217226077047811 0.22091746452582753
1010 1658754.0 0.37781681205369977 0.3728030689636316 8019.085328862122 0.08193377021439412 5885249.753774808 0.2512694173763593 0.2651950760804451 0.24295484328564254 0.25970847427135163 0.21762797572031436 0.22086401338306688
1020 1675110.0 0.3801045756374223 0.37664543570621456 7895.444308921746 0.08225790578150544 5838084.773728957 0.2496302930137657 0.26622464261643697 0.24303007079424335 0.25976751528293224 0.21865996732769843 0.22233396779105802
1030 1691135.0 0.3810694072873508 0.3843805350890208 7848.228718102416 0.08259581991050936 5789642.439169128 0.2504840706277852 0.2698603929257319 0.2430989602658697 0.2598584463402522 0.21979398739813996 0.22600110744478483
1040 1703618.0 0.386966094715599 0.40337681493818356 7526.941464902607 0.08288583651708907 5748526.886013504 0.25263048413345485 0.26845173118010934 0.2431809852247696 0.259947202764405 0.22240464585909878 0.23134848797327318
1050 1716810.0 0.39418339253060886 0.407465553028898 7133.842070871065 0.0831796126817514 5706564.94146382 0.25349843280547735 0.2689315809447554 0.2432728540329912 0.26002848435667164 0.22732078218508678 0.2326850604668752
1060 1731443.0 0.3945908479392336 0.4079849249703671 7121.5480191623255 0.08346789770314902 5666140.959707675 0.2527009068302416 0.2697758796835935 0.24336742538302544 0.2601129928238681 0.22761761195578195 0.2328673970607861
1070 1753332.0 0.3953011289692552 0.41360256629407954 7096.630293846569 0.0837330515878132 5629834.9023565445 0.25244401278508105 0.26970528619133255 0.24345264507671652 0.26020265281757615 0.228018750578 0.23741572231300712
1080 1770084.0 0.39614990825353824 0.43665833185014563 7056.8410652934035 0.08399363170733394 5594705.378100114 0.2532904458654047 0.2871251766669454 0.24354298538304425 0.2604439641342399 0.22802401423800414 0.24293835234984157
1090 1787199.0 0.39953465153969303 0.4376196324671478 6898.166981334813 0.08428217748217645 5555634.911652397 0.25873455378884386 0.2877685783472247 0.24364917154933366 0.2606855887761966 0.22951157602340885 0.24327872982822923
1100 1818667.0 0.4029959242396695 0.44117377263803603 6775.023330168481 0.08457994453880742 5515590.77166074 0.2593688547764159 0.28784954472289714 0.24378848876407735 0.2609305210257831 0.23058103738950492 0.24410267481355752
1110 1833417.0 0.4030204089409123 0.44191034628751974 6780.155496689116 0.08486684187255464 5477802.416340648 0.2593338560473542 0.2878114762326634 0.24392850619075926 0.2611725798254261 0.23071023792147935 0.24458001559208473
1120 1843567.0 0.40335582960466815 0.4423923378106145 6781.078799769715 0.08514866137738596 5441371.402406535 0.2591237782253255 0.28795061439230074 0.2440654515071415 0.2614078204856404 0.23092652283381504 0.2446888549907618
1130 1855767.0 0.40899142321878057 0.46010098754434336 6529.896032078212 0.0854392565656741 5403685.113288037 0.25722590778526766 0.28649548934348096 0.24419165197754739 0.26163322563432584 0.2335099175262396 0.2528548238924238
1140 1868556.0 0.4136055171104107 0.46256772067824103 6363.871444102037 0.08576382560655273 5361575.966013926 0.2574374135734768 0.2815435897504546 0.24430728534351837 0.2618244898325526 0.23424139234389751 0.25286395829424096
1150 1896374.0 0.415571574950403 0.4744920725507407 6337.438093504187 0.0860535122798391 5324844.3406648375 0.25917546324047364 0.2848611610595379 0.2444212451794963 0.2620051725204943 0.2344536080320215 0.25975791051195246
1160 1921210.0 0.4311182158219693 0.47873930245132246 5731.794729080324 0.08622858324841605 5303512.3394637965 0.25745463554412334 0.28284283943748334 0.2445366891936573 0.2621887679526669 0.2386122057874111 0.26073866543781044
1170 1939583.0 0.4402563678627684 0.48011163898143344 5398.983174086061 0.08642078128174101 5279256.9514791835 0.2588469210356817 0.2755391552017187 0.244659366299618 0.26231122556476133 0.24104694497244022 0.2614282956872092
1180 1955857.0 0.44059540425534066 0.48123749704164054 5418.101445212766 0.08659410925414508 5258078.011072612 0.25648096575204243 0.2841886676883976 0.24477798284402758 0.26246007604283467 0.24124541499628463 0.2618878528623614
1190 1970138.0 0.4550490836659698 0.4851227501596662 4937.349395140394 0.0868216371220219 5228278.031549219 0.2630660930780044 0.278495474673734 0.244910079437337 0.2626134069816888 0.24434951249078019 0.26236760261097347
1200 1988396.0 0.45666733675287047 0.4869111354191788 4911.5878746887465 0.08693656425787634 5215367.382189811 0.261821337974259 0.27945281092775043 0.24505480744027736 0.26275278291482623 0.24512669452746516 0.26272884443992395
