1 3294.0 0.05083787614243469 0.07350454483690225 1368456.0830768826 0.05083787614243469 1368456.0830768826 0.057692937460552936 0.08312402601994742 0.05769293746055293 0.08312402601994726 0.05083787614243525 0.07350454483690194
10 14900.0 0.050857805080502916 0.0744195504472092 1367993.9113564466 0.050376905103254405 2737143.44034141 0.05733980653134333 0.08323561243356975 0.05762873183706203 0.0831443144587881 0.05081775345667048 0.07427515957061963
20 26725.0 0.050869692973092906 0.0744430812675256 1367749.5221166497 0.050223248090194315 4105136.0352267693 0.057339808244686256 0.08323572564654665 0.05749114843973904 0.08318779507597088 0.050686844786665505 0.07432973698222116
30 40962.0 0.05105439563414231 0.07493748686083945 1356287.9289546842 0.05018542838021709 5461533.139432547 0.05734557301014953 0.0832568334037498 0.05744381670338947 0.08320870371349925 0.05079839928573936 0.07475805203765448
40 57172.0 0.05117532520368418 0.07505056744235312 1348155.6719244246 0.05016273655423076 6809798.389380961 0.05733669779824469 0.08322458348422376 0.057419529011597414 0.08321808604715196 0.05083285397111822 0.07482391836890417
50 68118.0 0.05122633199129238 0.07507211013629847 1349714.8245760691 0.05009826267423357 8159947.548203306 0.05732133283237457 0.0832207738890608 0.057400243154839825 0.08321861061703102 0.05084029297429933 0.0748397843891835
60 82574.0 0.051260273672152454 0.07521121560794865 1349588.1116100766 0.050052074187055026 9509850.772000812 0.057320947409736894 0.08322373991468648 0.05738725921821052 0.08321936071043515 0.05084550379320525 0.07492112931346209
70 91125.0 0.05129931949265559 0.07522485326366614 1348076.0250808727 0.050017432821671114 10858185.75622861 0.05737868235195104 0.08327878661627847 0.05737873269507642 0.08322075280542252 0.050854916613415596 0.07493104252458196
80 108921.0 0.05136858374070459 0.07559044114201856 1344931.1687330592 0.04999431142146328 12203314.639916822 0.05738316276706232 0.0832820167758849 0.05737927680978016 0.08322831242036473 0.05088471222409917 0.0751958711090427
90 129068.0 0.05137637753843809 0.07562020543217017 1344667.086450872 0.04997581430129701 13548142.799742172 0.05738316276706197 0.0832820167758852 0.05737970383805294 0.08323421399789445 0.0508833181144347 0.07521605398128904
100 135616.0 0.051404078691597466 0.07564053139544717 1345778.3586290064 0.04996068029388825 14894043.01112953 0.057380997835347135 0.08327723618282697 0.05738002487130405 0.08323889961360591 0.050892529415743064 0.07523031478372556
110 156195.0 0.05151889595288774 0.07661760679282507 1349925.711493956 0.049948068621047614 16244035.697493618 0.0571477553089764 0.08316573685896193 0.057369638228355835 0.08323786752741573 0.05094330560603077 0.07569594634704567
120 167104.0 0.05162268931025005 0.07701440963208021 1346583.857045571 0.04993739720556707 17590701.737093054 0.05714825879686851 0.08316712926415677 0.057351314869574656 0.08323193949522516 0.050984906308621306 0.07586581614067582
130 187135.0 0.05164235586500197 0.0770834409045182 1374828.331945115 0.04967374790981297 18981504.583478063 0.05625779314763998 0.08230010346227293 0.057294964162138896 0.0831875730174286 0.05095823066945304 0.07587213374140973
140 201809.0 0.05165069993096841 0.07710000947274445 1376820.0161086984 0.04944525185349275 20372199.79544131 0.05625773981259456 0.08229985999242086 0.057221402529795656 0.08312461637359723 0.05090046902834244 0.07582180546307304
150 220314.0 0.051666311987292185 0.07711150315164449 1385424.5552577593 0.049245317804212554 21768588.35489003 0.05625773981259379 0.08229985999242106 0.05715758380680216 0.08306999674570478 0.05085504738367798 0.07577645088765382
160 248444.0 0.05191827010483126 0.07749233647618312 1365780.01224008 0.049081187412442974 23145642.844967183 0.0562563028084154 0.08229577725963504 0.05710141981395339 0.0830216770649703 0.05104639900516701 0.07607609720637722
170 261751.0 0.051934253016403475 0.07751371052900873 1364819.1514385159 0.04893529373087001 24520794.32928128 0.056255596485946635 0.0822955196714828 0.05705198124468287 0.08297922075850268 0.051014385807102124 0.07604921869265077
180 276177.0 0.05246160803375455 0.07753022866302685 1340560.3126639037 0.048794133711784406 25875933.777822383 0.05625429266072918 0.08178197804895611 0.05700796767983318 0.08293577272471676 0.051252692913428516 0.07601923941294243
190 309601.0 0.05248336187953944 0.07754712869807882 1339428.0610932154 0.04866708969460737 27228824.104563832 0.056254292660731536 0.08178197804895643 0.05696850825474926 0.08287536462650943 0.051232601438521985 0.07596497145906685
200 321743.0 0.052513703274714774 0.07758478275444043 1337863.879223631 0.04855214510763767 28579230.75281895 0.056254292853846276 0.08178199080949983 0.056932975147344446 0.08282096772873965 0.051219958249813936 0.07592721523805658
210 341836.0 0.052722215606788705 0.07762845883255243 1322925.1827766136 0.0484476500285743 29915620.296994347 0.05625647100884894 0.08178257711291698 0.05690087839133099 0.0827717515124181 0.05128933982116176 0.07589579564739148
220 357291.0 0.05276449048153917 0.07773323094875985 1321371.8849000284 0.048352241478125134 31249600.65541066 0.056256570025164675 0.08178298935197774 0.05687172192642944 0.08272700181649187 0.05128495868918846 0.07589076875285934
230 384498.0 0.05276596755270357 0.07773647963748344 1322281.144066622 0.048264783640213395 32583435.604370654 0.056256570025164904 0.08178298935197777 0.05684509197399372 0.08268613547603675 0.05126447100665565 0.0758504690418934
240 401591.0 0.05280336123296506 0.07775161501329114 1328495.127802123 0.04814730576672581 33930859.539804175 0.0561928923916704 0.0816982411151474 0.05681908668498272 0.08264654402687145 0.051261497561291364 0.0758183900624076
250 423770.0 0.05281640182304034 0.07775825780157593 1328049.6613640266 0.04803886465273726 35276656.79083736 0.05619234542061506 0.08169819870955955 0.05679413216766681 0.08260876252753283 0.05124671703372956 0.07578394412629297
260 436049.0 0.05345431402845509 0.07796485248351034 1281807.6320298174 0.047959160419723104 36575434.02166561 0.05625312605449936 0.0816919791992567 0.05677177382533718 0.08257380308585915 0.051747517578904216 0.07590579578322496
270 449510.0 0.05356027216721209 0.07806415196776877 1281613.585156678 0.04788170014916267 37874010.81194848 0.056261822287399524 0.08152968768895479 0.05675312796856167 0.08253776994613321 0.05176824143824151 0.0759092814607721
280 463846.0 0.05362724250347356 0.0781072377358152 1278011.6766231302 0.047809581966227095 39168364.61133591 0.056261822287399434 0.0815296876889536 0.056735643780619974 0.08250189513271053 0.05178571929815488 0.0758922305745083
290 490463.0 0.053638300213112784 0.07813409772190628 1278171.658078544 0.04774227166215388 40461871.33377021 0.05626179916068921 0.08152958211753153 0.05671936109613331 0.08246848521662661 0.051775856691547884 0.07587075439374
300 505546.0 0.05367451723337004 0.07817144156966002 1276522.60259574 0.047679303958343466 41753016.43118692 0.05610297767799395 0.08150238402512754 0.056703632056807514 0.08243720206352585 0.05177560476528955 0.07585368330231512
310 527318.0 0.05402491369251734 0.07836102972083245 1252453.32066952 0.04760823736024726 43026639.02212268 0.05610297808091267 0.08150241064897537 0.056684318412482074 0.08240714369130678 0.05192864511932467 0.07591901286507294
320 541943.0 0.054132521766707 0.07850495618035207 1245644.0693775103 0.047649157698617474 44267081.93103611 0.056989149704313874 0.08238856071617655 0.0566882933958824 0.08240104359820488 0.052004333817799606 0.07598659321679671
330 561375.0 0.054135902779462924 0.07851707248350893 1246837.4271983274 0.047687670958260035 45509135.38114233 0.05698914970431395 0.08238856071617658 0.05669738271033654 0.08240066647185958 0.05201654040954194 0.07599032733566714
340 575771.0 0.05413944483842663 0.07852486524344944 1247677.4709918576 0.04772398346020873 46752380.58742444 0.05714865860279581 0.08235968397292102 0.05670640669519947 0.08240022678183005 0.05202777676210165 0.07599246247455875
350 602630.0 0.054607215484562904 0.078659052131602 1234464.1015276585 0.047768002459653736 47981069.342949525 0.057148687699967636 0.08235968397372999 0.05671901191933005 0.0823990717162007 0.052286320925666506 0.0760628147762601
360 617038.0 0.05471032205199664 0.07869728065687669 1227975.9994827292 0.0478101584709467 49202941.685023464 0.05715620193571424 0.08236119079514205 0.056730955925639946 0.08239798899104316 0.05235179684896036 0.07607028582647876
370 628541.0 0.0572854403047054 0.07886343755143155 1073271.8923157707 0.04788157104066329 50244126.7676616 0.05839696318189235 0.08078428601038888 0.05676937631789916 0.08236297928003045 0.05320294194381504 0.07611489139512502
380 640519.0 0.059245751013516604 0.07971265097807234 972780.6396697095 0.047998302309837246 51146713.13797526 0.05868414538951867 0.08089768143766371 0.05681737230115856 0.08232362858054652 0.05495749131412601 0.07679450082377261
390 651255.0 0.059265186063540816 0.07971345674190858 972681.8029875134 0.048109197015552496 52053231.33532019 0.05868470550089855 0.08089768564423411 0.05686512731848501 0.08228715943022358 0.05501130076367233 0.0767572582068674
400 676414.0 0.05934178357453405 0.07980181309553952 972259.9708040677 0.04821550284376016 52962633.008806676 0.05868273374374401 0.0808941172108692 0.05691046891330811 0.0822524469192673 0.055107884935968784 0.07676387861814477
410 693146.0 0.05938797113552226 0.08039651393437061 974271.607000747 0.04831674648967222 53878052.84686107 0.05868463754682177 0.0809257837148112 0.05695362213697211 0.08221993686681865 0.05516904714639099 0.07695296634299348
420 697404.0 0.059419097088906137 0.08046039540710709 973240.9746865073 0.04841328112879766 54795297.03610081 0.058684638110255004 0.0809257842315246 0.05699473889522714 0.08218919688941569 0.055216193215394664 0.07694774650948887
430 720347.0 0.05976737054985044 0.0805934343544126 956660.4957163438 0.04849805572115788 55697559.56818465 0.05818139948420128 0.08034693310695497 0.05703044487265663 0.08215585424451399 0.05532216251282258 0.07695658726079027
440 734561.0 0.0627156797363377 0.080932254405499 830844.2818950537 0.04858398282900577 56443068.48879597 0.0574282548864739 0.07985946069121169 0.05704957679882667 0.08211039973559771 0.05647085891772559 0.07703705741451407
450 752215.0 0.06272547573524241 0.08095266658301048 830588.2913678495 0.048666173975642886 57192496.09718688 0.057428254886474205 0.07985946069121158 0.05705797320875234 0.08206048977895941 0.056483613134945085 0.07699492407042823
460 767070.0 0.06273073799631501 0.08096218723948047 833158.0096991715 0.04874348358612108 57950133.442785695 0.05742007817730384 0.0798591341670652 0.057065829009372994 0.08201273976331785 0.056494988738746414 0.07694998916519791
470 780047.0 0.06274235946880169 0.08097894980590647 869569.8897220603 0.04881757196282934 58756110.28665051 0.0574200781773039 0.07985913416706564 0.05707335022312951 0.08196701565299404 0.05650696385662546 0.07690902805867143
480 804618.0 0.06280725961126873 0.08103345953417375 867713.2146226366 0.04888863632416175 59562746.33666873 0.05742014604412615 0.07985924898848006 0.05708055912779109 0.08192319346922054 0.05654202299579605 0.07688570373284391
490 822239.0 0.0628993495877373 0.0810948881766886 864334.8565190207 0.04895683865042066 60368031.131938376 0.057419628736242165 0.07986156533041593 0.05708746798320481 0.08188119096328603 0.05658195083476137 0.07687606317536595
500 831124.0 0.06292104702376887 0.0811342398292036 864419.5785256407 0.049022366375649794 61176021.56194865 0.05742056020112018 0.0798626196283555 0.057094108395921384 0.08184089287028413 0.05659921441197621 0.07685266080361151
510 842959.0 0.06294614252626435 0.08119509227996431 864718.2399565332 0.04908537380375474 61986807.238909654 0.05742056020111477 0.07986261962835343 0.05710049688525988 0.08180217910821116 0.056613938789320056 0.07683446470330543
520 856887.0 0.06295583890918913 0.0812586977689982 864843.3582364535 0.04914568025825407 62800235.81920638 0.05741947862238832 0.07985817866563427 0.05710663597938679 0.08176493418248922 0.056624167737356554 0.07682361051721111
530 879449.0 0.06311830892398572 0.0813704079975637 860316.8116220321 0.049203753140364535 63610363.441444665 0.05741931656471679 0.07985635150589793 0.057112526383590975 0.08172901187901878 0.056707361048595646 0.0768419473616677
540 897582.0 0.06345957406776406 0.08241191179016105 855429.3267252783 0.04925395096041626 64420802.2154973 0.05734671601752917 0.0799223787932506 0.05711752754481397 0.08169514472551864 0.05685541163115807 0.07754874563274275
550 917626.0 0.0634772090957398 0.08246522045609225 855222.0769144839 0.04929926777792053 65235056.86590065 0.05734649143409062 0.07993288035947924 0.05712168298769751 0.08166310249135067 0.05686514650930614 0.07754079853206441
560 938876.0 0.06348208239177319 0.08248329979248435 855691.1497325794 0.04934299453165273 66051425.86509601 0.05734617179444139 0.07992994693174334 0.057125688281341 0.08163222801957082 0.05687056105290637 0.07751711691686573
570 947658.0 0.0635178777834825 0.08262010183923066 854771.1484613847 0.049385320075616176 66868135.10293827 0.057395216506196604 0.07915194183142715 0.057129752295202764 0.08160109369842883 0.05689616080763402 0.07756724187492092
580 967859.0 0.06378368814176516 0.08753864972140672 845974.3571786941 0.04943032346890742 67672991.95417643 0.057394998174793745 0.07915056620840877 0.05713432062884695 0.08155892675751525 0.05711545589925427 0.08151309893113325
590 980949.0 0.06379692090270257 0.08763307912691695 846443.7773690382 0.049473826749088956 68479899.3551145 0.05739712128066257 0.07915073080862191 0.057138738601217855 0.08151817671303029 0.05713005050354394 0.08151791827035296
600 993811.0 0.06381086511864417 0.08764089868215315 846851.3779014671 0.04951590369221536 69288700.42101017 0.05739676420005036 0.07915072812686154 0.05714303484313366 0.08147878491194395 0.05714173973950735 0.08148121953352772
