1 4794.0 0.14723050906433985 0.21610279987406103 50774.60320653273 0.14723050906433985 50774.60320653273 0.3087450915848998 0.37556706334812007 0.3090428998519962 0.37560272284794594 0.14723050906433954 0.21610279987406034
10 14408.0 0.15139527474184244 0.2300806258106492 48811.95316205649 0.14723935785577968 99586.21108307446 0.3046255364708594 0.3732331215949252 0.30702679822002393 0.3744893239878613 0.1499117706477497 0.22768917465904243
20 28724.0 0.15878193572356872 0.2345655379954704 42841.77410150334 0.14905945867980316 142042.99025014395 0.3195308750695171 0.37300254041964137 0.31038519468269976 0.3737149795272159 0.15407091576415227 0.2311989743002179
30 42470.0 0.17650128069258572 0.24321020081954325 32169.909670000867 0.15333067733145966 171440.70157838587 0.3513152314882785 0.3717392329889818 0.3190726405285725 0.37318915704502165 0.16569401363729436 0.2371670469628092
40 56060.0 0.17925210929381527 0.25120024153117954 31005.655084345995 0.15365237917118169 202160.72141721696 0.3503131714537984 0.3709320227838515 0.3269377261576543 0.3729910995514488 0.16925775954700747 0.24312708939797992
50 74163.0 0.1855715745262456 0.2548688951278586 28208.765319490027 0.15517416529871084 228849.68741374245 0.35900368762173845 0.3748306426307131 0.3330330230920161 0.37311249268270574 0.1728180901302382 0.24415321535609869
60 81427.0 0.18884607236670756 0.2560040382405627 28094.448925068766 0.15636280690401996 255799.00239779998 0.36277048622267927 0.3760626183531178 0.33748298199233573 0.37347018225104545 0.17605772735946487 0.24422919603125545
70 89445.0 0.19478703527733948 0.2604754964685456 26455.966069300182 0.15748589065413243 280998.4783837098 0.368926800547406 0.37885157848172724 0.3416947801452818 0.3741970513160645 0.18026886093421718 0.24575543044811893
80 108714.0 0.2314532842836634 0.26704056497331957 16258.400892384781 0.1611658661119254 289138.73461166216 0.36645228631722665 0.3530194437319926 0.3452991168415354 0.3734687286037521 0.20191948948958843 0.2490524575494975
90 131270.0 0.24044123334188264 0.27199479954815203 14547.384864972333 0.1632481242610044 298423.9258889253 0.35963088683904415 0.3527486293082418 0.34730483390696404 0.3712118980497295 0.21094974980502765 0.2502300297747656
100 149189.0 0.24238723906188106 0.27600109517746513 14354.190347713586 0.16468232591429702 309176.12978792 0.36074448754500127 0.3532800983027828 0.34858683521822686 0.36942654408524483 0.2131014759460079 0.2523525595492106
110 165352.0 0.24326816057166162 0.27637444055601507 14408.593083113677 0.16584791215619468 320751.739804811 0.360638420068242 0.3534738567320047 0.3496726368742574 0.3679796064735805 0.2140821133654 0.25128126738754913
120 189860.0 0.24426395728627817 0.27738874099059735 14555.141768799911 0.16685897051932785 332951.64688730636 0.36081449343062494 0.3497707824473191 0.3505877388827793 0.3665727251154191 0.2153480228996846 0.2509815598344193
130 202883.0 0.24494183981750706 0.27920959638937015 14472.880347355644 0.1677242683921309 345434.1147922227 0.3603917096582015 0.3493262289880628 0.3513478211887192 0.36527621219949613 0.2161026408131651 0.25097343322631455
140 227791.0 0.2482919096588042 0.27922303815304694 14319.350563574377 0.16859017688203418 357799.2328435849 0.36116577289502777 0.34501463557765233 0.3520179955995647 0.364028361005428 0.21722789880998794 0.24999297780830051
150 246015.0 0.2583760445155781 0.280758370279533 12919.275495186414 0.16968044760508058 368005.2282239385 0.3653357564794616 0.343155258798241 0.35289932553647807 0.3626460371522256 0.22126922896763782 0.24945350046003786
160 272440.0 0.2969069827820142 0.28205070240497854 8803.008490495204 0.17190272492851952 369464.04780770856 0.3814355938324943 0.3428627425518285 0.3543910207784863 0.36144185701604303 0.23310369450704624 0.24853882834251156
170 292253.0 0.29907579284039615 0.2851773181906332 8641.627568688746 0.17398519697360687 371484.81688095955 0.3804878587859713 0.34381215736537596 0.3559663298136959 0.360358766717732 0.23637505476488202 0.24938170216291553
180 313176.0 0.3105066415791943 0.29031415308587233 7786.6411129302 0.1757614864647783 373258.7123361216 0.38046576904739493 0.33918581160942785 0.35731800844517414 0.35924222541639517 0.24614185152012358 0.2521905222810199
190 330027.0 0.3114869879394356 0.2912338553413175 7752.886203304257 0.1772944932491797 375954.8359995119 0.3826862549557141 0.3388181855231458 0.3586280046639922 0.3581985188130326 0.24856766618020373 0.25175041505019913
200 350225.0 0.3135146505136299 0.29203512712402746 7627.71199377942 0.1777698223960504 381890.27080247435 0.381591340274001 0.33800933295551516 0.35978867659134856 0.3572144935582517 0.2502834935426602 0.25135920358806685
210 357285.0 0.31541183004203704 0.29381335108232604 7556.780978402654 0.17817075851442768 388019.01065704937 0.37851472837898165 0.3430185107858374 0.36081091009407634 0.35658855651729543 0.2527127353479894 0.25203246932992096
220 386746.0 0.3154528370791225 0.2940779971509704 7613.143042405705 0.17853683062251127 394347.22638225055 0.3784631087659446 0.34299858751420537 0.3616115206589986 0.3559743425492871 0.25358139367668886 0.2512373630188875
230 398182.0 0.3154899920273422 0.2949843441781297 7617.535560830912 0.17887651640194205 400782.7981613088 0.37662350096378006 0.34347474097869496 0.3623250992973756 0.3554167440929154 0.2543510306839975 0.25100640122774875
240 412107.0 0.3160264487178943 0.3006751619961132 7700.082002021356 0.17914637478580378 407554.6587984184 0.3768388933480615 0.3296842217244874 0.36293142523539906 0.3544849590859246 0.2550731308155912 0.2515389448516584
250 431998.0 0.3166243998679614 0.3023702705660624 7670.344222583292 0.17940369171587045 414342.736623163 0.37965344388301697 0.330002768988544 0.3634794679780671 0.353498585905542 0.25584328252795974 0.25188347813009326
260 454114.0 0.3203481245657578 0.30718807791289715 7474.108277068147 0.1791794474904112 422653.6206515939 0.36785056526040355 0.33186914318029936 0.36367692943037333 0.3526130081292546 0.2569754927932169 0.252850482022291
270 469347.0 0.324897251171478 0.3113440476318 7325.060431325694 0.17896042308889498 430815.0825102626 0.3739251607197233 0.33411747152479493 0.36395539161341667 0.351888096417227 0.25950714328784735 0.2554137991016533
280 489605.0 0.33687936193175316 0.3132805879100672 6566.977626343308 0.17899529989476765 437240.7049758536 0.38023673969541877 0.33099392824424423 0.3645365318127609 0.3511703721331391 0.2647517677425185 0.25685408317578806
290 506088.0 0.3417358497301619 0.31518840390707525 6315.166039932011 0.17908359846921126 443190.24031546176 0.3814442053734847 0.3288199734736075 0.3650849864015881 0.35043046998994415 0.26941555361029146 0.25779840742372195
300 522351.0 0.3740170942267047 0.31592360476148124 4945.633751319932 0.17954092537446611 446013.20380035666 0.3829856850251046 0.3283357948790455 0.36568186094072463 0.3497056988596106 0.2923940892370947 0.25679618472718335
310 547964.0 0.38569953975689764 0.31842288905048055 4535.922159567348 0.18025991420891596 447181.86974578584 0.38288673096619036 0.3284234949456528 0.3662350425118751 0.3490186884656272 0.3006041395815253 0.2571315962053016
320 560971.0 0.39072995957423884 0.3258190800717769 4550.662784318247 0.18088492514507926 448839.9367859121 0.3877070089754341 0.3334084680217827 0.36686626038354014 0.3484354825296126 0.3032319978559975 0.2587332576033757
330 571985.0 0.3909902166196308 0.3264908978132484 4543.5640909796375 0.18146946110265277 450709.659667746 0.3921623135089725 0.3338200308616996 0.3675362632275078 0.3479853129496273 0.30350324228963277 0.2585123436587566
340 586128.0 0.3961604161460025 0.34240270025467323 4412.894279416913 0.1799814198756192 463445.49502071587 0.36148964764974584 0.3406867503342103 0.36752692717784163 0.34778559919330615 0.30426085063973435 0.2645970010063473
350 602523.0 0.397244674604747 0.3427539003657831 4405.879355659628 0.17859995175842458 475825.65033778653 0.36139212834846135 0.3403992632920964 0.36735362017759954 0.34758119589258396 0.3040713633215709 0.2644615918880504
360 622322.0 0.3972701316823416 0.342765810280567 4414.447572666366 0.1772593643516064 488238.67982360383 0.3606405113442704 0.3396002269107327 0.36717651566685583 0.3473666339577847 0.3031717103635415 0.2640432554579689
370 632394.0 0.4017289369350081 0.3465071604292773 4278.931787323799 0.17601366809374233 500241.3908945489 0.35900137978322766 0.3386467063379879 0.3669643234935958 0.3471363048966928 0.3042763891645214 0.26525187784637894
380 646977.0 0.40176866124036364 0.346518323757854 4288.7903408482825 0.1748318536952559 512061.78839693306 0.3590056803029673 0.3386471805988934 0.36675535705444184 0.34691348799739724 0.3034898773126621 0.2649014889902876
390 675431.0 0.4032583642937057 0.34858339194990967 4245.261682022598 0.17368292629235058 523872.87068843655 0.3583652071228757 0.33905169123088547 0.36655506339544774 0.34671241665807795 0.3040099718974564 0.2651825136040858
400 695059.0 0.43544191372198315 0.3732854817535909 3391.0292423207106 0.17331955688188 529737.8999127889 0.3663586189939331 0.34273553830304304 0.36656938282116414 0.3465679300322541 0.3205312294395495 0.280314701576094
410 707410.0 0.4382475794811592 0.37555146848157195 3354.00933542707 0.1730947466085005 534623.9514841433 0.36883251859220906 0.3472804154144216 0.36660040050156917 0.34654143411566696 0.3218041141685006 0.28141707984268116
420 722084.0 0.44141866937999724 0.37679964008277295 3289.205558143035 0.1728246191191186 539784.650510385 0.3661613038258737 0.34217576004782146 0.36663305376635114 0.3465211804742247 0.3232589763271997 0.28218295109123914
430 739545.0 0.4459479569415373 0.3927253545249443 3205.862438370462 0.1725705493738117 544775.463472527 0.36486299714679843 0.3424790362668055 0.3666089008628865 0.3464253280113591 0.3246446272163717 0.2919353431829899
440 759207.0 0.4496141166402846 0.3991966961674799 3142.3347993289294 0.17232072515749902 549695.380256471 0.3649471216878656 0.34193887124180283 0.3665688722625938 0.3463340025292645 0.3256363019767113 0.29465899931716333
450 778375.0 0.478833402273357 0.4031674056581476 2621.6588765248475 0.17275851748141696 549200.08882157 0.3696745370677319 0.3412108695810319 0.3666260885854756 0.34622665279739834 0.3385273525000336 0.2964418215291671
460 798512.0 0.4799952591794169 0.40451918340328213 2602.933639234909 0.17323671222325815 548441.9863954985 0.3701619509820222 0.3421732202783068 0.36669833212277764 0.3461255952260258 0.33903356857195216 0.2970266069305529
470 812611.0 0.4870890118800294 0.40647756175586525 2557.784256478238 0.17368705599468162 547847.7621579403 0.3731593168932224 0.34326209479863407 0.3668005914298005 0.3460455220984099 0.3395184049255507 0.2976792098163341
480 844714.0 0.49327054235608103 0.4499259089177519 2477.096889818173 0.1741456693108817 547121.3259363663 0.36954188617119654 0.353710320737709 0.3668678501956275 0.3460441232804843 0.340157439223073 0.3189173338611082
490 853623.0 0.5014905661875502 0.4514444609278025 2371.172046558444 0.17458227129506768 546429.4034142076 0.3703589413457217 0.3534269083093911 0.3669616462572489 0.346197188234296 0.3448070067361275 0.3188251745677892
500 873303.0 0.5021852956431632 0.45988234429201597 2389.4999828362747 0.17474297649284065 547677.0596782648 0.36900348616437006 0.3553378528033263 0.36700422359290746 0.34636531752845534 0.34523393977732597 0.31994308898202894
510 886843.0 0.5081380172296213 0.46670161770183 2320.794609440415 0.1750235244886985 548018.1588963986 0.3681715046942989 0.3538767615691819 0.36705178443537123 0.3465251069005915 0.3512213742354913 0.3260375192525303
520 901568.0 0.521482718739537 0.49976539304617357 2163.130373861495 0.17521047557730426 548832.291936919 0.35949066079462333 0.36630987342288235 0.36702091269421594 0.34676914013150617 0.3558795452854431 0.33601097924647183
530 924973.0 0.530092748493769 0.5004239133923454 2066.8905885428885 0.17542380358998944 549351.5746028993 0.3562620495732679 0.3653701401666309 0.3668444951787275 0.34712260169920683 0.3592945096245488 0.33670409080132807
540 944218.0 0.5426269759311652 0.5052073984715778 1945.9483364101768 0.17574548627948283 548961.3615546074 0.35653091240018703 0.3652234389028486 0.36665612593858316 0.34746143336740565 0.3631923144947755 0.3404127337246685
550 960000.0 0.5429413665447581 0.5054356661627546 1954.1733686562388 0.17596584436716883 549315.3281365978 0.356473285933956 0.36561685006020833 0.36647215608682926 0.34778522080419194 0.3631789119628968 0.3405888489894566
560 972298.0 0.5491221804325973 0.5166086630162618 1905.5185134810351 0.17616326841360727 549782.620808579 0.3591728463692265 0.3752079158805305 0.3663115580786041 0.3481682249934601 0.36378544022639847 0.34292332302365014
570 982261.0 0.5503708542805026 0.5167220822224232 1918.2405248978152 0.17632119410445216 550553.9747463941 0.35847242043456545 0.3575325075010633 0.36617981872597116 0.34836347089543246 0.36390020395649286 0.34313670198872376
580 992329.0 0.5574591354507323 0.5220036137123422 1867.7491490169884 0.17647200730736434 551322.445766499 0.3543220233530945 0.35032366831716305 0.36607211716604926 0.3484541013352967 0.36592415391533073 0.3442195935097747
