1 106.0 0.047933974605890904 0.08127075592575732 1812951.962436289 0.047933974605890904 1812951.962436289 0.054881960373790936 0.08893961346294466 0.05491246484100508 0.09033469727161594 0.04793397460589085 0.08127075592575718
10 13059.0 0.04829112977061057 0.08320796184824149 1775623.9823520698 0.04797458898408522 3588489.066645064 0.05488196037379432 0.0889396134629451 0.054887506640558074 0.08919326506452135 0.04819811695751355 0.08066613681557558
20 25528.0 0.048318704120920486 0.0832229422565517 1805879.4781887848 0.04798812711014999 5394390.90451388 0.05488196037379368 0.08893961346294538 0.05488486556114647 0.08907247858758038 0.048209250409537316 0.08054184126804925
30 38072.0 0.04836051423393499 0.08326361507152218 1803692.9611254502 0.04799489617318238 7198092.274716812 0.0548823021577408 0.08895491395813679 0.05488393997279063 0.08903013912056226 0.04822912387912838 0.08051809463545909
40 62941.0 0.048526666086915464 0.08364748383449391 1785910.2783893058 0.047999102488580185 8983989.148884676 0.05525518498495411 0.08911597351525036 0.05489322617283338 0.08901648865088142 0.048297076746788764 0.08066829764575607
50 85769.0 0.04978885003640864 0.0850434954907503 1663365.1449744843 0.047455472909568086 10689661.694627922 0.054780201245916114 0.08897460547971014 0.05489900464240085 0.08901659203117375 0.049100265093216036 0.08170678034687129
60 95099.0 0.04979942118668565 0.08561733036836626 1663076.0603754777 0.04706492303862402 12384649.302928582 0.054770647103241164 0.08908271162855376 0.054879052288698646 0.08901498050311303 0.048898483019450704 0.0821212705716302
70 105657.0 0.04980186095900276 0.08562309052063366 1665316.6546346375 0.0467719594216551 14074429.585396767 0.054770581864801056 0.08908269765116701 0.05486378211501622 0.08902451970451633 0.04874746453112703 0.08210915184196518
80 120553.0 0.049851939948447485 0.08564455621636341 1661495.5632105065 0.046544098830679274 15755872.078987705 0.054772183009882236 0.0890838679454118 0.05485235500420293 0.0890317628443576 0.04865845999925976 0.08211007482754171
90 134361.0 0.049873058181721636 0.0857224581528412 1662436.2261756123 0.04636181035789862 17434491.650732722 0.054767897404839914 0.0890726569450789 0.054843497800379844 0.0890373654818892 0.04858046748662603 0.0821389679824034
100 141607.0 0.04990396287825531 0.08573588787966983 1665604.0034090444 0.046210737296095365 19113499.880627792 0.054776901076285744 0.08915332542181616 0.054836552706795334 0.08904565342726625 0.048512973578836396 0.08213421901194318
110 156889.0 0.04991168798934793 0.08575757184134002 1665625.5516430011 0.046084843077925985 20790447.19365766 0.05477690107628349 0.08915332542181637 0.05483117868602867 0.08905535360695552 0.04845708496944097 0.0821346300293102
120 169665.0 0.04991369491650349 0.08575973143297734 1673066.658214389 0.04597831720101343 22472600.897505436 0.05477690107628454 0.08915332542181796 0.05482669293315722 0.08906345045115896 0.04840866253977091 0.08213001459869977
130 190396.0 0.049937390468555866 0.08579973061362793 1671291.3849671583 0.045887009306516964 24151892.284890685 0.054776928316608006 0.0891535930720592 0.0548228924439352 0.08907031522220529 0.0483788445345202 0.08213615066173878
140 204329.0 0.04994815120345164 0.08582826912599026 1672130.29235522 0.045807875797953354 25830955.52807219 0.054776928316607396 0.08915359307205886 0.05481963257674885 0.08907622145269133 0.048346391485897006 0.08214445923158553
150 221406.0 0.04997230883305985 0.08584654335016306 1672579.3824124758 0.04566788733425799 27521419.741206434 0.054672770817194814 0.0888799522680726 0.054815438990235 0.0890777155877966 0.04832629155858319 0.08214752344035661
160 238457.0 0.050048017975487975 0.08598796737227038 1666154.655506426 0.04554436810158561 29204373.575956173 0.05467114407804464 0.08887864535149975 0.05480651698920833 0.08906538344682347 0.04832726174539686 0.082175004504607
170 258643.0 0.05016088810159028 0.08623834780343291 1656560.7654299052 0.045437219358041764 30876585.821747284 0.05470660103638507 0.08839994123554491 0.054800673951031505 0.08902646869762593 0.048350921872856285 0.0822206422802271
180 269365.0 0.050298678052846615 0.08661122727478685 1644171.8717840351 0.04534134942960779 32536266.68790393 0.05471604527374204 0.0883999363591376 0.05479552872724137 0.08899185349774265 0.048391820908445356 0.08235143049728426
190 293470.0 0.05041062315809427 0.08662619835388309 1635538.4278310002 0.04525618154714716 34186516.82869942 0.054716045273740826 0.0883999363591366 0.05479136728988534 0.08896086307163753 0.04842464432638256 0.08232235917170293
200 305442.0 0.05069586552714474 0.08852561182929534 1611376.758192683 0.04519155892436395 35810362.023695715 0.05477129895981277 0.08845861397512012 0.054788169713819106 0.08893354012689597 0.048624770989643705 0.08381932295851267
210 333745.0 0.05069778578403922 0.08853417090132268 1611715.2272711007 0.045132811085470126 37433453.83743784 0.05477129895981268 0.0884586139751201 0.05478737015201783 0.0889110317784706 0.04861037365207356 0.08379561596929531
220 346693.0 0.0507036857087521 0.08853861460326495 1621082.8963228632 0.0450791717543062 39064264.76032262 0.05477129895981262 0.08845861397511996 0.0547866429487506 0.08889056038465386 0.048599435905857136 0.08377300418469563
230 360362.0 0.05070425584195909 0.08854417096985777 1622283.488051266 0.04503000236740593 40695422.85136245 0.05477129895981271 0.08845861397511923 0.05478597870680522 0.0888718614058862 0.04858714519775435 0.08375374690612924
240 385129.0 0.050740814512033425 0.08856267154395839 1621946.0184714203 0.044984766531457686 42325594.99665656 0.054771298959812184 0.08845861397511856 0.05478536958867272 0.08885471420958872 0.04859303805056734 0.08374115261206924
250 405210.0 0.050761847223174464 0.08863081046962008 1621816.6509539431 0.04494301037519777 43955046.26690288 0.05477129895981275 0.08845861397511864 0.054784809005849595 0.0888389333237532 0.04859184781474733 0.08375301502729013
260 418083.0 0.05079389044141199 0.08864442597871001 1619408.4080131378 0.04490515120571712 45581508.18955568 0.05477325038271903 0.08845928387036142 0.05478434339478959 0.08882437944472783 0.0486064804826509 0.0837447618656939
270 436652.0 0.05080708168692309 0.08866376685310481 1627541.3965138216 0.04486999626262795 47215117.47083061 0.05539026230798136 0.08847114413239042 0.05480667246090884 0.0888113023686819 0.04860379958928131 0.0837379612957152
280 462746.0 0.05081818335157926 0.08872418804677806 1627593.157254315 0.044837265798372515 48848375.94063762 0.05539026230798225 0.08847114413239213 0.054827440782868705 0.08879919709336909 0.04859972187473998 0.08374158308208515
290 480432.0 0.05083519874933559 0.08873743573346886 1628817.1392021033 0.04479434480627191 50485648.67835155 0.05525776705493765 0.08846731038987908 0.05484587110845306 0.08878789744699521 0.048599475247507275 0.08373253715755474
300 505136.0 0.05084820338958496 0.08876296873612376 1628208.2151685236 0.044754192910435864 52121848.33353729 0.05525762515546165 0.08846714747739254 0.05485955205917908 0.08877724292553822 0.04859328196609559 0.08372825598774673
310 522926.0 0.05084832706603425 0.08876948240458074 1635911.9420321751 0.04471655050808957 53764694.679589786 0.05525760611682058 0.08846713428287951 0.054872351354129004 0.08876727167602376 0.04858211312246368 0.08371772030457822
320 531512.0 0.05086580521399558 0.08891949596728792 1635540.5054518057 0.04468118946346123 55406801.23251673 0.05525760611683458 0.08846713428288379 0.05488435306013194 0.08875792160147095 0.04857981655287509 0.08377629892108648
330 550815.0 0.050884366010575936 0.08894497936872327 1633831.190327537 0.04464790848028162 57046957.009994455 0.055257606116834175 0.08846713428288383 0.05489562958752479 0.08874913648610575 0.04857846719655971 0.08377621494598732
340 567250.0 0.05088907424439539 0.08896515008757708 1634056.1866998924 0.044616533015803386 58686979.47947115 0.055257647537641515 0.08846785598087539 0.05490624546382373 0.08874087932527217 0.04857173051687302 0.0837818974835504
350 577459.0 0.05089022483044364 0.08896723906429006 1637340.7622043584 0.044586900632685056 60329748.96444159 0.0552576475376415 0.08846785598087538 0.05491625691891822 0.0887331008824119 0.04856345867709536 0.08377292780393525
360 589246.0 0.05092411964073726 0.08897386082569088 1635311.6905001218 0.044558840722768424 61970353.763089895 0.05525803465749486 0.08848408947091523 0.05492572184250493 0.08872579156750862 0.04857097588880728 0.08376725830459929
370 597602.0 0.05187210370445152 0.08933658184399902 1548838.5916293042 0.044649165586343735 63518215.70149109 0.055733032143571164 0.08862546703368317 0.054944921335252236 0.08872232507922195 0.05002083736701469 0.0842575871408514
380 617353.0 0.052392876679075356 0.09228321454052882 1503531.27875186 0.044653033440340564 65020143.64441309 0.054207792771033825 0.08865855845444315 0.05495357431487602 0.08871984391261324 0.0504786480831065 0.08690143461492095
390 634774.0 0.05242150185253305 0.0923509680298716 1503468.2476347075 0.044656707901637546 66522088.6867368 0.054207792771035 0.08865855845444287 0.05493450061810258 0.08871827650959092 0.050462277242268205 0.08690479313923137
400 648324.0 0.05294384541818853 0.09373787999597766 1459901.8972922277 0.044670696806621384 67975085.53296636 0.054246256877259834 0.08876315187347862 0.05491666598929459 0.0887175697756897 0.05087222982399538 0.08814007676752475
410 657537.0 0.0529804715917268 0.09375638738302589 1457937.5795945816 0.04468401957327266 69426382.01077893 0.0542465463179029 0.08876317004671112 0.05490035926171344 0.08871867913868367 0.050860531607877894 0.0881464478846933
420 689319.0 0.053022763589869196 0.09382675266781725 1455245.621938191 0.044696722676358755 70875205.32461621 0.05424654631790671 0.08876317004670808 0.05488482926304817 0.08871973592984822 0.050852575575275644 0.08817694516267538
430 701391.0 0.05302950028212379 0.09406041121401738 1460687.7412758404 0.04470884836566821 72329961.93665418 0.05424654631790671 0.08876317004670628 0.05487001991397294 0.08872074368197948 0.05083294342838059 0.08828713619271211
440 718588.0 0.053089474230737455 0.09414648724007503 1456473.0561264642 0.044720435135452805 73780627.9370575 0.05424654631790286 0.08876317004670456 0.05485588219070607 0.08872170573106619 0.05085825510327796 0.08831658679533098
450 732010.0 0.0531417262640905 0.09416098152142319 1452497.5796857725 0.04473151813263807 75227442.30878095 0.05424654631790307 0.08876317004670425 0.05484237141747317 0.08872262511722225 0.050862605796247934 0.0883241064974497
460 748700.0 0.053159359709583874 0.09419157810033106 1466087.862072875 0.044741864278361576 76688655.25620578 0.05423777941459278 0.08876114867928729 0.054829351709203646 0.0887234826930525 0.05084778111121357 0.08833519208920364
470 768875.0 0.05316631612637528 0.09429613410271431 1466392.082379393 0.04475182889397015 78150368.44373731 0.05423775364072379 0.08877313448335494 0.054816791678431134 0.08872433329065439 0.05083238036453698 0.08842395867775707
480 793680.0 0.05318083790271199 0.09431661873091836 1466722.3372069083 0.04476136150766552 79612627.57733063 0.05423775364072518 0.08877313448335526 0.05480475346558898 0.0887253478684652 0.05082034844754468 0.0884338654179693
490 809562.0 0.05319127692958896 0.09432246973523604 1467108.6383456716 0.044770512816813074 81075466.7787146 0.054240234608486884 0.08877433261877206 0.05479322886666393 0.08872633163894295 0.05080663565817253 0.0884370991451146
500 825548.0 0.053196130623629614 0.09436340393264618 1470773.9732080714 0.04477930525109209 82542250.9580839 0.05424023460848901 0.08877433261877452 0.05478219105711951 0.0887272897423328 0.05079101240079768 0.0884534543312643
510 836705.0 0.05832606831871599 0.09447624316599507 1118870.3168153253 0.044879415001017116 83537053.18139066 0.05514391681551664 0.08842526669650586 0.054775468303505645 0.08872666667648091 0.05457283962581347 0.08852880030719176
520 846244.0 0.05834479748963523 0.09448685129851384 1118143.5001759767 0.044975747024529875 84536450.02816033 0.055143916815516524 0.08842526669650558 0.05478254025191277 0.08872088164807444 0.054588410578379536 0.08852838251051694
530 856759.0 0.05835487072271395 0.09449876066309684 1118442.0210830732 0.04506574212195216 85543611.56413597 0.05513270414107465 0.0884225080117064 0.05478926134262943 0.08871529241738957 0.054603134308044816 0.08852907897930434
540 880804.0 0.05846491602238919 0.09467602679300265 1112899.980090711 0.04515246467037728 86548111.28455737 0.05513090716899769 0.08841992106774177 0.054795583065749276 0.08870984225175453 0.05464486738622388 0.08860241296044036
550 895483.0 0.058602765312084804 0.09475967707280855 1106165.4251270348 0.04523608998493005 87548178.57948379 0.055130907752667054 0.08841999115892651 0.0548016688068875 0.0887045810331059 0.05471394567802761 0.08861683680551875
560 909918.0 0.05869872988378943 0.09478786325027372 1101380.89223871 0.0453167718650757 88546274.00357598 0.055130594972952605 0.08841966428125037 0.05480753484146226 0.08869950552886595 0.05475744619609187 0.08862381506592458
570 926539.0 0.05872717443116304 0.09479201126570819 1100980.8328376643 0.04539467161142323 89548019.66302674 0.05513059497295032 0.08841966428125003 0.05481319263711005 0.08869460463135949 0.05476788749563747 0.088621025224235
580 941796.0 0.05875641555161414 0.09480716378762132 1101037.4123769423 0.04546993068840305 90553776.69753416 0.05513059592421721 0.0884196723193063 0.05481865567706222 0.08868987248095164 0.05478666437415717 0.08862259069351484
590 957484.0 0.05881659924040464 0.09489988677962209 1099088.8763966393 0.045542681129483537 91560689.520333 0.05513058944861417 0.08841889468448849 0.05482393374426278 0.08868528740825343 0.05480846479842196 0.08866054011228061
600 961843.0 0.058819336381478654 0.09492682486867504 1099489.8204046942 0.04561304631020073 92571642.77929275 0.05513058944861416 0.08841889468448817 0.05482903616862806 0.0886808549170094 0.05481509427577135 0.08866562521619978
610 986533.0 0.05885415855402891 0.09495759153817339 1099565.9820202936 0.045680965937276906 93586156.64543231 0.0551305311945346 0.08841155887299594 0.054833971219945946 0.08867651996310807 0.054832794488278554 0.08867293961627414
