1 2158.0 0.04701365005442946 0.07910982468593847 1738893.7678899437 0.04701365005442946 1738893.7678899437 0.10457982615218761 0.14994683456880475 0.10458529734833887 0.14980547649970447 0.04701365005442912 0.07910982468594206
10 12086.0 0.04703635517019134 0.08017215704163654 1777974.2173721786 0.04702076405336611 3516885.966011059 0.10458071947653044 0.14864065701794466 0.10458137020545356 0.14930765534503973 0.0470338591178525 0.07980708670041116
20 26912.0 0.04707071555541988 0.08107754615779368 1787959.4060791023 0.04702315334439389 5304854.457029573 0.10456734972384397 0.14885831548770315 0.10457709829632696 0.14908845726770212 0.04706564227468205 0.08037264333894112
30 33369.0 0.04735520792874967 0.08237103897711423 1807140.6170802847 0.047095332022638894 7112683.291674613 0.10464773202345577 0.1490706093290837 0.10459470882504712 0.14907491402031062 0.04726646151444596 0.08147489868626408
40 48509.0 0.047443296378790085 0.08252420829869517 1904305.2686946434 0.046955376064570856 9013464.113824563 0.10558476225611604 0.14513912134482046 0.10479020484881205 0.14828564696034252 0.04730991416839956 0.0812613856788941
50 68124.0 0.05149131688117598 0.08462333154774188 1503177.720871905 0.04751813448300123 10483382.357010268 0.10557469359618167 0.14486671207584895 0.10494595772806543 0.14768280249879862 0.051119428874754874 0.08182096820436291
60 85418.0 0.05169059402012998 0.09819467777132818 1525807.3027655608 0.04791731935899259 11989830.695525236 0.1059123304067031 0.14552626106538258 0.1050588306573692 0.14731934339548444 0.05127639489790514 0.0946598299459489
70 99626.0 0.05633764455434456 0.09960265482954238 1205419.4956879003 0.04829602116465119 13125186.398845585 0.10617890843050626 0.13220169984484598 0.10521209147164805 0.1464753859473352 0.05438167437584322 0.09562405163725057
80 120913.0 0.056902011556584586 0.10108520549585771 1186915.9736895612 0.048585668912052196 14256968.35214166 0.10619609983757904 0.12733877713701297 0.10533147386517941 0.1444392874634552 0.05508758133950904 0.09554780716618252
90 136609.0 0.056969616311772296 0.10137079229762222 1197591.7789596154 0.04881860438997416 15412586.724599294 0.10622467165601454 0.12735120870341357 0.10542778904869553 0.14256031966437366 0.05526056355349282 0.09470786837900633
100 150449.0 0.05908611551686223 0.10703313723728287 1081524.5305784072 0.04921847696319747 16407293.292688347 0.10605229826881844 0.13023909485683213 0.1054973069087675 0.14130953725627365 0.05691698508927451 0.09816447624764296
110 171661.0 0.05910190270657188 0.10736347775577583 1096973.0835251904 0.04955173248143261 17437525.7733825 0.10603144241790272 0.1303257652020395 0.10554632291632669 0.14031199913152764 0.05701545120775731 0.09782815405317771
120 196481.0 0.05914169896318611 0.10929353522476068 1096992.8380229014 0.049833573769856275 18479314.05096067 0.10602838103730577 0.12656879049418046 0.10559424805234445 0.13927232138942763 0.05712369451058763 0.09853838044488882
130 218069.0 0.05942062139705799 0.10933827102459524 1100821.5624618137 0.05007583383832228 19534388.528688494 0.10604592557554268 0.12656856938739006 0.10562788983743132 0.13830258399816783 0.057341870654170894 0.09801478968957028
140 233978.0 0.05948104997636326 0.11078857371613599 1160453.4132327598 0.050278558675127275 20667429.749509044 0.10605853917248298 0.13001674242467418 0.10565811388294176 0.1376410743766668 0.057416040628284405 0.09772032332420294
150 253188.0 0.0633085034548941 0.11688235297212002 977478.826609857 0.05027849393236149 21644931.67800729 0.10744155704936503 0.12974328517553035 0.10572600583752347 0.1371404516240091 0.060466860582287986 0.10017483253905587
160 270015.0 0.06374478505348907 0.12115745602182634 977307.5855123192 0.05019805306190686 22653056.456704073 0.10705026519824276 0.12969264572963468 0.10581306511655371 0.13666988866173854 0.06065715911157456 0.10131039645771574
170 282634.0 0.06377370055060273 0.12143049448147 982933.7102388617 0.05012776469510024 23662660.42806326 0.10685499563318553 0.12679180512865695 0.10588220084791833 0.13621418265791027 0.0606700391363033 0.10114918489392287
180 303856.0 0.06452960562660827 0.12453046206995091 951070.1356400361 0.05021697245453303 24582154.241912086 0.1067842664261937 0.12682461811818152 0.10593452472560458 0.13569532013011187 0.06146050344010111 0.10322864786377042
190 328248.0 0.06474465878271653 0.1250748225538767 947165.4712726203 0.050287712872227296 25503821.794748947 0.10672720435150423 0.12649194995655294 0.10597773756791015 0.1352221069653575 0.06154331058225799 0.10329775566128592
200 350233.0 0.06580380037360452 0.1261211311439858 903259.1844682887 0.05037166371086116 26373272.619298697 0.10616700773579936 0.12659900634693988 0.10601048012772377 0.1347860176163724 0.062212817146828775 0.10369875099231649
210 364721.0 0.07069705762765938 0.12620685672117712 731266.1089551236 0.050495499391554774 27030129.20050099 0.10644398806249748 0.1266855951678825 0.10602710388882411 0.1343993793202812 0.06583373037363595 0.10362656773297878
220 387486.0 0.07248129728752714 0.1341250757566288 687462.5607596925 0.050762951221967126 27560856.908437334 0.10671300857656962 0.13189334105300562 0.10604321274163 0.13423898862314873 0.0665058765766359 0.1057892630167351
230 401843.0 0.07249568426203998 0.1361436148801408 691402.2336725824 0.051007835090573855 28112850.559582382 0.10672266119521186 0.13400879811103728 0.10607250093402916 0.1341502287484703 0.06655702544953813 0.10606621998442124
240 407162.0 0.07515332268915864 0.1453960781228982 635508.0838466001 0.050871921283266126 28859237.692380626 0.10644857636815802 0.1336777402373744 0.10608845377208886 0.13414183117937775 0.06809451431764613 0.11032690717501463
250 419665.0 0.07615906206619925 0.14597776508055574 615408.1697225216 0.05079669638496181 29536941.153737497 0.10853832993116885 0.1342823785958653 0.10614532417550948 0.13414108904959454 0.06847943721276006 0.11052020896612247
260 437026.0 0.07634973107984075 0.14631287641430205 617197.9186901344 0.05063773758940763 30293440.46568832 0.10831381899413792 0.13472838779720672 0.10623197661802912 0.13415754581070924 0.0686920054772628 0.11080532368934896
270 452353.0 0.07695600783838331 0.14642512041536024 605205.4313471423 0.05046008349873244 31062306.56911063 0.10835008893705103 0.1347077575172489 0.10630827276642903 0.1341779864248468 0.0689366132875495 0.1109324176097786
280 476982.0 0.07707277982620411 0.14654032919193824 608999.8660712265 0.0502523398269064 31869289.103039723 0.107552276760087 0.13470281583532587 0.10637392808794906 0.1341964305679999 0.06912163774362204 0.11110416498310478
290 508292.0 0.0794973917329138 0.1475345962719945 567106.7669039719 0.05013114452594423 32556467.23447002 0.10522103301067633 0.13476298504455173 0.10633085644889659 0.1342143716327139 0.07019799363855138 0.1116681502703237
300 521959.0 0.07953440709923731 0.1475966566458825 576573.3084951182 0.050011057949644104 33251767.585253514 0.10521826477886422 0.13550544418658123 0.10629389345128584 0.1342572669537063 0.0701791168458522 0.11176522130302302
310 532584.0 0.07981772999229565 0.15045438791277646 571759.6568590527 0.0498978672331455 33937496.61832317 0.1052728448485229 0.13544429318112908 0.10625984686919326 0.13429856597669435 0.0703279851491876 0.11355811687274725
320 549416.0 0.08010347516060062 0.1536071055261257 567325.6520195468 0.04980001536316631 34604410.48808816 0.10526690558324969 0.1365096764995678 0.10622870311126628 0.13433832703432666 0.0704298333900423 0.11591760057884755
330 563412.0 0.08192835847502006 0.15545089275301177 535649.973125236 0.0497180979297834 35228308.28680692 0.10563010542743692 0.13551111894456155 0.10620493323298198 0.13437484669893207 0.07159337493388017 0.1171150916196042
340 583151.0 0.08246542610562832 0.15645396942385692 540551.4360938818 0.04963951712008943 35853394.16491437 0.10636056811023394 0.13523780637499427 0.10620611340152256 0.13440000782252842 0.07179021763239643 0.11772185482789567
350 592316.0 0.08314047346793949 0.15822736851928415 534978.5458183694 0.04957050670140509 36463545.962262616 0.10630087837160287 0.13527111718887913 0.10620946464150985 0.1344254585352025 0.07177716908487919 0.11724106401413657
360 606608.0 0.08338429514029048 0.15832347914673087 534072.623076731 0.04947042025319977 37110477.8882684 0.10616180592362062 0.134772617493546 0.10620997474024754 0.13444475929879762 0.07179468664657898 0.11725586285761593
370 632946.0 0.08340864092047527 0.1586025039371782 537551.2983970055 0.04937567148500416 37755037.937005915 0.10620530192060519 0.13477681531858832 0.10620984835611118 0.13445360878579848 0.07178526399163648 0.11728916812166511
380 645140.0 0.08341559417227312 0.15862505714219485 545136.7881777998 0.04922020039309766 38484523.838416964 0.1059034978499403 0.13468373640148407 0.10620418583782162 0.13446104016471236 0.07175844714513348 0.11726733415451386
390 665333.0 0.08533121784153723 0.1599352728491098 510888.6623723765 0.04912090043258103 39117178.45425706 0.10562941659392312 0.13444893652536022 0.10619328061171525 0.1344661920241246 0.07257849249862242 0.11787013666020695
400 683397.0 0.08599578842687697 0.1610032547709544 503747.40491402475 0.049091823059292924 39655367.65519244 0.10131767045465923 0.1343616448044593 0.10610420320226052 0.13446509934539624 0.07280519857418101 0.11771484315859046
410 695016.0 0.08610366050590182 0.16196664724622875 503783.78883905744 0.04906420767184291 40191932.553782724 0.10131805788774585 0.13346405319476803 0.10598775559692493 0.13444059609825468 0.07273327430201691 0.11820559223636606
420 700902.0 0.0861383465487556 0.16209516351686118 504830.4558276205 0.04903711403086089 40728948.60868983 0.10132140743617012 0.1310857172723371 0.10587686802414965 0.13439479537414853 0.0726306346543955 0.11821115778866581
430 709866.0 0.08749803516950497 0.1626368173218475 484424.09469345893 0.04903713732051822 41213344.46642775 0.10163420232781178 0.13120912529295 0.10577770465431033 0.1343205956528825 0.07326904949279732 0.11837236094449236
440 726810.0 0.08863948904248592 0.16819081270491296 467346.69766186684 0.04902227989601751 41699648.704287425 0.10149089409728804 0.131866758898889 0.10568018815189478 0.1342634913783173 0.073428918103426 0.11993984346245226
450 746146.0 0.08887854810749435 0.16906819525340416 465653.6397944188 0.049004199363819 42188568.89582976 0.10151037535751048 0.1300180050080173 0.10558820165630901 0.1341813486416824 0.07347764280061199 0.12050474239889199
460 757650.0 0.09106358544700292 0.17047686363412246 436518.1971113981 0.04906762524448174 42544581.13254195 0.09958262895764244 0.13011461922457646 0.10545988249473807 0.13409149267350673 0.07491114971432576 0.12156231892401942
470 769656.0 0.09204395202752266 0.17170988402543044 429906.9334278777 0.04911880067776008 42908197.16161964 0.09966581957821509 0.1321862176201464 0.10532144404443364 0.13404668230945754 0.07467778833479007 0.12173086536191767
480 787197.0 0.092051447381521 0.17171384063332318 432492.8714557513 0.04916799470845813 43277618.53397971 0.0996497838404129 0.13183974944974122 0.1052037771802469 0.134004287831534 0.07456207995809641 0.12167322282206551
490 809643.0 0.0922531868076669 0.1721565548152622 438502.09442578437 0.049153515790670815 43735579.32529595 0.09759362393383803 0.1301390594927614 0.10507954043697654 0.13393614256316247 0.07444217530890047 0.12162309170572634
500 824287.0 0.0924561257152607 0.17252020481911884 440908.02059379895 0.04911393555868045 44230893.00735748 0.09914066573555301 0.13053037478489599 0.10495658268093236 0.13386712481684468 0.07442395879554566 0.1217282679749372
510 839298.0 0.1394639075990525 0.173211270560408 128991.66553939483 0.049903433251865276 42927519.34492964 0.12549015567398963 0.13059027705194098 0.10504902977678501 0.13380278687687966 0.09408376659793138 0.12229182880490402
520 850939.0 0.13960853763486442 0.17428447843533493 130101.03670407244 0.050662684882081754 41760992.5420311 0.12612522129768133 0.13116514962386946 0.10544809358570209 0.13374432139691259 0.09449766422680178 0.12230887264381672
530 866348.0 0.13977169166928516 0.17439292564089892 130474.99935956833 0.05135690146785281 40751912.26979162 0.12744434924559722 0.13066323761688353 0.10586017906653666 0.13368836871514322 0.09486581283369293 0.12226266826326235
540 885805.0 0.145821938519348 0.17458277887708618 115158.53711789304 0.05206025686621362 39720234.9727241 0.12818399139142223 0.1306712960198023 0.10626722730498107 0.13363251387141414 0.09830504073139427 0.12221859017763569
550 905903.0 0.14603612662739202 0.17497772118571514 116262.1912950958 0.052741187899767686 38784868.90465431 0.12817254686359608 0.1307478865374846 0.10666507571450805 0.1335794852883163 0.09874666385520355 0.12239128262904819
560 916675.0 0.14688506766615156 0.17625869715539416 114950.39816277538 0.05346805883797469 37854095.18933304 0.12631832168598275 0.13194152079062405 0.10703856118661458 0.13354816875671568 0.0994771556898385 0.1233807619060548
570 936247.0 0.15782434033926818 0.1892084676161706 93850.36171697036 0.05428545686460519 36773680.623390496 0.12710059167508408 0.13148304538185657 0.10738181117888078 0.1335182479889161 0.10688128469296189 0.12865213677704676
580 959919.0 0.15787172035643068 0.19026364259799153 95124.91040595266 0.055073655852968556 35801905.55820176 0.1263798081271551 0.1319398189231736 0.10772005032392774 0.1334848258597249 0.10723306470280353 0.12876197373776768
590 972842.0 0.15800830635970428 0.1907188265431037 95574.31949515152 0.05583342899708253 34921673.480945684 0.126317224701303 0.13189049165871183 0.10803545167468176 0.13345834098715803 0.10752201522096297 0.12858315769362266
600 987399.0 0.15927847573174872 0.1965840292359767 93655.04415871485 0.056592128167078544 34087443.342162736 0.125877864275685 0.12931523617038837 0.10833640542432624 0.13341063588776667 0.10824510171764883 0.13327527049117244
610 999613.0 0.15962459877752336 0.19672247600703635 93309.5585642697 0.057323862907513935 33325009.91094178 0.12585612349754782 0.1291204724017879 0.10862320562911446 0.13334248325359868 0.10859495494407782 0.13334940458286074
