1 1361.0 0.14162337241283393 0.14327422671312787 65338.190325186486 0.14162337241283393 65338.190325186486 0.30195292232074966 0.37616583799818243 0.30195292232074966 0.37616583799818243 0.14162337241283346 0.14327422671312837
10 21452.0 0.14226838526546257 0.15282007893240082 66681.80854309637 0.13733603178421008 132269.72747687262 0.30302636646481473 0.3793149605844046 0.30257818327268926 0.3778041409751561 0.14172131347676714 0.15126399311368632
20 37175.0 0.14256807822771705 0.15884412331246928 67569.76045499888 0.13556749863360326 199926.134798752 0.30590076676275346 0.3854336016141879 0.3031947566660086 0.37907495682354775 0.14166274419262917 0.15674602963856926
30 50350.0 0.15073466875560204 0.1766934442555173 59526.93143448612 0.1370290099311768 259025.45400242542 0.3059006827115906 0.3789998714725617 0.3043820775027229 0.38053549534833603 0.1477540241745802 0.17333458835254076
40 63689.0 0.1507475091927919 0.17683856914738907 59944.73698959249 0.13790591670972097 318753.2661073826 0.30404148737353465 0.3783921936627921 0.30461799078716834 0.3801520332805684 0.1477734478453752 0.1734150496127112
50 85246.0 0.15110836128279684 0.1802540882330125 59825.310033061825 0.1381380123249549 378496.1187218318 0.3041488533504188 0.3781784224445015 0.3045145992391573 0.37979013268669704 0.14803624215760994 0.17562480021458599
60 99744.0 0.15117564937960787 0.1803942428423414 60739.86256434418 0.13828337774496383 439200.87948694295 0.29982439835453434 0.3721885698071686 0.3042864566689045 0.3794129814180897 0.14804184808713047 0.17535043944234846
70 116539.0 0.17199568799459655 0.18608463296344946 41865.28455378756 0.1397562634756164 477314.9551607204 0.3080502910565232 0.3684379090807577 0.3042025295171259 0.37830417281145307 0.16058626348099572 0.1786136849129322
80 137900.0 0.17585284092079478 0.19174208474955642 39282.69745195525 0.1400261213037923 515696.87326461426 0.31565086330290554 0.37305584251909624 0.3047250047851372 0.37720070370218345 0.16362732523146264 0.18258693053251424
90 165302.0 0.18507825320353896 0.193222269546154 33972.03207220077 0.1417107865171347 543641.0265914928 0.3170409875987572 0.37480588209433663 0.3060569908229239 0.376736466502333 0.16956113678885407 0.18320104209946406
100 183260.0 0.18551173067849824 0.19556769865742932 33929.44587479526 0.14272989895715948 573834.2886750938 0.3171811314996794 0.36629422993906785 0.30714652300380474 0.37637542304667077 0.1701590392826194 0.18431406458877583
110 207429.0 0.18554345712591971 0.19583205097319317 34039.76031813805 0.1435625536026186 604908.6844899973 0.31203408967255114 0.36245012999166804 0.30778712746849146 0.3752210849692585 0.17068642511453916 0.1842048540091455
120 223975.0 0.18630113233757378 0.19642049257162733 33802.3240329866 0.14378125706637793 637848.1756068639 0.3120053866983098 0.3626944276249403 0.308099042575467 0.3741729187411709 0.17157206104793488 0.1846546924614483
130 245930.0 0.1866445684165797 0.19769615459344142 33768.06600859838 0.143840104241633 671377.8243528355 0.30854396588388733 0.35908164184133107 0.3083040090797337 0.3732060813235661 0.17191462794173623 0.18548029398495167
140 266266.0 0.19169919185464676 0.2045987471397074 31863.49178314877 0.1436029808082857 704399.9081157623 0.30754015973136534 0.3646398281234322 0.3081901371820833 0.3724290241785958 0.1734571195444158 0.18861408836434565
150 287359.0 0.1920800032579736 0.2135088903290187 31810.429925606186 0.14335297331446625 737455.5519329924 0.30716695893563106 0.3673629389130909 0.3081527232512163 0.3719753234076069 0.1734788575540699 0.19545298393585708
160 311573.0 0.19212277830907692 0.2136932203785318 32575.908032591553 0.1430705280217367 771399.6999866298 0.3104993713283863 0.3652798370228913 0.30828643740392225 0.3715592024255016 0.17324754993847763 0.19549459417843826
170 333357.0 0.1947230503624734 0.2141305377601347 31514.465656816836 0.14294400341300179 803555.2494128525 0.3054448656803589 0.36532606424092906 0.30828216054723734 0.3711928190502869 0.17455168729034692 0.1956735375853906
180 348878.0 0.2043027496113743 0.2162076596708182 27388.936083638368 0.14254059993315277 833774.2090981245 0.3042620831337066 0.3653247070233836 0.30809926128485 0.37086898095527715 0.18058699005444004 0.19726867348929716
190 367053.0 0.21090928752426075 0.22416129031378382 25698.97503121698 0.1420277665219462 863549.511441343 0.30958629537103965 0.3615617307824004 0.30808806223714885 0.3703024161512738 0.18457014580545142 0.20141143094164368
200 384003.0 0.21217201514469164 0.2304953563821307 25973.44246302528 0.14159469258303448 892944.3434595625 0.3076803295764296 0.36200664186786347 0.3081081958672231 0.3698816309426594 0.18480863690700094 0.20452384704443896
210 407497.0 0.21226528610142759 0.232922199145611 25990.063786056104 0.1412196866967764 921917.2901538514 0.30678841737952167 0.36426865975758943 0.3080732536101325 0.3695402633108147 0.1846830797779816 0.2054825168695849
220 419132.0 0.22005980764545593 0.24249584876749247 23382.66787460471 0.14119110179691904 945546.094093048 0.3048491495980581 0.36425978754942095 0.3079601731754862 0.36929181617171963 0.19056368880789404 0.21346177299587155
230 435809.0 0.22220623649474047 0.24310869914496497 22725.25847342988 0.14116480693900066 968506.2787154153 0.30338700595875795 0.36109302873555216 0.3077981845889979 0.3690605766074861 0.1916114955717538 0.2136760295111572
240 462232.0 0.22645289406636382 0.25154293598457195 21649.2244185123 0.1411291262193445 990494.621744303 0.3042563405594739 0.3669987032213438 0.30764745834297963 0.3689459311349649 0.19503103168135943 0.2190054008760505
250 477382.0 0.22754749381168782 0.2528166603118453 21469.764446940026 0.14121444989065168 1011166.6833891243 0.3063308957822929 0.35863531730135156 0.30746059818658594 0.368549001507365 0.1956358101454389 0.22006810727185674
260 504268.0 0.22982345144580274 0.25368836620895646 21228.77259408389 0.14122924278037538 1032253.3258793622 0.3046171117975838 0.3544649760051406 0.3073862366422072 0.3680826618033178 0.19748268277192568 0.2205000034241746
270 517950.0 0.2349333419740046 0.2559240648260528 19882.902384576355 0.14117668930693494 1052689.3509030892 0.30608059371254914 0.3541632901829719 0.30726748445253077 0.36756736749646446 0.199362065422294 0.22102003848464774
280 534422.0 0.236919349789556 0.2561110374330222 19474.972305658823 0.14113084896614314 1072658.024088649 0.3060465320424823 0.35284963282599 0.3072250524741108 0.3670666369806681 0.20017799244347192 0.22082486487745018
290 554472.0 0.23940623157494037 0.25994843661002265 18908.066743367654 0.14102460933732547 1092765.259257745 0.3038802614262873 0.35408481507323214 0.30719231195668967 0.366610895475962 0.20031074035303648 0.22199955230207186
300 575311.0 0.241530114809437 0.26271040971628046 18485.953341707696 0.1408618109453699 1113163.8475561626 0.3060588728885172 0.3506116952466394 0.3071554414004778 0.3661600611394279 0.2019501053305832 0.22483707522452132
310 596485.0 0.24176394635610304 0.2638504896195165 18521.05817930942 0.140708808891368 1133487.2402233856 0.30609373986545135 0.35162479862472423 0.3071211577973362 0.3656908420061889 0.20201959186821353 0.2247623620636313
320 613394.0 0.24446007894322758 0.26558824400780995 18004.9458117504 0.14062027153988466 1152555.1454747298 0.30676365870414396 0.34722973769440185 0.3071004542269526 0.36519246684479023 0.20280366846086056 0.22498503540577014
330 638307.0 0.24470662316827105 0.2684083656005638 17981.884963006738 0.1405253805199484 1171683.9391578091 0.3024070398597169 0.3472190572722832 0.3070376175099234 0.3646495241739217 0.20270855525766587 0.225771088761618
340 658456.0 0.24591613703332477 0.2706127798395214 17834.833737354526 0.14031808003039614 1192131.2241147016 0.30077262806222693 0.3475343107974822 0.30688215818365255 0.36419254676797214 0.20321210830492237 0.22664329163012642
350 681170.0 0.24634826553235034 0.272319730220029 17828.41897578962 0.14012554668714566 1212398.7516990076 0.31185156827129606 0.3488494714685826 0.30680351105925424 0.3637496771455018 0.20322086300374423 0.22698752337998282
360 698775.0 0.24961393344929686 0.2829395493153003 17218.94214046196 0.13999713427911603 1231286.1155888527 0.3125997524963645 0.35458849134492954 0.30694132688255843 0.36341002435280817 0.20528555054848685 0.2316812396626527
370 715461.0 0.25450006951983595 0.29652449617699367 16692.62425717168 0.13977551104210467 1251035.8970763038 0.3107211822143396 0.35275410563518805 0.3070537448530986 0.3631483076107669 0.20752998012389992 0.23962658735863415
380 724470.0 0.2562906428545607 0.29953606881987327 16403.592397212993 0.13954295712544368 1270737.906350835 0.3122882423345108 0.3539304414304318 0.307189352832266 0.3629093652391542 0.20881764113004783 0.24146083044566047
390 741248.0 0.26253479960461795 0.3013811951865177 15538.206801680388 0.13926451588118618 1290498.100388061 0.3171149500455873 0.3521746239752811 0.3074405357511763 0.36263494903258453 0.2100342462801814 0.24242037492424515
400 752384.0 0.2651670604208659 0.31570086799114544 15201.428544598153 0.13895731677337003 1310525.3481822151 0.31984564738295385 0.35623733760263065 0.30767430498062304 0.36243834193058205 0.21081101076003342 0.2484890373702589
410 773782.0 0.26992122953385944 0.31977739695317586 14567.056285745213 0.1387536688796263 1328353.876746837 0.32000139489690527 0.3562000411048127 0.3079710248995874 0.3622870752765451 0.21369378560900348 0.2509365530897015
420 796789.0 0.2707982843245433 0.3199903582815957 14436.695392819605 0.1385568963104217 1345984.0332560334 0.3186560232727892 0.355908016110753 0.30822483928803596 0.3621357323172928 0.21394916362863667 0.25114996472251344
430 808347.0 0.27762938485790334 0.32105988131778224 13686.338484923093 0.1384275886148774 1361834.2087354148 0.3224206817362177 0.35847311340835214 0.30854860091968356 0.3620586082567673 0.21758527327704547 0.2516414282928563
440 831207.0 0.28034073960435923 0.3280484845445673 13352.966606236561 0.13838742378618563 1375859.869488611 0.32519133166252145 0.3556506888915213 0.3089235457827281 0.3619286524152633 0.21917288399358592 0.2543301759873033
450 843232.0 0.2820799257175225 0.32857433959596216 13131.99277048012 0.138190453106122 1392469.557512608 0.32672725949598586 0.35544898299319855 0.3092216439393793 0.3617872291649061 0.2197578088711047 0.25456178770581256
460 863760.0 0.28370784975251456 0.3295780019833856 13053.615553524727 0.13812074113370967 1406729.1747590643 0.3257791088387638 0.355177175503462 0.3095954476404863 0.361647158878226 0.22046048737554952 0.2548371787626164
470 883170.0 0.2980270709411343 0.3388223085085831 11495.865675030758 0.13823375039875826 1416178.4931785138 0.33678265904984217 0.35809800430845157 0.31001926135428887 0.3615447087976348 0.22486024002027885 0.2600545566441278
480 901772.0 0.29969534299709505 0.343037098636562 11312.387024510334 0.1383526372282716 1425326.8705596104 0.3369848147993165 0.3582001389241301 0.3105790352065784 0.36147475044427474 0.22573508145762536 0.2614602654736507
490 910478.0 0.30301585017852045 0.3462589931238444 11095.138473628755 0.1384076202306616 1435397.0572591368 0.33945703903520735 0.3590107011475924 0.31113242208826924 0.361418153194695 0.2265456657518255 0.26184200058846635
500 921541.0 0.30302465377994514 0.3462965228192456 11221.612514779808 0.13846044703687946 1445642.806986374 0.3390754158588517 0.3584977760979797 0.31169267982480153 0.36136239652290836 0.2266241611063922 0.261862063423151
510 942879.0 0.3049078054662473 0.3474553342794245 11025.463566242188 0.13847861113626184 1456326.457791812 0.33899831688161686 0.35599760894873056 0.312227102042649 0.3612729531477484 0.22823123483225777 0.2626662807030752
520 969009.0 0.3144832189160838 0.37087284669155596 10062.127018053638 0.13859226174143108 1464177.8514673267 0.3353848736585613 0.3572746176737336 0.3127292592446761 0.36113609961985677 0.23072790020936707 0.26738698289317714
530 996142.0 0.3184278467524295 0.3767820621411228 9720.62545004541 0.138501675772635 1475772.9689203678 0.33420007369084415 0.3536761681407963 0.31314688869828644 0.3610210337312528 0.23146400548197468 0.26878051588283075
540 1008705.0 0.318877939312353 0.37723432345153446 9692.75598020816 0.13841992991180782 1487162.1059978416 0.33433343981754726 0.35359426714055536 0.3135380340137572 0.3608841632699722 0.23157904830371076 0.2689570593336756
550 1027436.0 0.31899833433413044 0.378886455728872 9699.054651418428 0.13834110354601017 1498500.1693080077 0.3335325137810829 0.3545320182993041 0.31391106397845064 0.3607569231175539 0.23161074469442322 0.26882458561926753
560 1047956.0 0.32715732321085284 0.39035180937646285 9092.748710371015 0.13833628047733035 1507695.2272605184 0.33724680882517416 0.3545536514618799 0.3142901263537438 0.3606461766558293 0.23610614221146145 0.2756453045841496
570 1068654.0 0.3341344974619556 0.39697080536415436 8680.644354655613 0.13831264559022147 1516891.2062169248 0.338510085255516 0.35886905139932423 0.31470261908658065 0.36057495071539847 0.23747583508014175 0.28091781088761364
580 1081285.0 0.34248650330197455 0.3979615117084625 8126.2935765612965 0.13830415823924855 1525207.9200083395 0.3392343419457122 0.3616875482651363 0.31512509511505865 0.3605526608257752 0.23912916074896903 0.28129824396411945
590 1115405.0 0.3431803786255366 0.4117676466429658 8267.014962507346 0.13824265160848984 1534859.586376789 0.3392264832147797 0.3659606632691522 0.3155303501030968 0.36059791236124705 0.2398922728790901 0.28857296483522554
600 1132932.0 0.34822354167191755 0.4150472702196219 7921.949143439385 0.13822851937194622 1543103.3586018484 0.34155172760670555 0.36583895301172303 0.3159518741508799 0.36070097193615325 0.24113034646913462 0.28945818863215095
610 1151910.0 0.34884142552505415 0.415228301343061 7998.475489851906 0.1382608757388215 1550375.3229647935 0.3412025380101846 0.36600081208713847 0.31636744873218736 0.36077951116427825 0.2415584204810788 0.289577580615171
620 1181861.0 0.35545994259287655 0.41700334477807316 7622.370058749251 0.1383108809545493 1556855.193725511 0.3445537523041324 0.36554171231277716 0.3167925995172924 0.3608594303308866 0.24279134166333344 0.2898272603500681
630 1197284.0 0.36153140879169166 0.41719871069769915 7240.75770401298 0.1383474026221703 1563241.370114154 0.3430188502967529 0.36525907452850126 0.3172131469369616 0.3609307881044345 0.2438373194628695 0.2898787883943706
640 1213184.0 0.36185552081262684 0.42323161176361546 7263.722702046687 0.13837019110871704 1569971.7325633024 0.34325264182494536 0.36680706530528256 0.31761842828076325 0.3610331874032973 0.24422757479178117 0.2918485295015942
650 1224060.0 0.3640830750997159 0.430030593812787 7236.6690224885015 0.1383020585288081 1578835.24031918 0.3467898361998376 0.37211805240358437 0.3180588242959547 0.3611648927434246 0.24505844490857057 0.2942664302865306
660 1233322.0 0.391623793637835 0.4322240007908935 5893.865654092574 0.13836273273029645 1583198.9592391741 0.35781113203281706 0.3741844684888512 0.3186055201042543 0.36135996352767324 0.24975858194863634 0.29540994511384594
670 1252901.0 0.394459105549424 0.4333666024138792 5768.222831757655 0.13845638180381536 1586606.5063665134 0.3534222149407398 0.3747394786056044 0.3191427505066533 0.3615653702771414 0.25072038091535204 0.2958037901622693
680 1274106.0 0.3949949876840277 0.4369103547003974 5747.245046048782 0.13848154543420949 1591712.8603416185 0.3503627591775455 0.3752056689984671 0.3196305084993235 0.36176246004069446 0.2513866188748583 0.2977267783625094
690 1305187.0 0.39514181727970454 0.4384729265694819 5775.4232731011825 0.13849939345355786 1597034.2585101833 0.35024134767376963 0.3762617527369808 0.32007444085235326 0.3619646734494405 0.2516488347761297 0.29714806292934787
700 1317134.0 0.3956021008387696 0.4424407556259648 5817.035015063294 0.13851673871179782 1602411.3908828802 0.34890492346701246 0.3761768819674336 0.3205013189755267 0.36218092937518404 0.25177798078338903 0.29917418661046136
710 1342442.0 0.39649913451271135 0.45308247772496507 5861.136532384568 0.13845582087824704 1609835.5056687957 0.3495403903583925 0.37657358776342553 0.32090979342449194 0.362383335577072 0.2528966686733351 0.3077386230281626
720 1360964.0 0.39889448871658906 0.4543399376585901 5763.7788034508585 0.1383276354306021 1618954.9558548362 0.3485662280964978 0.37477620375815673 0.32129654060730795 0.3625597672614787 0.2537415163826837 0.3085508805287405
730 1374437.0 0.40727182591904776 0.4640288911827949 5421.302094890821 0.13823249224661918 1626910.740998508 0.34647240302918514 0.37587983299153926 0.32164984736828156 0.3627394552970225 0.257471420859495 0.3108445091825728
740 1403479.0 0.41452504538059803 0.4656542794876043 5154.441384943875 0.1381386287680273 1634610.7240928821 0.34741945318495093 0.3749886225404016 0.32199947278028934 0.3629188722882062 0.2630666717006878 0.3115238304457509
750 1427951.0 0.4222452918337001 0.4756783090079563 4901.433417979174 0.13810314008092509 1640481.9271162844 0.3471032294078295 0.37150650286143133 0.32233787726235674 0.3631038553833344 0.26641709400753255 0.3158114036241249
760 1443992.0 0.42536360707037923 0.4861557177375455 4810.3404949485675 0.13796979223056285 1649018.967741999 0.34721079535831995 0.37010298620330917 0.3226365835065704 0.3631934885456173 0.2675170155707099 0.31890039631651107
770 1467481.0 0.42832330984529515 0.4864459227628251 4746.288626723226 0.13783986355585093 1657423.0062401788 0.3468544745295721 0.37012058063522674 0.3229529094955959 0.36328326847263775 0.2683190433141565 0.3188594900593245
780 1486308.0 0.43797808704588376 0.48864298552549884 4451.562650640426 0.1377532024181449 1664347.897177727 0.3474772841834102 0.36923080835528316 0.32327018312014216 0.363365436919823 0.2731414612668057 0.3199049006606453
790 1510666.0 0.4431474955646103 0.48938005977243604 4371.702827161624 0.13756055588037114 1674347.9115093118 0.3470426535399034 0.3740686796880106 0.32357962094868775 0.3634660661571238 0.27541582717223956 0.32002905216231237
800 1528899.0 0.4463066657551141 0.4943921258150348 4297.986747823677 0.1373581140257107 1684629.135307159 0.34587353475199056 0.37251487705261604 0.32386955937524275 0.36359515377867513 0.27809542216438493 0.32253160446980744
810 1548483.0 0.453301368591222 0.5050224493252163 4108.560979691972 0.1371873220091523 1693845.646723908 0.3471892963205687 0.3745587384080307 0.3241467117679643 0.36371482594424975 0.28196105713269615 0.3251017798735967
820 1560940.0 0.45455389328690093 0.511394731759062 4093.78842997815 0.1370255849908298 1702800.676679292 0.3438131063727964 0.3742739649924207 0.324394539164858 0.3638410506319685 0.2825312793040704 0.32969964389577605
830 1570960.0 0.45470596620111564 0.511741236810725 4091.837082784949 0.1368674365763453 1711668.8239427935 0.3438921327493677 0.3743169442513784 0.3246286780348615 0.36396676438370634 0.28277950902802856 0.32967603903992637
840 1583050.0 0.4555864716023561 0.5118211866639263 4073.40765029746 0.1367648656182468 1718832.3644113527 0.345052494013297 0.37609934261291855 0.32487015297402305 0.3641089778780731 0.283397646805946 0.32965322963436333
850 1593467.0 0.4573441678416818 0.5387215315777805 4090.0001005868075 0.13654201392723897 1729779.572643904 0.331034963400808 0.3884287385621743 0.32505182792950055 0.3643103116838398 0.2839327213484641 0.3374731057358247
860 1610294.0 0.4633527949239469 0.5426093948745979 3948.304967966939 0.13619297166900024 1744825.086647064 0.32240829362402573 0.3885154390098581 0.3250979052052634 0.3645907862035199 0.28606465327896524 0.33817135369663465
870 1638385.0 0.46482344337322457 0.5540929954853195 3914.604670852376 0.13583557434479898 1760263.5495993881 0.32075486887414933 0.38942400421785833 0.32505029817167025 0.3648597662833659 0.2858563455192014 0.3401779941776187
880 1663103.0 0.46680895243127657 0.5547392356015314 3876.7598940269577 0.13546230317155034 1776364.8382884134 0.31636507315373413 0.3825714212980852 0.32498153817298014 0.365107055221001 0.28628626715647437 0.34045354692595836
890 1684253.0 0.4690048273644649 0.5659415354772661 3850.424980410306 0.1351051117218553 1792043.9592248201 0.3150531279066663 0.383330124302498 0.32487154469674134 0.36531522606559813 0.28623019302262187 0.3404535525775366
900 1705435.0 0.47190310447038814 0.5675986585565065 3787.404371001643 0.13474081957009285 1808084.256579978 0.31012305102698046 0.37068686412490676 0.3247192355161869 0.36540266032062885 0.28836891122195923 0.341309827039338
910 1719840.0 0.47931964698327745 0.5692750176216222 3640.1664339018694 0.13446359820988923 1821110.797975882 0.3129232205346084 0.37082090255976075 0.32458419508024783 0.3654634995082143 0.29048046419360735 0.3417931748008662
920 1741589.0 0.48140063346801293 0.5695030905981665 3594.0833184311455 0.13417621679303082 1834559.9676391974 0.3133501694374585 0.3703899859386336 0.32446157457255875 0.3655173868244649 0.2917737081600475 0.3419463780017105
930 1761224.0 0.5134988423786279 0.5862693729433046 2983.499195478705 0.1340414682399052 1842257.3807546115 0.31714274123278674 0.3779346020881211 0.3243682937218505 0.36563537272873736 0.3056928217865725 0.3475588420507042
940 1770480.0 0.5149479457777266 0.587361316420098 2984.3392870793355 0.13390807910877192 1849927.2513180824 0.31874742902868036 0.37803269372561643 0.3242935092609526 0.36576533372186476 0.3066337675572254 0.3473215638897075
950 1785580.0 0.5174356940796964 0.5893685168637393 2948.1672499605243 0.1338077811716686 1856405.371207106 0.31883531067245774 0.377804028790276 0.3242373713326413 0.3658918960157584 0.3083936093400072 0.3487627027461995
960 1796445.0 0.521533643231878 0.5926605303167122 2891.9720208603426 0.13373688942120127 1861798.5370980517 0.327724154750867 0.3786853687864927 0.3242665617530389 0.36601980680828106 0.309527392288274 0.35034312593711897
970 1809934.0 0.5359339552695389 0.5974428287879667 2681.9046051574387 0.13377272380532068 1863215.453039117 0.33130369960250006 0.3801141900800903 0.3243338656792048 0.36616293353066504 0.3176182049511159 0.35230196611379366
980 1819912.0 0.5380816668179079 0.6058998902601375 2655.307256398883 0.13384443689066702 1863350.140625423 0.33050241059035707 0.38258996211135404 0.32439818848610896 0.3663353043963686 0.318088183565474 0.3550979862808606
990 1830139.0 0.5478402570567857 0.6066454641122963 2518.6570054561603 0.13389014133894847 1864246.1706719208 0.3300239635223457 0.38119979040483054 0.32445610681008275 0.36649590306562957 0.32177187712179983 0.3556011883116271
1000 1844635.0 0.5486165677429236 0.608640384010853 2518.2785045384844 0.1339349407486501 1865176.0620572828 0.3296327726595839 0.3800524334972037 0.3245112500840191 0.36663722099342444 0.3219466776641348 0.35589382836143263
1010 1867077.0 0.5505664374678122 0.6088245354774307 2505.0690861218313 0.13394786225177419 1867221.3211512822 0.3279114313562042 0.3797561791220545 0.32454673413429763 0.3667673408957516 0.32302931385229183 0.35612596888090675
1020 1879173.0 0.5523195026979459 0.6240401345066432 2485.7330535884194 0.13396051321582922 1869256.4870020216 0.3182697007092427 0.37642830952056167 0.3245267359259724 0.36687779550322436 0.322581018514749 0.36140223636241203
1030 1909446.0 0.552825762922648 0.6287378016533743 2485.3815012942887 0.13398568845102643 1870847.114343948 0.31765386796799044 0.37904550073608645 0.3244619010143197 0.36699863520776016 0.3230114500245681 0.3638729397576653
1040 1917982.0 0.5547226988961477 0.6307065757170836 2481.417822717024 0.13400333559749109 1872701.0375060472 0.3154463293307053 0.3772165708867675 0.32438817832519495 0.367111805096416 0.32309475872105087 0.3638951009399165
1050 1934152.0 0.5573137304781844 0.6320784829582241 2465.4262277452676 0.13399195618515497 1875572.9077668197 0.3177847704687777 0.3777830178161278 0.32431666152026306 0.3672109645502508 0.3230168369023435 0.3640362747883717
1060 1946775.0 0.5586506515689157 0.6322266351592359 2452.85150759051 0.1339347982101239 1880082.5270229937 0.3181332680452794 0.3741777910329812 0.324258193839481 0.3672877168374909 0.3229541759946927 0.3640916898553892
1070 1959181.0 0.561108632030119 0.636653702435434 2436.0299069461785 0.13378795393271237 1887881.1397691993 0.31509846960048005 0.3689532057976122 0.32418666139598273 0.36731533319451753 0.3237431311503679 0.3655991788797336
1080 1980258.0 0.5614018053440386 0.6369080494675807 2446.5330243957283 0.1336446332877993 1895580.5440000675 0.31586885522529073 0.3682993941899308 0.3241073530270391 0.3673291779979753 0.3237313753313146 0.3656960303235423
