1 724.0 0.11349234893394074 0.16262238289185 102504.53587586652 0.11349234893394074 102504.53587586652 0.40603006985127393 0.41477920034979815 0.40603006985127416 0.41477920034980054 0.11349234893394065 0.16262238289184983
10 32251.0 0.1196090829192444 0.16779822323847818 91794.66453288759 0.11547635084573715 193921.48439713463 0.4060693469044083 0.4207407765463009 0.40672086656795015 0.4185120999639223 0.11896589389616477 0.166162655691942
20 46986.0 0.12159459452598508 0.17733249616716862 87991.90506899086 0.11655716425185729 281557.5880366042 0.4029406927946504 0.4184736955907141 0.4052773285080342 0.41869186388644003 0.12048868955986088 0.1742547888610285
30 73250.0 0.12206551744582594 0.17761712099682167 87792.08522037255 0.11709548068934532 369168.4195048563 0.4036618742498183 0.4204152437614686 0.40456321604996576 0.41869957135857017 0.120784189578859 0.1744703437802797
40 96415.0 0.1374131732748164 0.18150336980075202 65116.071866182 0.11972096971253113 429229.42706219835 0.4030906575771449 0.4214405950830988 0.4042207402960555 0.41928782370107687 0.1340224358576247 0.1772234951515338
50 105273.0 0.158927606550473 0.19188986948483916 42824.28916429465 0.12271282726960907 459147.829395983 0.4032034284754831 0.42351429078443126 0.4038837087161612 0.4200599770389487 0.15196390087707687 0.18644242831308236
60 112185.0 0.16048443030200296 0.19669229996008228 42918.19946303711 0.12442165891151864 494972.0420776342 0.40289194030065983 0.42106001823201467 0.40364142206798886 0.4197675918269798 0.15342721763798708 0.18862158059263615
70 129042.0 0.1742904171337984 0.21476061738884863 33755.58799119212 0.12613110817056 519499.25394971395 0.40167551221196396 0.4213996537007138 0.40334541517743533 0.4199725354704995 0.1660020020505165 0.20115681014765294
80 147320.0 0.17748351363744255 0.21656248489335972 32506.76375533376 0.12620110906104068 551581.5067603987 0.4024959555983504 0.42011901917022954 0.4031820330316619 0.42012292190694145 0.16908833882147462 0.20228704963953326
90 166789.0 0.19036602564364094 0.21777070524979206 26863.86978188047 0.12736493160017057 570724.5964594817 0.40543734465117603 0.4182135117071591 0.40338409939171943 0.41986218089937843 0.17575835597881828 0.20235177144535
100 182046.0 0.19606035356122697 0.22954097721338906 24685.66841354285 0.12824213380639374 589260.9019384915 0.40471967944638154 0.4191567759754766 0.40354696026413334 0.4197750317314131 0.1822995235322146 0.2105542557434636
110 190545.0 0.19615349418131903 0.22975760202515302 24712.133436580338 0.12895881907309206 609068.2996516393 0.40563975515353073 0.41857345416196245 0.4036938948801584 0.41965443852469825 0.18270705443607618 0.210439291708982
120 214875.0 0.1966071922943296 0.23021916114795868 24708.63730709565 0.1294806052326672 630241.6072991716 0.40417330984494915 0.4171748446178459 0.40384295174498824 0.4195532206896954 0.18319509377168403 0.2104057531393832
130 236526.0 0.20259218824741881 0.23184497254621927 23037.823509637627 0.12931396397121858 654564.3090313077 0.4119181178259837 0.41944379165349427 0.4044058587691389 0.41948419146132104 0.18615769177203037 0.2110343386175792
140 254490.0 0.21426005583476335 0.23577966032313316 19579.706183205704 0.1294743239581743 672767.555434298 0.4174860442239253 0.4307528844163421 0.4051930436093965 0.4199842559001907 0.1935024791399645 0.21314813759241938
150 264437.0 0.21460219943623549 0.2382338386749046 19691.68774458403 0.12957113483856111 691631.9327372008 0.4167867078965752 0.43058302635809725 0.4059682265713399 0.42068075375044306 0.19412535924107893 0.2149320747568229
160 284728.0 0.21491790056933802 0.238255171800234 19633.596424585536 0.1296565562036083 710535.7587168739 0.416858717787442 0.4307482590879881 0.4066412761894182 0.4212974102498787 0.19465313676464502 0.21502442072874461
170 307559.0 0.2200488545935379 0.2405423228824918 18519.2146849848 0.12933680351931318 732059.3242948297 0.4117151249971866 0.42544179051755454 0.40706864418734545 0.42174777018390064 0.1967730990317627 0.2169637517888745
180 331118.0 0.2272446576838499 0.24951218613632867 16930.39066246226 0.12975971175564888 745057.5745919128 0.42264963566655495 0.4278033460113345 0.40768801618145306 0.42202154323066376 0.20125899799177885 0.22414719413939402
190 347490.0 0.23220613704234036 0.25355760415409206 16007.600094865964 0.1303815537749427 755275.3012213674 0.4212010492365036 0.4351599304102793 0.4083533545993386 0.4224814587094797 0.20432134315332767 0.22662018595310254
200 364563.0 0.2337828968484489 0.26140032643409206 16050.70920608317 0.1306169723907784 769076.0845330055 0.4187447729312649 0.42912262372128096 0.408931448593607 0.4230343547723906 0.205273464882625 0.2304886903543914
210 378501.0 0.23546082158088388 0.26890564106288284 16576.99469305375 0.13052681804721178 786524.7524587598 0.42427462212568 0.43388762224817434 0.40956126044832186 0.423451766660558 0.20662929352515327 0.2352091842431026
220 389248.0 0.24052687049539603 0.26902073143667316 15619.358384523819 0.1304445032117814 802980.9117094824 0.4255180441798689 0.4370013551029245 0.4102568477470343 0.42394734807751927 0.2082781161160903 0.23526074639087036
230 401528.0 0.24183641758492289 0.27856319157700243 16949.60922326281 0.1298420758724203 826187.7820021417 0.4225065420924473 0.44068116202348484 0.41090283984979603 0.42461589011836826 0.20847955858248435 0.2407552258672941
240 420277.0 0.24205588784395946 0.27886361063029175 17134.080302284758 0.12911846593348705 851131.409345261 0.421131172507921 0.4401366011420251 0.41135365915354094 0.425260988333335 0.2083376289474922 0.2409041494215315
250 443761.0 0.2578506839472397 0.2800726174077793 14156.234940230284 0.12925138305920497 863805.1627835601 0.431605682743339 0.4410257880890826 0.41203132696493566 0.42587551965636333 0.21328906427554403 0.2411682289035724
260 456872.0 0.25857328939995167 0.2819345457696984 14410.318573400551 0.12934066827701077 877231.7652519369 0.43404724126894606 0.44085379740104697 0.4128826687327478 0.42645568290054214 0.21344499689789054 0.24239432350388607
270 470468.0 0.25902867424765813 0.2856197243135144 14510.492552721447 0.12946195989794232 890426.9480399728 0.4336630060433167 0.44270441520118814 0.4136620863632976 0.42705577834689706 0.21377513374840362 0.24515784052272202
280 478834.0 0.2592741772398734 0.2884841285838183 14538.715789916585 0.1295677480234627 903822.8908003519 0.4337738191369647 0.4431236805235673 0.414374685857282 0.42761525228862957 0.21390280646191914 0.24645370153839044
290 490977.0 0.26115491557893256 0.28990207753706765 14298.0949673374 0.12894797549514272 925900.6894066657 0.41635044407621713 0.4434651021710358 0.41469430494498055 0.42814650031230134 0.2139950362313047 0.2469574814870422
300 504317.0 0.2612251164706956 0.2946189709598755 14296.162572170455 0.12834681382218077 947918.9344972108 0.4161481559749447 0.4435013869113099 0.4147493257159226 0.42868150743985606 0.21362419060420648 0.25029122758908184
310 517107.0 0.27179591456626223 0.2981366471334071 12890.592171898585 0.12786341906995963 967471.5642038744 0.41955388102612345 0.4438930345781175 0.4148742333626826 0.42917443336164246 0.21714037764897792 0.2518734311611992
320 535833.0 0.2796185436026324 0.29927914701217717 11846.977343624008 0.12765950853952238 982193.3043300452 0.41946098508186885 0.4426318803073768 0.4150189226624317 0.4296125470970966 0.22311165416175563 0.25275252156137623
330 547540.0 0.30242329505490695 0.30803523232806185 9456.418674104823 0.1279129145221207 987852.8596230523 0.4183969883941532 0.44096864477895387 0.41511705002845545 0.42995423492629137 0.2404688549054737 0.2590482501155212
340 559416.0 0.3030858409643132 0.30820606411921614 9419.141681069344 0.12811193844017554 994288.2228637044 0.4181869805190263 0.4405161727571615 0.4152087703198121 0.43027484053390613 0.24052127060051465 0.25907279128629457
350 578376.0 0.3036013025462383 0.31067527518985394 9405.4151993804 0.12830482970243162 1000819.024458194 0.4184571947076198 0.43694017215692427 0.41529759354388895 0.4304992547372054 0.24040122872786726 0.2604001603861914
360 595815.0 0.3042429496508819 0.31075166269179477 9348.749711023363 0.12849027859779205 1007412.1427995148 0.4189312912143025 0.43820941181965084 0.4153919555942092 0.4306952942623275 0.2404757219161086 0.26031448133783053
370 615010.0 0.31226349236198664 0.3280137044357986 8690.570052028044 0.1284811216695427 1016247.4824627489 0.4215040570889447 0.4399674490587255 0.41550220080697836 0.4309144105694193 0.24490591218613952 0.26817554603615273
380 637305.0 0.3231725969549062 0.3305147905161639 7865.462450690053 0.1288390774563803 1018501.666264746 0.41904402184987305 0.43549482586134 0.41560079833494784 0.4310449121982132 0.2540542918073517 0.2706245650126061
390 647574.0 0.3282478915777802 0.33634333704663527 7515.693745480064 0.12928354546817214 1019081.8667008639 0.4199180903326802 0.4313683745378092 0.4157056966888224 0.4311106138191406 0.2561786865479974 0.27495799479949123
400 662184.0 0.3301003836846317 0.33954687515777565 7412.972949242785 0.1297314848586062 1019576.4005287171 0.42163136209479996 0.4344526995599155 0.4158171238134042 0.43116953518336026 0.2570742215307593 0.2764294032632352
410 671696.0 0.3376891978589391 0.3415392589893944 6991.256444217931 0.13025658219283343 1018456.5850094334 0.41555035736203394 0.4269852505169222 0.41590973339534604 0.4311377680964506 0.2606776918948645 0.27770568779121435
420 689775.0 0.33877141864918153 0.3492768905491679 6938.74464595941 0.13062043952396685 1019712.9004474193 0.41767166966859953 0.4257568117308638 0.41593336506562223 0.43100612493196416 0.2613935818933879 0.28155217144317785
430 707571.0 0.3408074859555803 0.3588321944702239 6820.443777699593 0.13096739169384788 1021127.3664312576 0.4168617319370314 0.4264514385902448 0.4159643685401884 0.43087793394306667 0.2624020509771717 0.2870869056901153
440 722401.0 0.36368198791269174 0.3608411200910161 5623.954838806693 0.13142951597708624 1019149.4734855534 0.4253296943420227 0.4262527774805691 0.41618052178967946 0.4307742287014543 0.2674708550155563 0.2864464113983759
450 730370.0 0.3641118137546186 0.3702019372375132 5606.4534888067 0.13189862538521283 1017162.1374592793 0.42423388053599004 0.43015394682444513 0.416375649678158 0.4307274288228236 0.26811007073525317 0.29188926721971337
460 747359.0 0.37259276704255384 0.3702473244647095 5255.744935467314 0.13252743467322395 1012374.901079533 0.42680898460482125 0.42822608599507866 0.41660197603137483 0.43067318509522695 0.27005687452183214 0.2918492713597305
470 762895.0 0.3726293259601392 0.37051338877657086 5267.083291474417 0.13313004357423458 1008197.5336064781 0.4265408582706602 0.4285108666452929 0.41681789630542204 0.4306267186620362 0.2704987186339204 0.29190017587581324
480 772348.0 0.37309525589317616 0.3709468754460301 5303.424463148302 0.13370866633157005 1004615.1949747476 0.4264008481456788 0.4333072843424845 0.4170169380074491 0.4306722812367643 0.2711999750663552 0.29232842211059157
490 796256.0 0.37376405743554597 0.37183220358265806 5351.066715828662 0.13440721658467994 999718.0141422949 0.42833614319204827 0.4304610822935891 0.4172471121763932 0.43066701463202506 0.27180420800176797 0.2923631587236245
500 804275.0 0.3763252711384996 0.37291311390236237 5250.653418813657 0.13511860388688005 994710.6359597482 0.4296678807424925 0.4308806040242326 0.41748975791592796 0.4306697033015781 0.2721204648973165 0.29254485259533586
510 823940.0 0.39679539634288125 0.37522129671975596 4509.828930287693 0.13585318716854627 988154.4890277333 0.4417043320677193 0.4315126556363779 0.41784591885122035 0.43068472960872084 0.2767280065537526 0.29418870425235755
520 838988.0 0.4096527651026974 0.3901395113350193 4181.933841828816 0.13635645885529812 984439.016676064 0.4437542648297094 0.4401170918884347 0.41824217092252747 0.43081892604832417 0.28144176796388526 0.3015030142101657
530 862821.0 0.4121316909287733 0.3951913452862837 4116.247420830834 0.13668029864613904 983400.6237667674 0.4431448677931218 0.4397572103117696 0.4187033026320642 0.4309904494796339 0.28242413690511486 0.30345819559778026
540 881557.0 0.41250721489634407 0.405965957630637 4107.085342468935 0.1369557014879085 983138.072845833 0.43816362390466146 0.43788122883321834 0.4191413307505354 0.4311328940720535 0.2827922203551379 0.30540181213532075
550 897109.0 0.4269825526177879 0.4096352966701827 3739.8006546198044 0.13723033194467377 982427.3391372219 0.4343961566738161 0.4370747208018368 0.4194765755816201 0.431245514635473 0.2922169979268402 0.30822196911168553
560 918476.0 0.43402843199518437 0.4129290366087624 3570.3007182154524 0.13745483538760825 982317.955914938 0.43317425443387664 0.43908751948065267 0.4197117364558594 0.43137555144092643 0.2946482931698812 0.3095608892598807
570 937411.0 0.437572062214966 0.41511066391994933 3485.834361102545 0.13764298215486062 982707.1523869055 0.4313912215961843 0.43308228029875195 0.4199220795301786 0.4314837014934338 0.29589235618512644 0.3108565608125108
580 959530.0 0.43839329619293393 0.4230304353303624 3478.305629685096 0.13768715887166985 985449.1354216235 0.4246496990365857 0.43111024532824443 0.4200962438400904 0.4315115429788158 0.29617958233572655 0.31486182183931705
590 971309.0 0.4388587051488059 0.42590465631335506 3475.1330419933342 0.1377304374122877 988203.7009009703 0.4246069592893231 0.43568131772762236 0.4201758034125171 0.4315326578709333 0.29604315181414503 0.3149213789538445
600 992802.0 0.4418799916735962 0.43002932619399314 3420.2304594586526 0.13787554959313358 989232.9213052924 0.42374800968541826 0.42370111396631055 0.42024709624843165 0.43157279171555585 0.2978694034933815 0.3157134036489579
610 1018391.0 0.44478210606062035 0.43058112921084096 3360.6376804020615 0.13800204785385164 990503.4346546824 0.42280552559617474 0.420746022174771 0.42033345754186824 0.4314032071250769 0.29888326373763024 0.3154808709349353
620 1038808.0 0.45800513058217646 0.43417390085205976 3079.610748056339 0.1381193643464136 991604.212653859 0.42436916419561976 0.4217698425035215 0.4204070942458084 0.43124166560621147 0.30333014334020514 0.3177730516392787
630 1059930.0 0.461614832128266 0.4403541735823576 3060.298260460679 0.13810976241624096 994828.684589278 0.4216194738380297 0.42253167340088593 0.4204485412276623 0.4310993406395701 0.30345388639281873 0.31992389288151724
640 1076012.0 0.46469751857247027 0.4407714321461299 3035.550383122313 0.13786982393263036 1002090.1668967373 0.41765724878652327 0.4220176074457446 0.4204357805317995 0.43096164395004155 0.3041602967662305 0.3199984952651696
650 1089638.0 0.4695411471980327 0.4434921587156705 2943.9738580257667 0.13771554377755754 1007763.0350776275 0.4126520510736955 0.39911997476721317 0.42038721007160035 0.4306506655967512 0.3054649829493046 0.3207524354472408
660 1110956.0 0.4792106711589721 0.4460861690206464 2816.499861152798 0.13744941533918842 1015414.4249878274 0.40179014504827754 0.39569923523017486 0.42020375943687505 0.43015533059621747 0.3099835030131775 0.3218573688981944
670 1129827.0 0.49437232267919595 0.4483413542982313 2610.152811222045 0.13724590466262288 1021781.7196889067 0.40014124018018854 0.39741411863775705 0.4199517843065456 0.4296830167642932 0.3176148399321702 0.32261904328589464
680 1147855.0 0.49947252733961056 0.45130574935571327 2581.6363682439755 0.1369796210800314 1029353.9820256712 0.4019819198933595 0.39229935061310894 0.41967497894132344 0.42918095772656134 0.3176813307614451 0.32326196365614307
690 1174327.0 0.5005263229088517 0.45208080782245047 2577.732687606566 0.13673510820573825 1036543.7855686895 0.4032055505621171 0.3941925563668402 0.4194254930900017 0.4286582799380837 0.3177109570171404 0.32319775720367283
700 1190115.0 0.5240767742784912 0.4532740971952425 2274.1637386836323 0.13649102267346427 1043556.451928374 0.4174161676399364 0.3882940759833325 0.419294481533893 0.4281492288183983 0.32353290840501664 0.3231162612203327
710 1205277.0 0.5263602343366801 0.46147737129297317 2289.4780709569536 0.13619339598593946 1051692.6564449617 0.4115959421403624 0.38256833877137225 0.41923702396056056 0.42756935449425415 0.3236526407359352 0.32480713916183535
720 1220002.0 0.5279830217048156 0.46282915313394646 2269.06689529926 0.1359039234542372 1059705.4142689083 0.4124057473168749 0.38273373563401736 0.4191287867186333 0.426943895853382 0.3247083403983447 0.32514330816572046
730 1238856.0 0.5368140332994497 0.4650970291012493 2167.4037556056937 0.13573991826697016 1065139.3082240787 0.4128063557771094 0.3837250243513523 0.419045285307855 0.42635074903071946 0.3277002044812212 0.3255302640977298
740 1256427.0 0.5393575058825217 0.47212710419217124 2145.549686406144 0.13551868443219542 1071746.6702281116 0.41406756242932635 0.3837179124643171 0.41898472260017017 0.4257832821985619 0.3282104948538148 0.3278983227537433
750 1266480.0 0.5395795149826835 0.4726032410722529 2144.1269513306465 0.13530297509151062 1078269.8355389454 0.4137580087789572 0.38390588401919573 0.41891894009488956 0.42522430706533076 0.3282596091432002 0.3276923472835626
760 1273730.0 0.5474627591280916 0.47292055398933014 2064.463320592168 0.13509225601644928 1084663.9170421814 0.4153668912971068 0.38387640162529313 0.41885778913922517 0.42468038460606794 0.3287123930674439 0.32745620136832065
770 1285948.0 0.5497223606354493 0.476887920733433 2070.610621420165 0.1348016819509316 1092790.1651271055 0.414742848691283 0.38425439955291785 0.4187953890909627 0.4241624158290646 0.32912945248907516 0.32843332839231276
780 1301612.0 0.551373606198016 0.4788041596912798 2054.199770787792 0.13443528799015206 1102616.8636844638 0.40904319816009 0.38380180480580556 0.41870659258235865 0.42364833606931307 0.3295321828673399 0.32850582634024766
790 1318334.0 0.5556152653300477 0.4805249227147323 2050.8712257477387 0.13405783808950927 1112778.9466388903 0.40523967744927086 0.3822895004213509 0.4185551194860258 0.42313217000168557 0.33127490678847665 0.32880466276028547
800 1328946.0 0.5590085863013069 0.48743490941973255 2035.729207843005 0.13367891840720117 1123065.376767951 0.40382643854930605 0.377703105711583 0.4183704875544085 0.42257316206013484 0.33331204137509496 0.33098736103662724
810 1336402.0 0.5618785994102735 0.4999484197878325 2022.955420857621 0.13326779233213173 1134185.4085819642 0.4021588854095889 0.3755032285281332 0.41816203685622516 0.4219961535519014 0.33460635237446923 0.34129784732205326
820 1357780.0 0.5630419935297237 0.5007885529126324 2043.9101895773304 0.13286867037879307 1145155.5607566035 0.40277305614839437 0.37589432077822127 0.4179703812217601 0.4214331973671892 0.33500129359220104 0.3409146148408262
830 1372268.0 0.5793298831916872 0.5420122455438424 1927.4811851667 0.13245619191550953 1156507.7544992568 0.4194504137896841 0.39655674693326687 0.41794555597164557 0.421082102024146 0.3379578394743929 0.3427236771472054
840 1401168.0 0.5831972030068612 0.5535934547637086 1892.4328862798548 0.13207151394729094 1167303.0355969698 0.4207491820585602 0.3977536997110154 0.41797024299022695 0.42080411155080494 0.3396116462220013 0.3476131481658295
850 1417504.0 0.5849894430554291 0.5570987611730251 1877.053309639423 0.13167117807961187 1178584.1197065 0.4219216441641986 0.40190123395569166 0.4180135356288936 0.42057168265253625 0.34053371255930215 0.3486586391493846
860 1444023.0 0.5908861841021518 0.5582699400792399 1844.4374573905675 0.1313369154810977 1188348.2904128337 0.4212250574017273 0.3982259042956311 0.4180321497457592 0.42032267672858575 0.3422984979002758 0.3487166607496066
870 1452129.0 0.5912750279996097 0.5588173166031118 1847.3942504983281 0.13099855362040497 1198301.5319731873 0.4239148720139376 0.39812638588611526 0.41807198078685015 0.42006900893667903 0.3422079844026396 0.34875533706594125
880 1471367.0 0.5992885899996735 0.5687737482558992 1777.0012040489519 0.130662088250656 1208263.8347968305 0.4257278145712937 0.4001428010265106 0.41815560605670016 0.41984064153049927 0.34446416595335877 0.35481994836710046
890 1489290.0 0.6160651596349319 0.5716388135692294 1644.568065375035 0.1303878654271475 1216671.6447057864 0.4153639611717593 0.4027403560687943 0.4181469724322661 0.4196336781582701 0.3492334001897869 0.35563545522142676
900 1500635.0 0.6222119887054389 0.5796097564547351 1610.869600848557 0.13014160949753276 1224407.9948285127 0.41192070798762725 0.4056853096359497 0.41808019195006685 0.4194671021221301 0.3515586405225166 0.3587847140284825
910 1518025.0 0.6319542603701027 0.5801704617489379 1537.6343487924198 0.1299938302216937 1229635.5404303514 0.4131549645514734 0.4029993687991542 0.41806222103370433 0.41930402319048427 0.3540589582237979 0.35871207699536883
920 1534479.0 0.6380675042993148 0.583995258195285 1495.3123315096339 0.12981349161085493 1235683.6634558176 0.4077085337848513 0.39406797908975316 0.4179856928665241 0.4190952504616211 0.3559156454487384 0.35851395855091095
930 1551814.0 0.6396074139658922 0.5868939060389571 1488.5365145340215 0.12961842157711082 1242135.1010363887 0.4062782276359727 0.3979755347324198 0.41786011634127745 0.41885879468824194 0.35579232368728164 0.3593135152888183
940 1576635.0 0.6530788485034107 0.5932161485655335 1397.1648148269105 0.12946301093957052 1247523.2574773016 0.40224643487752554 0.39304442883766105 0.41770204789921395 0.41861295963905987 0.3600673327027468 0.36135156703601473
950 1599217.0 0.6617364767962391 0.6045825610377213 1344.9785736858296 0.12934928286384906 1251803.8910226452 0.3952096199370135 0.3947104377854466 0.4174687997903651 0.4183644852003827 0.3615257138128857 0.36118064307757214
960 1612569.0 0.6750532313797322 0.6095580483358221 1266.6047389080497 0.12926026845488084 1255385.656007349 0.3986067690746245 0.3953661112361864 0.4172730157266032 0.41812505373492165 0.365096591265011 0.3628290282127195
970 1629612.0 0.6789375852299231 0.6106544808266444 1249.3041954336945 0.12912834228900932 1260093.8442618882 0.3942134579504868 0.39282813971339053 0.41704055265418377 0.41786724933977554 0.36693548089886774 0.3631116731569757
980 1636110.0 0.6833774307530934 0.6290387526368504 1228.8024795512636 0.12899223134297494 1264913.4260941981 0.38360680716881435 0.3962243451283446 0.41674012416912587 0.41763638828118355 0.3697093081980545 0.3723298183660122
990 1647217.0 0.6888013062823655 0.6356222000768275 1201.0068573067524 0.1287962098222217 1271346.258401343 0.3825883210972247 0.3983967355593931 0.41639698004317904 0.4174254447627851 0.37037582670223596 0.3741173985297399
1000 1669879.0 0.694103791202294 0.6370934776473403 1179.6567322057272 0.12864125144416502 1276680.0683281827 0.3767648055282001 0.3984114014701061 0.4160131136558888 0.4172358282722823 0.37123937026928405 0.37419078412362733
1010 1681960.0 0.7140742983881977 0.6460755036616525 1086.593957960099 0.12848557002873665 1281991.0546475688 0.3780672336920336 0.39675854823474455 0.4156367733310828 0.4170274975176735 0.3815423253546321 0.3788871567050528
1020 1701173.0 0.7170471504830104 0.647641070831326 1077.7068560447372 0.1283739200822153 1286104.7046982914 0.3783340797904101 0.4000597431145961 0.41526815511982484 0.4168594543737635 0.3820651691402938 0.3790938046904245
1030 1716306.0 0.7239347110400337 0.656661891399378 1051.766802556679 0.1282855669388128 1289567.91137776 0.377503471273005 0.40785419936257933 0.4149044872566501 0.41675573912569425 0.3828904287980865 0.38276728515769864
1040 1740752.0 0.7254525531070253 0.6591274773565671 1062.6933283556043 0.12816242934382643 1294007.8316369883 0.37694055988153335 0.40581689744894334 0.41454332911127917 0.41666208332458177 0.3831488123745379 0.3838575535598546
1050 1753276.0 0.7347981651889778 0.6618757336987664 1024.768772390348 0.12798908946661247 1299839.4751235377 0.379424611643211 0.41166066049157757 0.41419096433242586 0.4165947242597656 0.38781363656615214 0.3842657722739244
1060 1763819.0 0.7451085018105035 0.6691262890108153 999.1600356862414 0.12773821339639185 1307890.4328191697 0.3840957181806853 0.4127215245975372 0.41387169830537607 0.41657047661921204 0.39166116444644805 0.38625479706272603
1070 1785664.0 0.7543015292753492 0.6729757775247218 965.8307709324732 0.12756092948630166 1313863.7751078214 0.38794962218480933 0.4169820142057911 0.41359951075503343 0.4165404335010676 0.39710614904472735 0.388073902291803
1080 1819003.0 0.7598334533900638 0.681024362334006 968.0515784878519 0.1273734096850639 1320162.1687544791 0.38728336418909654 0.41306287796780805 0.4133566871042478 0.4165112708203378 0.39701126470950754 0.38934467766312625
1090 1842091.0 0.7623650095121577 0.6838576776291663 960.9247496619736 0.12725625378828562 1324456.5601794566 0.3875174218927268 0.4114297883387837 0.4131225761943917 0.4164732560197698 0.3975286978045972 0.39034514448377894
1100 1860003.0 0.7653309816289559 0.6935120192664764 957.4487906069188 0.12705369207130263 1331241.0147887955 0.37664255276526587 0.4105512677395694 0.41287488783279436 0.41642291119447267 0.3982223184355116 0.3932797728090296
1110 1874808.0 0.7729797450800596 0.7035425998423803 933.9736123306459 0.12684118507327719 1338343.9347541798 0.3721150912301343 0.4113500120386061 0.41252456651593955 0.4163750552702378 0.3998883119585984 0.396836573291862
1120 1890118.0 0.7736163040292344 0.7161179426521653 932.0586543652577 0.12678206601926423 1340982.8538591757 0.37434371360192314 0.4140810028785318 0.41216976079616285 0.4163444883238818 0.3993592450674729 0.3995152668613743
1130 1902908.0 0.774316534874226 0.7188065720920693 934.2202949969463 0.12671344296118753 1343903.3893750887 0.3759879454124833 0.4180740615469455 0.41184544352611824 0.4163418794188874 0.39898112856733614 0.4007915270151384
1140 1918718.0 0.7746835645005854 0.7194331042723654 934.3680042570584 0.12661881101745162 1347589.1778562176 0.3760188339251352 0.41902622810004003 0.4115323853568873 0.41636520599583016 0.39860417556577 0.40104148797271094
1150 1934982.0 0.7801459701967814 0.7367553975918733 916.2331640653366 0.12655385294734817 1350397.9534811347 0.3752656526803704 0.4197312631839252 0.41121208489782135 0.4164055328195523 0.3996764325845208 0.4051728737447153
1160 1955067.0 0.7863047678656246 0.7377029223944396 902.9914069867949 0.12651253803394338 1352506.0850205012 0.3783414243666878 0.42102304197916013 0.41092626741401517 0.41643529031324333 0.40188095634644466 0.4054538055950514
1170 1973534.0 0.7871889931283804 0.7454895357930014 900.4985814582486 0.12653155007105346 1352854.1587913919 0.3770029913800316 0.41851423620580275 0.4106365724863125 0.4164530439075436 0.4022981926880832 0.40917499830039733
1180 1988198.0 0.7982209547505437 0.7664334360740557 870.3147083475573 0.12651240585627274 1354283.9043176528 0.3761411062312107 0.42117001794087144 0.41035265655149844 0.4165026289126765 0.40534939063329983 0.41512223875661186
1190 1999929.0 0.8076620136441482 0.770564135621337 843.4413503097371 0.1265062505321607 1355307.5716923585 0.37158254235796934 0.4197459284931898 0.41005371508343075 0.41653903746556503 0.41008260461899926 0.41653542084110345
