1 246.0 0.07058372675204616 0.05655289626071841 561335.6174203851 0.07058372675204616 561335.6174203851 0.14933290850607492 0.1596493763769431 0.14933286543866084 0.1595382095594757 0.0705837267520453 0.05655289626071838
10 15257.0 0.0707700518066921 0.05687385466743815 562037.0354092551 0.06919173425570316 1124677.0347095039 0.15022218767150533 0.16298256066565817 0.14938450253099197 0.15996014945335355 0.07049250616371823 0.05678480352464551
20 35847.0 0.0751309107661679 0.05840712127442279 483307.89464701957 0.06933063127682658 1607075.980678003 0.15205916224227425 0.16159871129176642 0.15057440113850787 0.16100774144591865 0.0727308557643174 0.057832426082872215
30 46573.0 0.07520764466589208 0.05845363721037615 490043.1937132035 0.06929942667494651 2097306.722916794 0.15276329180550946 0.16112275770834456 0.15164047206935424 0.16088274731456875 0.07283610525441837 0.05707416019084728
40 58552.0 0.07566063650770151 0.05867087923916516 481872.072830196 0.06933588539384643 2578920.414429853 0.1531051143656103 0.16320768295467336 0.15191733427556578 0.16097571233230307 0.0731834643886854 0.05668624647830465
50 74534.0 0.07716796701088864 0.06877466550496628 475139.43241777614 0.0695118282404878 3052803.499433917 0.15184202174939224 0.16196105525017424 0.15200070848227606 0.16133296555191992 0.07423254782872732 0.06366141368905097
60 88211.0 0.07725949842748349 0.06895669731271553 495911.3223621681 0.06964006283080475 3548506.8952644183 0.1503683753299925 0.16161719414875744 0.1519504638897377 0.1613855250986183 0.0742714230345495 0.06354572205809579
70 100226.0 0.07801419369073699 0.06989563147312898 486788.18703150586 0.06974767734813113 4034845.3086110847 0.14987740873532296 0.16160346008461712 0.15171806551883527 0.16141648756499233 0.0746291615103321 0.06418213259285359
80 108080.0 0.07877381466882911 0.07003632421046317 476319.83059391816 0.06990195036294505 4510196.655895441 0.14984994853225067 0.1631768186999307 0.15149030231718758 0.16161140953865494 0.07516429093999975 0.0642246026005028
90 127481.0 0.0798073706680471 0.07054861215372835 459785.8709104066 0.0700925315116004 4967892.93572522 0.15096036096106796 0.16423947173411801 0.15134808184212373 0.16184736533744806 0.07563267985558156 0.06440352493155235
100 138629.0 0.08591305366902892 0.07363248411937247 376074.75501796004 0.07091850683606347 5319710.537286997 0.1512161328960283 0.16732902368583186 0.1514050058413203 0.1623357170571175 0.08023918252440577 0.0659760880093257
110 156725.0 0.08617850277744708 0.07370345225163272 375310.5456032239 0.07162561046332365 5675055.4935510745 0.15118542032313248 0.16739894263685648 0.15138874945743638 0.16278872047342896 0.08054505866690018 0.0660771989535996
120 181452.0 0.08707836835101218 0.08117132073337287 365773.4130685189 0.07222995009453347 6021197.348203402 0.1511203357291682 0.1657227595876787 0.15136775470315197 0.1630919059577107 0.08120754826265333 0.07279311605056905
130 197442.0 0.08754518272174826 0.08440549687604709 364365.7297701421 0.07275184864268402 6368675.305285802 0.15117870173110268 0.16760181815768965 0.1513503373999103 0.16333251883937153 0.08149395770149721 0.07557045756544499
140 215611.0 0.08804594340798216 0.08561682529490346 363973.68258907885 0.07305927065665614 6720824.367271441 0.15224763269278613 0.16798953879532724 0.15136803294727036 0.163639994207047 0.08175022179452533 0.07626659254700152
150 236660.0 0.09001496064340499 0.08616544614881744 343103.02205741627 0.07359751855808244 7043326.880067836 0.15180533779305905 0.16795905698321245 0.15141845057726608 0.16392874466961954 0.08349048458505377 0.0767981291444004
160 250004.0 0.09186125694309814 0.08624273714809451 323678.322046347 0.07411530737742897 7341583.243733676 0.1523593431848216 0.16766570088865862 0.15146347256573336 0.16417937632120755 0.0845222796360866 0.07682874360884759
170 269180.0 0.0923967622930431 0.0867468243358469 318940.15601475764 0.07457642758250321 7636742.852406775 0.15213511720576794 0.1673700627827969 0.1515020985054541 0.16436893723787882 0.0847848940852367 0.07690370611477483
180 286663.0 0.09290337473196543 0.08819746756339145 319327.4926275029 0.07485312321226818 7939832.210031238 0.15271236032861316 0.1675420496243042 0.1515376141993312 0.16454255953460298 0.08514218371575367 0.07768675363891382
190 302476.0 0.09364530070538045 0.08928831102971736 315447.51654504676 0.07495771376148533 8247887.462192617 0.15335229951131527 0.16743194683010032 0.15162740686393741 0.164694297101277 0.08558288240401453 0.07803284298501371
200 313788.0 0.09379959318684826 0.08943420977856686 317899.5308534061 0.0750648491794014 8558567.6648069 0.15350562865743012 0.16645748848206954 0.15171772552201135 0.16479639931107667 0.08567703232849197 0.07799207893773098
210 324170.0 0.09585633048179952 0.09022502086241183 298438.72306141997 0.0751440953490944 8850262.818464257 0.1515346571535749 0.1666084457307073 0.15173362092423945 0.16487809283885088 0.08737603866226414 0.0784249807670979
220 342741.0 0.09586086284141228 0.09023877370491779 299546.68257565465 0.0752165093109299 9143743.7735903 0.15152764640408328 0.16762940229266532 0.15172466260835135 0.16497893733827348 0.08736095342412092 0.07836076763493623
230 354001.0 0.09752952073575288 0.09432973183338596 289780.60984658403 0.07525886574730802 9429516.196461478 0.14871802101138956 0.16852089460939698 0.15166149758773967 0.16510973424168202 0.08829642253566844 0.08044590996443317
240 381143.0 0.097837393046008 0.09930365254641563 288240.3630256032 0.07524987946484389 9718658.647258595 0.14859731881010843 0.16467691870687304 0.15153677067102178 0.16517928825148462 0.08835014371880995 0.08376923925777129
250 395916.0 0.10344664404605883 0.10559779347144943 249906.7325812357 0.07533575058134748 9957405.602695102 0.15152664234380478 0.17365521174765874 0.15150386897923643 0.1653419246831775 0.09161028877123997 0.08598784784278729
260 412783.0 0.10362694602793875 0.10587166336203958 250150.53219438082 0.07539725448792785 10199506.961658556 0.15135256607300626 0.17368905896574482 0.15150006720707285 0.16566179249563426 0.09175721097597327 0.08597621918909482
270 420614.0 0.10956770383748114 0.10590672221909785 217529.61350199007 0.07541307560260267 10414350.60346881 0.15824718479000233 0.17353965548276765 0.15170332962689892 0.16595700382595863 0.09663559472500181 0.08585361221096734
280 451206.0 0.1096558137734974 0.11866835765486164 217728.05279823975 0.07546956286831576 10622738.394974776 0.15980205668173697 0.18024592713180726 0.15196616022105472 0.16641325571953627 0.09676812905083301 0.09296883714487818
290 466378.0 0.10982480193650376 0.11943860851942154 220179.65904808574 0.0755203374609653 10834682.52907738 0.15980161843341045 0.17936890039161069 0.15223542150161348 0.16687052294376814 0.09689340224238062 0.09396562850704798
300 484622.0 0.11124532460007835 0.1196976025153148 220923.82973904404 0.07548332365969436 11061907.500742225 0.15893285451990785 0.1797537613415109 0.15246291545233978 0.16737563931693739 0.09691891092410185 0.09407719485105136
310 498551.0 0.1153989622986672 0.12973569390080594 199688.6171109988 0.0755020536867947 11258028.290114608 0.1608077236722821 0.17983275674523033 0.15269935882609703 0.16777893956713263 0.09931003707341134 0.10119962538845668
320 513426.0 0.11720558613059971 0.1312135073116406 191701.66383411558 0.07560128202265493 11430742.318952445 0.16094862021877163 0.1749380021579075 0.1529561058756676 0.16804180380599607 0.09962685173896106 0.10165505410566449
330 533395.0 0.11732075846393757 0.13145352594449256 191930.21361019055 0.07569083917443237 11605607.9982932 0.16099118673744597 0.17487891633400704 0.15319865113925663 0.168252137981424 0.0997487308662633 0.10171358099090792
340 556347.0 0.1173986266046147 0.13148796864316778 193242.77313341905 0.07577552573411253 11782944.99709193 0.1609766736442374 0.17488468881011138 0.15342735332793944 0.16844672068562327 0.0998947025863206 0.10169070890481205
350 582429.0 0.11789921085104928 0.13294832688111946 191246.88824826336 0.0758614108207247 11957951.623216636 0.16097157453703037 0.17495761632860454 0.15364245978500224 0.16863128803784727 0.10032038030559294 0.10224196431547546
360 599348.0 0.11830266740508417 0.13385876282234746 199220.09771127714 0.07592714644860236 12145423.36678372 0.16079282084749857 0.17106445704283474 0.15384118708745886 0.16877547886634137 0.10049974494607737 0.10236627428198357
370 613436.0 0.12234073626723826 0.13427897643237238 180534.66168836018 0.075906128975801 12330530.093917802 0.1621201385584127 0.17116362569841417 0.15403548319219568 0.16883769496132914 0.10108852431186262 0.10228599891296378
380 630014.0 0.12304011710589624 0.1344371785648065 177800.85074835588 0.0758938693611483 12511037.115504155 0.1628323041655213 0.17012634285884093 0.15425488897535997 0.16889503301435496 0.10138892430039119 0.10224011171911322
390 639776.0 0.1241391062539075 0.13667271672117967 173359.25029655328 0.07589197380006427 12684825.224819532 0.16293380384419986 0.1699782971017403 0.15447793635458631 0.1689272256536739 0.10237437527788704 0.10405854117916698
400 661613.0 0.1257214631498825 0.13688761153940404 167158.25456060216 0.07589690211645583 12850825.187731912 0.16235534838353122 0.16998634708029187 0.15468526365005245 0.16895555306096294 0.1032559837959452 0.10415169670988222
410 675854.0 0.127644369932794 0.1375057631341894 161682.41323847914 0.07586361834676376 13020810.953154977 0.16366677924288758 0.16973837761460167 0.15487501690892216 0.1689735041306023 0.10375442009744067 0.10446152797457876
420 687380.0 0.1312013112989465 0.1435036295818653 153523.34023855577 0.07575187922682859 13205045.096574469 0.1631310630931943 0.1709696811791173 0.15508003530951403 0.16900941973706457 0.1059486403020798 0.10797923329185977
430 701327.0 0.13672397741579279 0.14352625382864637 137932.5241457666 0.07573291770371084 13348459.623837588 0.16473279850252404 0.17088510535885704 0.15528879422137937 0.1690532454840086 0.10733473712749765 0.10800471906303767
440 717429.0 0.13863752550849434 0.14453221138203534 133216.62994243146 0.07579498725323994 13463932.42396865 0.16692273879666697 0.17232859624113414 0.15554770118883313 0.16912184111604842 0.10819187977222469 0.10847436181645675
450 731878.0 0.14001576417586123 0.14467474778451936 129793.674410992 0.07595406226095093 13549796.133737717 0.16684735905064507 0.1714359137587955 0.15580510537375064 0.16918509997246775 0.1093757329834244 0.10851328141823108
460 758173.0 0.14072909928928914 0.1520302602311192 130644.32594872074 0.076088569909959 13643436.335082583 0.16704191052629505 0.1635318727095176 0.15605119044255802 0.16916643228957265 0.1096611023242458 0.11080286270968438
470 775287.0 0.1419956531878379 0.1524615879597024 127681.98185482224 0.07621629937513479 13735437.511860961 0.16708008170425473 0.16393246923075996 0.15628490232045614 0.16904963987835922 0.11060929834124247 0.1110737539179344
480 809842.0 0.1456767156572628 0.1603922947744854 120239.70098053517 0.07642854251457727 13796630.862886598 0.15853196611250067 0.17192277832113817 0.15635966357248854 0.1690073516808638 0.11216217892350937 0.11408384420714959
490 828998.0 0.1508938616060706 0.16332173573761508 109908.38333981793 0.07654409119424531 13870583.495869542 0.1580199154236438 0.1715186494736921 0.1563931987948568 0.16905728332255623 0.11393807547390976 0.1145948653528788
500 838713.0 0.15162410421081388 0.16371207573379432 110113.34960395462 0.07665371207456814 13946807.979641601 0.15863304991660263 0.17193561096465707 0.1564283060365648 0.16910918678199705 0.11429652505539056 0.11473018707359213
510 856154.0 0.1568840246446552 0.16476460683952154 99725.1364107966 0.07675910668639327 14011801.987763453 0.1585760385286892 0.17170107298090959 0.15647133915812603 0.1691627307063028 0.11735117143450347 0.11575988468646005
520 871542.0 0.16175152832739317 0.1659547916930806 91796.887083973 0.07685103074742608 14071769.13809901 0.15874143921011535 0.17156530313560991 0.15651358507136484 0.16921102061286827 0.12005088274010428 0.11637217307718091
530 888075.0 0.1623013229420481 0.16696450936668125 91583.16593123261 0.07696710386111985 14123759.36007556 0.15879508709325615 0.17155466887603402 0.15655442820524726 0.1692552691490343 0.12063787898679829 0.11711308535605472
540 904902.0 0.16568835819394112 0.16752313766199126 86775.15109813694 0.07715987411125672 14145345.044200733 0.16200903843834058 0.16815362322789462 0.1566260158783358 0.16928207294425174 0.12094515026471923 0.11734124969181797
550 914846.0 0.16616422059858174 0.16758669364595885 86260.61767452484 0.07738495045178907 14157277.822820982 0.16203437493760753 0.16815187752177196 0.15672434204833313 0.16926160228270531 0.12109029945005897 0.11731333642529516
560 932675.0 0.17116189543815463 0.17080549627193722 79442.73497530422 0.07750471652699592 14193881.746221835 0.16109562569015146 0.16913672260234397 0.15681059456617538 0.1692578626601339 0.12314011623269303 0.11936205857889992
570 955083.0 0.17269227965364123 0.171255309195577 77915.8346313258 0.07760824286042635 14234433.520003747 0.16016098388573308 0.16649356358444092 0.15687182769844726 0.16923164953817751 0.12392397402723823 0.11933675947652275
580 981453.0 0.1828511619773758 0.1719890057409091 65698.25483226043 0.07777466013569652 14236905.55037168 0.1614316103512337 0.16675384887068898 0.1569504831641671 0.169189352534517 0.1310481311911528 0.1195438817397199
590 1001217.0 0.18305985958257218 0.17317601961190734 65553.91258494474 0.07794228599591523 14239384.892090807 0.1615908280769964 0.16692496878518212 0.15702706061391342 0.1691485090812373 0.13127178007109008 0.12002840742443496
600 1021392.0 0.1833401766956164 0.17476640274923064 65723.31507792899 0.07804348145370481 14266563.88807709 0.16162756611785717 0.16669200441679535 0.1571035768145956 0.1691095772324321 0.13147007717905004 0.1215662198378637
610 1046403.0 0.18339032491300855 0.17518361275077932 65792.69145402333 0.07813112918613127 14299033.103613278 0.16163090086619103 0.1674234328038553 0.1571776683388763 0.16908079181929245 0.13153675099303205 0.12159721596197519
620 1055123.0 0.18383215504060638 0.18105131669089744 65833.01335647999 0.07818408352261834 14344592.533674449 0.16243252188003982 0.17080511560860262 0.15725777776075597 0.1690767527723334 0.13186095913351648 0.12242295913781057
630 1085119.0 0.1846393227008453 0.18155534657031214 65937.09826885615 0.07821498283863247 14398650.654735819 0.16293272587231605 0.1721148271062526 0.1573448980365912 0.16911610540463143 0.1321943297808897 0.1225824627870139
640 1098554.0 0.18614905250097494 0.1821661390255305 64601.42457410548 0.07824510413793646 14451590.280478798 0.16304552552356583 0.17181823165273472 0.15743383666775687 0.16916169192132385 0.13310644439395347 0.12303737331049522
650 1113244.0 0.18617706915125534 0.18238697608600787 64698.646356814534 0.07827468243393226 14504863.546818461 0.16245205848948369 0.17164916760562815 0.1575194228460394 0.1692043217723244 0.13320049346748916 0.12323147527467694
660 1137319.0 0.18757386664859163 0.1883387924722689 63815.088623738004 0.07827859426464225 14567146.67304308 0.16261986077119256 0.17084048463407936 0.15759381658982521 0.16922757324147786 0.13425724093159833 0.12708985170253828
670 1157361.0 0.18770464556455962 0.1889121007219625 64464.41979067245 0.07828338201771264 14629745.20453141 0.16266472304844382 0.1708974296509327 0.1576693073619467 0.1692520539982583 0.1343914492494635 0.1270920333382145
680 1175489.0 0.1878150757886618 0.18964272975470017 65578.45774931676 0.07828811196718254 14693494.59791506 0.16264998406431444 0.16787601259670237 0.15774254422308143 0.16924958559581563 0.13456143432417936 0.12764768002309962
690 1198747.0 0.18832385394837817 0.20778387814025934 65345.49851056712 0.0782782962549136 14762663.826635815 0.1626529151782507 0.17677865355897915 0.1578137797437157 0.16930434980000442 0.1347245383477402 0.1358921460971339
700 1214060.0 0.1889000380044226 0.2080716167417815 65071.58283980212 0.07828358964807657 14825681.539648792 0.16116718538841546 0.17722567758122548 0.15786771016227458 0.1694077377985213 0.13516110122865657 0.13602797317658297
710 1229700.0 0.18962651108351702 0.21799019141461662 66064.3993664573 0.07822672586339893 14914250.142924989 0.16066067849143967 0.1776432086841217 0.15791200263886135 0.16952301319060778 0.135742881031613 0.1384094556505613
720 1244840.0 0.1905930908134984 0.21932449609266821 65416.09437628657 0.07827131901126815 14962674.279650562 0.15989953888236946 0.17772858325870228 0.15794547027710718 0.1696321923798461 0.13590921580429527 0.13885108803314242
730 1258863.0 0.19152889586371688 0.22088866399656176 64869.030965308964 0.07833996736788189 15001654.739222165 0.1599278202145913 0.17781836618276475 0.15797219935980236 0.1697436892746579 0.13611706640310753 0.13915579513948093
740 1272691.0 0.19169709316656663 0.22099627140165323 65366.97158898233 0.07840760922088712 15041711.925084045 0.1594369427636295 0.17782105415600202 0.15799263271929248 0.16985267164347118 0.13623108211482213 0.13928068984123146
750 1287644.0 0.19473309526464455 0.22373800107835032 62683.82998526767 0.07846019470738234 15084226.421434717 0.15967123800323185 0.17963349413658986 0.15801385501984874 0.1699653239893565 0.13932827856588081 0.14178914473362741
760 1307406.0 0.19556794288585053 0.22486957441872008 62018.153346304854 0.07847570761512032 15140174.779910253 0.159586306595245 0.17963301836239384 0.15803483431776916 0.1700923563749906 0.13979616642359674 0.14203201111403643
770 1323736.0 0.19559906360468665 0.22567067563828347 62686.736030248125 0.07849154006064826 15196705.311304424 0.15872699304095791 0.17952668910745892 0.15805388497608222 0.17021335185523387 0.13983245745954356 0.14254255476307098
780 1341723.0 0.196890698025401 0.22593742253559942 61652.677383795715 0.07850190094328797 15254290.079944335 0.15788218921643316 0.16732265166067936 0.15805843441641837 0.17029675599918326 0.13998463570606262 0.1427311202140211
790 1367117.0 0.1971486924823188 0.22618664711935524 61789.25484894389 0.07851043670914168 15312730.675990304 0.15737806565952545 0.16759868724530047 0.15805430563124387 0.17026325839611803 0.14020004773121914 0.14268642924786473
800 1377657.0 0.19721024094144185 0.2267441279175449 62515.7792839049 0.07851980959716479 15371593.974956868 0.15504437664267304 0.1678034676526895 0.1580360333921381 0.17022824691199243 0.14018599710539353 0.14276423768051336
810 1389553.0 0.19817578415786816 0.2328328545716448 61943.630072490065 0.07852783021723957 15430397.44295595 0.15505231323849533 0.17261135085612783 0.15799925059365844 0.17022210052567063 0.14040007028914636 0.14364942063672687
820 1406953.0 0.19979072057587263 0.23503644430128456 60498.62976405597 0.07857734307544621 15471730.07376839 0.15511418916322764 0.17272777980748635 0.15796408508561138 0.1702519985546961 0.1416586135324973 0.14528522691525408
830 1423127.0 0.20052418936987362 0.2412919118570287 60092.55843281295 0.07860267019643774 15521883.228145001 0.15153369596693042 0.18909068148364927 0.15788502935829954 0.17042104643309397 0.14210482660491536 0.14752697033121356
840 1444652.0 0.20833659308361846 0.24304145903555555 53689.95670243113 0.0787661460029306 15512725.451132637 0.15492736521627942 0.18865226968566598 0.15783497712140065 0.17064568834362842 0.14591149648887508 0.14846652121912893
850 1461746.0 0.20925153240173222 0.24467733821233156 53177.18221604131 0.07892328267434588 15505579.247453324 0.15471346661234775 0.18870333749337462 0.1577997076334847 0.17086017144457896 0.1459456281651631 0.15005185883709557
860 1480687.0 0.21008518654305788 0.2455641891474561 52849.387580361705 0.07911554943945923 15486575.155462932 0.15464211833425517 0.18838915928683705 0.15776311329010242 0.17106359351226744 0.1462075194028981 0.15057238604183115
870 1497999.0 0.21054911192605524 0.2463304969964009 52660.94649065119 0.07930366883884413 15469447.6251843 0.15472638882237164 0.18684977063779593 0.15772775392136365 0.17125223202556558 0.14623147395877084 0.15082410764569507
880 1517961.0 0.21129500875894283 0.25073235353231643 52324.42467566347 0.07948550324006948 15454591.068416351 0.15506394147875427 0.1803200819439511 0.15769544062912272 0.1713626925034928 0.1465536047513614 0.15210042621790543
890 1531145.0 0.2123175562549018 0.2520558513300011 51935.50962993132 0.07966215344460613 15441504.640109297 0.15476745425216548 0.1767350858296942 0.15766374806828767 0.17145383645907283 0.14657275479764295 0.15342385292686295
900 1546456.0 0.21233179492618084 0.25265589307436603 52384.75324832293 0.07983589813040746 15430833.142036224 0.15451621937786209 0.17660224437645877 0.1576297706104412 0.1715076078339619 0.14653899951749416 0.15372225126347364
910 1575384.0 0.21250887287961842 0.2634490704040245 52307.51341207802 0.08000719149159428 15421486.66961162 0.15453571833490112 0.17952543481995026 0.1575956923351779 0.17158528941965795 0.14656820557076605 0.15614610010055976
920 1589766.0 0.21255732664839996 0.26506040990498336 52739.04248818074 0.08017188016635829 15415608.09751975 0.15447078738860168 0.1797658938729565 0.15756182991349776 0.1716802236291303 0.14656298646206456 0.15679681532755002
930 1611292.0 0.21281741701504625 0.2673708104597309 52893.01792894645 0.08024011096022193 15442928.747888777 0.15516756357009195 0.17831249622090134 0.15753389400348117 0.17176229865694187 0.14663645062588068 0.15844790134640577
940 1627178.0 0.213509353062053 0.2678982890407532 52819.357077371315 0.08025964450223048 15488230.83312479 0.15517916928382167 0.17656640033208096 0.15750968020812342 0.1718202123854155 0.14667871509909533 0.15860589871498404
950 1645490.0 0.2157138247225378 0.2690843572310934 51329.73328071729 0.0802990793825837 15524370.426314447 0.15662900410273953 0.16726664416714979 0.1574971235430025 0.1717717122880136 0.14760929583340088 0.15892890066233728
960 1655986.0 0.21584998067671443 0.2713865734537964 51516.773346010006 0.08033212108689182 15563163.950701889 0.15552138900803156 0.1612970182516004 0.15747658530741418 0.17166418901031424 0.14756709649769403 0.15965730893650149
970 1673844.0 0.22280329224287784 0.27275155205062085 47109.14669360572 0.0804073593946008 15580827.010581762 0.15972089107632448 0.16937046133252884 0.15748524192705782 0.17159106005308938 0.1512637764045543 0.16012895290701462
980 1693392.0 0.22290023356158112 0.27350937742236137 47504.94519016313 0.08047745751588654 15601049.231587658 0.15948646016180665 0.16736165888836735 0.15750830445007805 0.17156308027520206 0.15134668278278737 0.16040337503814725
990 1709514.0 0.23007392439359492 0.2752872862484119 43399.672574611526 0.08050864920936197 15631589.420215607 0.1589127578423504 0.1672471798696082 0.15752269532239244 0.17152088591761092 0.15439231846022056 0.1606377138332265
1000 1731067.0 0.23014448742772955 0.28443807370090374 43889.709983066896 0.080539476742372 15662849.262195235 0.1588201607099257 0.1614138112809843 0.1575362543480207 0.17149725952208922 0.15440868296645732 0.1637213075221463
1010 1754042.0 0.23018458292542593 0.2873495166467666 44108.353301820694 0.08056941087603961 15694735.841346975 0.1587942890048259 0.15765641306245237 0.15754881659792952 0.17137157175341552 0.15442632066157666 0.16441860532109498
1020 1776610.0 0.23047935658664614 0.2878766732714485 43963.753678390836 0.08060382469175811 15724689.15958609 0.15670859662049025 0.15811930661807905 0.15755292072558671 0.17123744104014668 0.15452430073847842 0.16465221741831643
1030 1811276.0 0.2312378459851957 0.2894272141248086 43727.59235587672 0.08068214852525407 15737322.71784807 0.1568211281894262 0.16912172909218853 0.15754525372620748 0.17120422362638923 0.15506264900354944 0.16523383993195645
1040 1826254.0 0.2322873637503247 0.28967668806086505 43753.088096882675 0.0807304263541222 15761659.833912265 0.15670208329983923 0.16920394378970102 0.15754330269508415 0.17118445559631174 0.15522437642189957 0.165540866115692
1050 1838415.0 0.2324520961038202 0.290519663114069 43888.043749408265 0.08078060657217559 15785476.117266737 0.1570370748429898 0.17342050126896313 0.1575363319898605 0.17119403230129945 0.15525608733210755 0.16563741742353932
1060 1850245.0 0.2326771451750074 0.29270945850380164 44269.84648797121 0.08082970961552961 15810229.803984934 0.15704644361288456 0.17351792472241218 0.15753165821075718 0.17121509580778002 0.15538180510709168 0.166563282129425
1070 1856987.0 0.23376515232021028 0.29565771952848136 44012.25661088828 0.08087060584083171 15837908.060389377 0.15804091419459093 0.1742867744414928 0.15753182665917237 0.17124606539223466 0.15539382986448755 0.1678691805887338
1080 1874123.0 0.23393195847459555 0.2958443143927507 44128.66557945503 0.08091136348549238 15865816.721198607 0.1581714765179562 0.17438739969979788 0.15753760107546205 0.17127471037276476 0.15554994506434072 0.16795552287522586
1090 1892598.0 0.23435022798446556 0.29620647704718267 44163.792159695106 0.08092232795475003 15905546.322752954 0.15111903752893194 0.17416283045417735 0.1575174541471352 0.17130261981773418 0.1556565875853701 0.16803596856641514
1100 1915226.0 0.23693089974312911 0.30165458344728857 42889.11516629112 0.08090202853699985 15956901.932107126 0.1503617801247052 0.16458808665261507 0.15745816708287402 0.17128802788134395 0.15643173802137025 0.16997133536884035
1110 1936762.0 0.2373645791987328 0.3021420768421477 43224.28168414719 0.08088254447350171 16008232.29481814 0.15024282041667933 0.1647281933218235 0.15739396449050025 0.17122838177288563 0.1565591284068208 0.1702925004773244
1120 1955332.0 0.23747629270031745 0.3025976064635336 43523.50237307243 0.08086116407696309 16060645.634626493 0.1502653960085122 0.16476642349027842 0.15733033265521074 0.17117060247007077 0.1564964603284261 0.1700788660732033
1130 1969977.0 0.23939016785021125 0.3029196492382659 42567.21454169427 0.08083808380915397 16112921.140722465 0.14809946036628965 0.16681499553147927 0.15726431338346344 0.17112320481436413 0.15601795419245426 0.17015675214266576
1140 1988057.0 0.24169013321937974 0.30349989212158024 41670.78383092411 0.08078399947990188 16177988.382035958 0.14717011678000858 0.16746734427929158 0.15717625205659627 0.17108650207353288 0.15679582530147487 0.17029379194159763
