1 4299.0 0.05710778871261628 0.06111990665227419 1111787.789496624 0.05710778871261628 1111787.789496624 0.14756793101561227 0.16590874881274723 0.1475679310155878 0.16590874881274692 0.057107788712616105 0.0611199066522741
10 17901.0 0.05714991010292169 0.0611687194352375 1121130.9726099237 0.05703746680666312 2232894.2657658234 0.14754860759222724 0.16594146937318996 0.14756447028500222 0.1659492185560976 0.05711841799668571 0.061131732009093366
20 32730.0 0.06052737623741753 0.06171429488265769 961207.103582908 0.05752294145007897 3187558.3503863714 0.14743246606833912 0.16578284652722433 0.147362522544043 0.1659076068963854 0.05914853110074001 0.061445200232766006
30 48935.0 0.060568712187335734 0.06184734442852303 989037.5904120747 0.05770793971845439 4174856.6318189125 0.1484124629171255 0.1697368945483949 0.14744920410208387 0.16625216369071727 0.05933001133239666 0.06155718542769385
40 59431.0 0.06138989477318854 0.06894447083651305 955773.2374495047 0.05789700591134528 5127818.342692058 0.14848036637582782 0.16976801984517625 0.147695128956808 0.16710615910054458 0.05995397076447696 0.06804245529242377
50 74167.0 0.061541982051602384 0.06930969461361368 962270.4417436394 0.05802458921595616 6088433.050424562 0.1466052858269495 0.16383129872004726 0.14774989359545668 0.16750594131473467 0.06006064661915952 0.06830321793624672
60 90618.0 0.06463131571997134 0.07299250862662786 836175.5627169651 0.05825389933679927 6913682.382229816 0.14665915635182553 0.1657158509505139 0.1475637777944255 0.16705708950599524 0.06250427889924089 0.06987126031123342
70 95027.0 0.06483820589599072 0.07334299300293112 863360.8992776042 0.05840327813311055 7771361.263619038 0.1493016146130466 0.16406230771549585 0.14751313994743484 0.16681268207651131 0.06263421061842443 0.06984629797540094
80 105794.0 0.06755123183651794 0.07518672981728387 784169.128273658 0.05859171660802336 8542937.027139243 0.14932779805626303 0.16274241644449344 0.1477367064491943 0.16649110537475728 0.06458327461790503 0.07038723571162965
90 114113.0 0.06775064485812032 0.0765070133431326 790885.2572500171 0.0587174512738583 9325707.776166728 0.1493387060574288 0.16264770320447106 0.14791208501401276 0.16606762352948506 0.06467937844647162 0.07068245631756648
100 139613.0 0.06828747225055312 0.07681994824270069 790096.8170263135 0.0587431180395102 10113997.033553278 0.14916383413803863 0.1628710045005071 0.14806004301045964 0.1657357188005735 0.0650000291944841 0.07021432445887071
110 158901.0 0.06844747856909147 0.07702980905486974 807566.3170015097 0.05857147867775825 10935043.066898359 0.14915594155134967 0.1641915660970716 0.14815918066697015 0.16553565673569712 0.0651229461573759 0.06981824648244814
120 174939.0 0.06968486102296874 0.0775158550572403 778928.003159482 0.05846745232627566 11723548.993413873 0.14901734562433214 0.16575379911987603 0.14825857207605134 0.16547209621063674 0.065738811565272 0.06964386351076556
130 184625.0 0.06978338122687802 0.07757418095021398 784475.3707513864 0.05831064019716941 12523325.679826472 0.14884946106023655 0.16574753890080704 0.14830399762067284 0.16549346614164204 0.06577877606392125 0.06928103021637946
140 200387.0 0.06979881668255294 0.0781166690946218 791478.1425925614 0.058149989704189955 13330442.83908448 0.14896241455846923 0.16682615742027174 0.14834731578782542 0.16553874990922293 0.0657614511201963 0.06922499292969417
150 215946.0 0.07005771893121515 0.08094352350627311 786432.0945373061 0.058024921352356124 14129333.05377034 0.1490842001613675 0.16729022025947768 0.14839432937044403 0.16565405866270588 0.06591490405726591 0.07115824301439683
160 228146.0 0.08130665534162596 0.08309053707578769 507808.12722437346 0.058547401485243684 14512572.199313564 0.1528558209507361 0.16394068425721592 0.148551228454363 0.1656787144340081 0.07188552668661877 0.07269952545259699
170 249989.0 0.08203993407892414 0.09011192566534301 498957.0457541764 0.058748830794873114 14955390.628431639 0.14908347117929072 0.17286497538627593 0.14864943459122096 0.16594212897772626 0.07263100989491597 0.0765747545954515
180 267270.0 0.0827907479951683 0.09238899478244411 494777.76530834904 0.058595049044051835 15501136.622772563 0.14836814510526236 0.17331524975220527 0.1486372547195056 0.16633118772282482 0.07325336849711331 0.07842115016811065
190 281052.0 0.09570061715899156 0.1015815992094572 325906.22110706003 0.058954962559264065 15672446.909053786 0.15411978318103997 0.1756625587813842 0.1488237787530148 0.16666139827606516 0.08329348597268335 0.08289613358228907
200 301783.0 0.09585740802963816 0.10294050394921982 329628.10966356786 0.05928058809741529 15866685.054912558 0.15496716685012865 0.17347071358866453 0.1490777533249017 0.16708646789595072 0.08351074579847069 0.0837769055015746
210 324509.0 0.09607257143891049 0.10306445528490761 331098.2495600243 0.059575486349648335 16078089.1745143 0.15481943294050898 0.1755508045444196 0.1493528744958921 0.16739776539109422 0.08378697969639069 0.0840251093229849
220 338417.0 0.09644915100237617 0.10358018535782143 337504.09074822476 0.059771621114986184 16336627.02209212 0.15455935801924522 0.1761974424191077 0.14959339092982096 0.16778017275815046 0.08401360826422696 0.08414113517492557
230 358571.0 0.09647533077601059 0.10635289065713388 346172.77145572443 0.06000831418334229 16593595.43345919 0.1546267061499681 0.17492578464446443 0.14981029640938345 0.16811678198232127 0.08422883060011392 0.08466272228703338
240 372294.0 0.09658385315092001 0.10864261044028595 347388.61785664945 0.05984710519203621 17011990.54418016 0.15472178697505076 0.1785237893492201 0.1500132119787412 0.1684892601203881 0.084350585269918 0.08536593562380976
250 378330.0 0.0973386675494371 0.11698240048020817 346467.25817823847 0.059644679965142194 17450884.493867345 0.1543351130474586 0.17739134538217097 0.15019425237592562 0.1688644898845091 0.08467904806828028 0.08974038198628452
260 396812.0 0.09812255102510259 0.1196995998347134 339624.17633096274 0.059473100018623215 17870759.49385105 0.15442193704301438 0.16646065090198894 0.15035405863748602 0.16904236361628636 0.08535034758931676 0.09193670510592278
270 418826.0 0.10071053320855569 0.12266258828382444 318274.12490379665 0.05931584424137486 18267601.079199675 0.15391128894728767 0.1656987493464824 0.15048809708290903 0.16892511882731298 0.08744677434001977 0.09464033327617936
280 431963.0 0.10148226025842665 0.12311500323890902 316901.38831553655 0.059166391531081525 18660323.416052688 0.15867649130243267 0.16639081643202885 0.15069148301417673 0.16881330093874042 0.08787589896236608 0.09473208171429115
290 445336.0 0.10193012848569367 0.1357578636102642 313036.0980000892 0.05902037860029845 19049177.162732016 0.1587596924157961 0.17411256472647232 0.15096840013157914 0.16881188705253058 0.08826812657181066 0.09849991426779144
300 468882.0 0.10196617196302406 0.1359600001719602 313932.16012052266 0.058882241308361706 19435418.842789393 0.15936697398942568 0.17486001631803683 0.15122928888220027 0.16899980225324127 0.08836025896644994 0.09888658290679012
310 484215.0 0.10460982169939341 0.13763977715877596 292219.7073172728 0.05876110518417027 19795249.44430746 0.16011385880570864 0.1777946788902317 0.15149437906945323 0.1692015765361308 0.09013437718654269 0.1001049719093661
320 503639.0 0.10749104611573468 0.14120090316644576 269819.9641388502 0.058654144465145754 20128738.412701506 0.16103488977131394 0.17932947570567254 0.15176924683039505 0.16948842078746723 0.0906782650269321 0.10107987024558288
330 508979.0 0.11302841787426755 0.1416144355058125 235647.1148965698 0.05857443303983925 20416101.434740193 0.1610401924348023 0.17932330911464678 0.15204927951868963 0.1697839533125513 0.09329879954654177 0.10163337415701376
340 543073.0 0.11358824425954701 0.14209081286547362 234248.60396149865 0.05848258007652739 20710867.401597213 0.15953150759841364 0.1781855677015416 0.15229260568016356 0.17003418594818917 0.09433424879757626 0.10214393045658883
350 557120.0 0.12334147802076878 0.14258797198466022 188891.12023030745 0.05843400338308274 20935284.879121624 0.1563860028792501 0.17786011142925293 0.1524237119350401 0.17025686683598873 0.10266413027086291 0.10281635558596264
360 578495.0 0.12392009318268299 0.14320398877552964 187916.1777903238 0.05841352301179688 21138138.389984142 0.1542398956950267 0.1761279480452503 0.15251845826318114 0.17046251381309852 0.102971659932984 0.10353515662685402
370 598233.0 0.12833879166262555 0.14477153013494828 172122.78529158246 0.05846912108592558 21269003.94600901 0.15383519797429168 0.1746641299291111 0.15256246788620473 0.17060649644871861 0.1069922647810074 0.10463801932105263
380 615146.0 0.12844855391249535 0.14557438873068054 172252.92427778104 0.058527898400335884 21397905.292210042 0.15383304470659515 0.176758183998981 0.1525966853897089 0.1707351237130309 0.10714407858844094 0.10529962187333242
390 628328.0 0.13105516680043203 0.14560230178711986 162782.69566845841 0.05859954962003013 21506930.292210814 0.15395777358305662 0.17355520282787054 0.15262981856185648 0.1708317874226553 0.10894587686673506 0.10551515388948854
400 638105.0 0.13157481587423658 0.14572991584776745 162292.14068015784 0.05861006807960819 21661200.00279151 0.15383340624305158 0.1734809039963484 0.15266228738592638 0.17089910623662546 0.10917447245952992 0.10569363176461832
410 658750.0 0.13208863904971074 0.14581215666327535 161458.01363183823 0.058620450226553836 21814727.95822446 0.15381516620556876 0.17348013340474275 0.1526905718775317 0.17096192501961383 0.10919649539180877 0.10588978655300652
420 675673.0 0.1320919982304662 0.14590180197989777 162249.35753769014 0.0586304013691779 21969398.89560313 0.15384463153731975 0.17349715800351684 0.15271736020369103 0.171021928711744 0.10923586928489215 0.10602911087226627
430 691172.0 0.13258596093659814 0.14905083539550473 161224.54553281915 0.05864772108736452 22117442.422254268 0.15417349683992584 0.17395441021200717 0.15274765882076194 0.1710856042069359 0.10961155567770532 0.10803914527755529
440 714787.0 0.1347026985210852 0.14977027506954405 155029.4854148268 0.05870676658221693 22227498.852635033 0.15432207530439002 0.1737365525966018 0.15278390870968223 0.17114819028577563 0.11066609320944004 0.10838115390359943
450 729195.0 0.14122035962477475 0.15089517192243243 135853.53084109686 0.058697200406163816 22371220.076386586 0.14932084284474703 0.17319783182091528 0.1527399481485019 0.17119826001054522 0.11283974429010417 0.10873026190268265
460 744491.0 0.1416283541081938 0.1521889490632585 134998.50584511683 0.058595488601065386 22592695.63525583 0.14852900910998593 0.17171707617096962 0.15265717640912346 0.17123184810313619 0.11301272260985991 0.10920229925336244
470 754785.0 0.14205234941224895 0.1532592793662817 134851.19592257866 0.058516045374420976 22795178.630297646 0.14586507011617042 0.16943414826539668 0.15252590903761937 0.17122047165036905 0.113180348598954 0.10959914032313453
480 767566.0 0.14314831794297966 0.16089650292231514 132104.3051541724 0.05843417863152277 22998003.186422344 0.14542535210968524 0.17284871088070244 0.15238149910135693 0.17123852584789426 0.11341756124068862 0.11253083238819635
490 780212.0 0.14588947204773098 0.16176105610470426 126238.30094967532 0.0583793170007078 23172274.16177467 0.1468172011906536 0.17360470157881877 0.1522486358960264 0.17127543841759002 0.11321948744011105 0.11295008750234879
500 795888.0 0.14602699393905275 0.1830801396920272 127331.9589593328 0.0582829449231993 23385304.035453074 0.14675515499253583 0.1882555774742057 0.15213930224870703 0.17149720496005247 0.1131385141851734 0.12149996408832521
510 806692.0 0.14639221703845784 0.1833097512963581 127061.8550825359 0.058137327126483035 23645158.750625413 0.14423197204143715 0.18809297706790995 0.15200976689799311 0.17182379591147084 0.1130075660622565 0.12153463088674671
520 822099.0 0.15669911362624314 0.18461665058325863 104500.31566708781 0.05799694487419626 23886432.71951555 0.1451316431467873 0.18958525591981307 0.1518697683199195 0.1721555872443794 0.11570452880244951 0.12213020183982681
530 831751.0 0.15670022530882585 0.1846191197433165 104936.78617960332 0.057861761964586776 24124203.645590637 0.14518141156264888 0.190589565054174 0.15174373485419862 0.1724867671050782 0.11557304909629003 0.12230793029639582
540 854520.0 0.15742599431249282 0.18626268815367916 105587.75247536674 0.05773131173778037 24358962.21800393 0.1452026766515316 0.19052374183513218 0.15162258169852252 0.17281910352727253 0.11574044153754902 0.12217814024001741
550 872006.0 0.16244792259834398 0.186818822344177 96738.3255369711 0.0576565285777482 24531002.729256637 0.1439033598246444 0.17868123021852975 0.1514930436497602 0.17311649199492818 0.11803485752348422 0.12264486808402134
560 885004.0 0.16413581559729062 0.189735824408792 94963.71428396319 0.05755960451890343 24725228.369418405 0.14350200388951145 0.1777760710716834 0.15134922523525499 0.17320434429592554 0.11917412750627998 0.12379324515037078
570 901547.0 0.16437352548946305 0.1907872373897982 95094.92415782897 0.05746660258293669 24916155.116387326 0.14351954440068546 0.17787731283845165 0.15121206931859846 0.1732859196166499 0.11907406257121318 0.12418071640066264
580 916639.0 0.16485151756593278 0.1908744485251931 94478.62730199315 0.057446227910926184 25031350.931075644 0.14331856922108277 0.1755803082202717 0.1510779919756809 0.17335690879385282 0.11926697026308282 0.12413429570806778
590 936765.0 0.16574187991631245 0.19200058440539894 93223.22387925208 0.057436344810809406 25134642.82013296 0.1438190281909743 0.17643999043355577 0.15095184145502946 0.1734032732512585 0.11955377024555515 0.12485767005748036
600 949984.0 0.1658594296357187 0.19250851457327872 93405.16774493238 0.05740998668387612 25255054.24660615 0.14669813541573937 0.1772159047906756 0.15088104297079982 0.1734631308272388 0.11951518955532281 0.12505670869442026
610 969508.0 0.16616184607971032 0.1928119217732686 93663.13757137673 0.05734749629314737 25413606.980033003 0.1463741601613817 0.17571806174054902 0.1508107127708289 0.17351649233360358 0.11941851068028925 0.12519691319098106
620 982326.0 0.16624349579010506 0.1953498056758104 93687.33096945727 0.05728739097776301 25569963.598895352 0.14637089954960214 0.17446188414688207 0.15073940190201754 0.17354387302367213 0.11931589664610652 0.1258422182160906
630 992524.0 0.16643754356147422 0.19538202932834633 93840.01568684842 0.05727189459764033 25679776.43227682 0.14608295153308581 0.17436413658089778 0.1506659651660734 0.17355753582686095 0.11929217484810288 0.1258543205697353
640 1008431.0 0.16749519973346302 0.19696875734682867 94127.88280676407 0.05723777739569595 25809324.67672798 0.14761634146102437 0.17282948128724926 0.15060396862515799 0.17356554820297498 0.11903540655638005 0.1260508570915568
650 1029178.0 0.1728883938647613 0.19769506677997126 85935.52877840743 0.05706644095859719 26086370.679957166 0.14581778900466466 0.17505226114195477 0.15055278832988042 0.17357990881132462 0.12398064895370016 0.12658280975510033
660 1039643.0 0.1738249673240548 0.198260704885641 85105.30539579471 0.05689938939402158 26360494.279824127 0.1457682218129532 0.1719165947485289 0.15048065773571528 0.1735971448661652 0.1242560283090653 0.12695259844836768
670 1052874.0 0.17414763458882035 0.19920938662998297 85003.67003690316 0.05674207130139207 26625379.851403236 0.14712034704645213 0.17202665504736944 0.15042247455837132 0.1735725995855744 0.1242850314115736 0.12703222166517916
680 1085459.0 0.17466108951568546 0.20038939590658753 84511.56706050929 0.05656476588054282 26916710.43306604 0.14333118203084058 0.171643261753563 0.15034779031916976 0.17354600517025912 0.1242657723841814 0.1271274219472387
690 1103325.0 0.17515913553542975 0.2004177857402027 84008.04994193332 0.056413013852314946 27179035.956077773 0.14384304439377563 0.171651315643031 0.15025162425985492 0.173518548640888 0.1242998513973403 0.12714024648286823
700 1119629.0 0.1752499119792351 0.2004563918666444 83986.34852693303 0.05623273225792555 27479416.164411858 0.1409280288404357 0.17160787996094 0.15015303241289366 0.1734920145318389 0.12419316408772034 0.1271744338007776
710 1134585.0 0.1793927889373237 0.20182543998939614 79430.84484416814 0.0560620054307579 27768469.083417226 0.14100672839438766 0.1671573858834944 0.15002466620524985 0.17344375759730482 0.1260554751676785 0.12714081673547978
720 1154800.0 0.1799329045526145 0.20542731208070109 79228.39444319239 0.05597913792416054 27948008.03327093 0.14569794745138048 0.16656556876715647 0.1499642715964549 0.1733507076769152 0.126310703579613 0.12964790998820952
730 1166993.0 0.18159384499327003 0.20544020867871882 77272.27882495402 0.055894425719308104 28129151.482734382 0.14687063776076076 0.1664555718998948 0.1499154192891598 0.17325682835898182 0.12634251667300198 0.12960270632627718
740 1189344.0 0.18202239247806223 0.20548585153572912 78453.58474762879 0.055823117537719895 28294926.410888333 0.14596788252370016 0.16619703903516864 0.14986751881566185 0.17316267273062885 0.12666770462618732 0.12958088997337752
750 1208098.0 0.18248564030930547 0.2076148762043112 79446.63011609108 0.05575413691635742 28459007.48271776 0.14489408051592387 0.16570853072399533 0.14981139645657557 0.17306105475413702 0.1266834490754084 0.13064921587553568
760 1221548.0 0.18324132363257142 0.20867457829109717 78947.26794642123 0.05571050264845705 28591358.966187637 0.14516651831969707 0.1653356406453007 0.1497498698870989 0.17296131494868944 0.12688029308615764 0.13096154466019816
770 1243898.0 0.1836623924917044 0.21126168624868744 79800.35875356801 0.05562100574475511 28782735.542804323 0.1452011657445309 0.1657876441829738 0.14969072819920404 0.17286645292997163 0.12714808423045024 0.13234423490701716
780 1260577.0 0.1836996572719734 0.21142303511314242 79964.55133408666 0.05551764591551995 28993119.866591476 0.14506189507109227 0.1655922638800294 0.14963149341427737 0.17277269121294916 0.1270881296136462 0.13241101167608849
790 1272884.0 0.18649085036892965 0.21192957259942374 76824.38902087945 0.055446265834838304 29160507.524193566 0.1446566463554413 0.16550245959739696 0.14956207242441039 0.172680913577615 0.12841188558807187 0.1325383954448499
800 1289765.0 0.1884637436049257 0.2133531177861753 75147.2136277522 0.05540572758821791 29287036.40964523 0.1450873964634435 0.16484984366943167 0.14950346261914588 0.172585274221064 0.1289930210320807 0.132906115659731
810 1309626.0 0.18859614877804962 0.21378575841307337 75133.91683853474 0.055366135630237914 29412501.19333093 0.1452181208429837 0.16800997090851374 0.14944890551351667 0.17249237669065676 0.12895332438916973 0.13303598231333963
820 1314804.0 0.18959105437029194 0.21730433204353738 74370.44852548941 0.05522890502206832 29668965.57927285 0.1407188091399482 0.16858007512875303 0.14938903626581101 0.17244458397930804 0.12902676836705956 0.13275036539703874
830 1332058.0 0.18990600398728286 0.21849810531748787 74156.13868427095 0.05508240009169508 29940468.446968317 0.13966391829180846 0.16747353774524815 0.14926925080150838 0.17238676534873032 0.12890017644417645 0.1332935472656338
840 1342635.0 0.19001068283851144 0.2197893398717936 74245.85268992055 0.05493914851211098 30209713.335677445 0.13963999407897223 0.17008462710467248 0.14915458268828324 0.1723319896703846 0.12880789048954946 0.13326177825212432
850 1363869.0 0.19105015314619053 0.2353103019019981 74260.73087020741 0.054819515088499714 30447276.744340386 0.13986113618774973 0.1809712673037435 0.1490404420079183 0.1723615265158073 0.12875308206920372 0.13843325394422523
860 1375216.0 0.19127116523892707 0.23998328949019299 74728.5913373415 0.054764689191081156 30595516.166327357 0.13996134593681386 0.18291053165577179 0.14893427102873752 0.1724803409938161 0.1287328185881081 0.13804470133364974
870 1387811.0 0.1916780142104908 0.2406159964077903 75094.1986580377 0.054710312712741474 30743747.25673847 0.14098267330147668 0.18697936842390867 0.14883254984112795 0.17260514884411063 0.12880951356045614 0.13835785426262265
880 1403142.0 0.1933421161609032 0.2517040593693374 73665.7289504605 0.05466554132006979 30877928.897804387 0.13989382143136964 0.18391307983909738 0.14873919416664397 0.1727553585864134 0.12978612395990682 0.14367927936847436
890 1420869.0 0.19492754706709828 0.25210852258584104 72072.70502571568 0.054574670787371486 31076378.600979846 0.14021946991637033 0.18532446776388817 0.14864403585796368 0.17288323495479363 0.13022735869123092 0.14410915037377464
900 1437151.0 0.19511857486287154 0.2538557360107662 71923.62467380443 0.05452355340593317 31218753.23502481 0.14017623915078686 0.18613372953125698 0.1485502704200961 0.17302766332838193 0.13026536930210625 0.1449637803788028
910 1446892.0 0.1988108519785954 0.2582159927746757 68355.02859866184 0.05451341103737407 31301061.029834416 0.14062691137838898 0.1871972136093805 0.14846232980784588 0.17317052457879298 0.1307690866657972 0.14704206059100483
920 1471461.0 0.19957317901392038 0.26545482569658474 67621.54737009363 0.05448149078020226 31413175.002063353 0.14107285980174575 0.1931521630539633 0.14838025921573816 0.17333774886502595 0.1311488576564529 0.14896606552987163
930 1491744.0 0.20046318571591154 0.2655667242469349 67020.93345802513 0.054450142316191275 31524085.961412154 0.1404564035318858 0.19305114500720044 0.14829703432715086 0.17354981350230356 0.13123511671298838 0.14909338068964603
940 1508618.0 0.20129545993765594 0.2684648592716994 66578.80989819346 0.054376694560435805 31695812.915918846 0.14025193401772895 0.1921007816967031 0.14821366465221714 0.17374845365724764 0.13177867584558617 0.15116644013363958
950 1530793.0 0.20131457464054814 0.26868268687615493 66852.45936247318 0.05430479237218724 31866065.226840265 0.14024163813478263 0.19178239178347525 0.14812987617602122 0.1739394948968543 0.13168109393057562 0.15133633041786942
960 1540824.0 0.20220230334263473 0.27536475780889147 66756.86115509956 0.05420317658678353 32081727.403727636 0.13879204896019193 0.1884381839873689 0.1480398850377834 0.17409823989433107 0.13181163315429592 0.15449283160273344
970 1560814.0 0.20317720802851813 0.275778409568186 66200.96496018342 0.054127606189365775 32258555.259388104 0.13811836118062581 0.1884722108942958 0.14793849869856543 0.17424605732947998 0.1319988112400336 0.15450220442934112
980 1572222.0 0.2034856364755775 0.2794160930382138 66178.17530371007 0.054049623788516736 32439735.828790974 0.13811850470007447 0.18931199526756648 0.14783839868740323 0.1743962139985166 0.13189442439758714 0.15664390457673277
990 1596612.0 0.203622060409757 0.2795078878250671 66489.04077382702 0.05397312887094538 32619575.59589381 0.1382367183417736 0.18949072987357998 0.14774063976080398 0.17454956958833787 0.1318682148879004 0.1567881604884282
1000 1603744.0 0.20368872923659173 0.2796773520888889 66526.48196531895 0.05389893538915263 32796613.516845185 0.13892596179185054 0.19250482245073605 0.14764634279893787 0.1747022256225097 0.131781094532969 0.15707357312656722
1010 1619857.0 0.20871589429141707 0.2818160961023426 61876.02228364984 0.05383625134420487 32953382.520322006 0.13917520881823786 0.19172009026611314 0.14756280610355207 0.17487073925012564 0.13305236212337646 0.15768998905211756
1020 1636789.0 0.20885668847155534 0.28192599682127206 62294.54085066276 0.05377540233948647 33108066.369692046 0.13909979995417432 0.19180758476878354 0.1474811774805402 0.17503694470493178 0.13301416574306713 0.1578828382551343
1030 1651502.0 0.2093535775808425 0.28407541224915056 62143.64539486294 0.05371479913566383 33262726.987900995 0.13839948046989112 0.1865031586102731 0.14739447294148766 0.1751701113365473 0.13311973560646975 0.15820134176043918
1040 1664274.0 0.2096182256160834 0.2844176647044067 62115.20656786332 0.05363011960864642 33456187.156703055 0.13868105158055832 0.18615921653195322 0.14731000738260727 0.17527856277003054 0.13320547230593088 0.15860460594814696
1050 1681745.0 0.21007163037054627 0.2860160628488546 62247.6831918094 0.05351167427270631 33706095.79938293 0.1393072204350073 0.18685224341118542 0.14722966322019432 0.17538334511167158 0.13305292007333647 0.1590663501751505
1060 1706649.0 0.21338434243543056 0.2959708025827222 59681.47667654475 0.0534105558587539 33927614.390595786 0.14034427873734256 0.1882993285297323 0.14715605552522582 0.17549684132906002 0.13383507154409194 0.16118318961154884
1070 1729438.0 0.214197946975559 0.29610997121573845 59141.96658431154 0.05331077006556706 34147976.164321 0.13915074130875354 0.18691155797344627 0.14708377285937374 0.17560905081755593 0.13463135673752388 0.1613373438046515
1080 1743241.0 0.22393497776092613 0.2987585099524701 52530.3019884197 0.05320990087201768 34368181.48044924 0.14013026832323558 0.18292537010062596 0.1470185891034802 0.1756838236301312 0.13792571964413602 0.16220077165454477
1090 1767842.0 0.22477791976527273 0.2992921089514136 52191.0697122182 0.05310427747974254 34597903.25839068 0.1397941603728304 0.1887185129290817 0.14695046421757277 0.1757533773719934 0.13822837915240868 0.16225495265924825
1100 1777199.0 0.22507862483110774 0.3022123650289946 52573.57912358651 0.05302423756077391 34784687.709293775 0.1397178404886575 0.18886147416175636 0.146885230150232 0.17587210407223727 0.13823135319552288 0.16215662296690372
1110 1790606.0 0.2254111248009038 0.3026543387292632 52412.02102941704 0.05295534342360173 34952922.27008417 0.1391468856961899 0.18052066524004926 0.14682130551692316 0.17594320978149777 0.13828455925082866 0.16223871124839964
1120 1801666.0 0.226128791643589 0.30564258542862227 52060.30995973064 0.0528910067132891 35113680.01029401 0.13729000984533757 0.18161218749810867 0.1467450261851528 0.175990703682764 0.1382178670108155 0.16301251484432797
1130 1821629.0 0.2261492284399111 0.3108514701462745 52528.41959864722 0.05282690958584094 35274901.0323428 0.13813157176451024 0.18276943659932324 0.14666218777603446 0.17604269343234957 0.13812943331382668 0.16559645034975398
1140 1834119.0 0.2300545487560266 0.31262848532591314 50265.6398792412 0.05273061806857435 35492674.70046385 0.13828581733209275 0.18608813907858912 0.14658842549975 0.17612364027032065 0.13990869049260252 0.16543421366169092
1150 1848763.0 0.23068252940939285 0.3209627741104286 50237.95179645413 0.05262874115127185 35721954.893132225 0.1366799889211407 0.18773477396990837 0.14651099184134758 0.17622541661250912 0.13999590299073003 0.16856263152240425
1160 1861126.0 0.23252503029058003 0.32163514588986475 49148.66749273582 0.05254470792723378 35919486.413528964 0.1371256795824178 0.18718603586945132 0.14642983561205622 0.17632353467673906 0.1419382221710743 0.16912029526113487
1170 1887074.0 0.23278349772339793 0.32226875486414003 49274.728125223955 0.052449034751436883 36139594.6003601 0.13679257991300817 0.1869159471458978 0.14634935419872944 0.1764149209408662 0.14185029285383838 0.1694687744064103
1180 1899919.0 0.23561440007988071 0.32626440126678036 47644.09677447277 0.05237491121774067 36320180.685372345 0.136979996982783 0.18198842508343746 0.1462723114489451 0.176465219312198 0.14366540798914237 0.1713508285444491
1190 1913518.0 0.23572139083926483 0.3268691369766345 47809.83333280766 0.0523002970404866 36502593.37476809 0.13699103639854238 0.17833241479141534 0.14619425002436137 0.17648833728610228 0.1436015723332369 0.17114897921549
1200 1926999.0 0.2361495416600356 0.3327696393644338 47672.36303746122 0.05223450190472522 36669319.403176494 0.13674337649101295 0.1799052386683393 0.14611622047470652 0.17650833246377626 0.14380184750060068 0.17408966127010023
1210 1939571.0 0.23901499786108285 0.33493293808302865 46110.14979057065 0.05218496078434634 36805423.35315676 0.1366257848451724 0.18093358255542383 0.14603601811025435 0.17653896542725722 0.144840486659746 0.1743329510932159
1220 1950077.0 0.23921527245018429 0.33538409755152365 46052.47800485403 0.05212291498122881 36965261.17403718 0.13653029292324093 0.1832723286741357 0.1459582868802857 0.17658271300667305 0.14478697017371212 0.17468221142679058
1230 1968282.0 0.239969392031396 0.3393204602216964 45670.470554648986 0.0520618807245231 37123536.333956905 0.13650200369815038 0.18346925815803225 0.14588176753759857 0.17663902794470995 0.1450276396934631 0.17630462482429174
1240 1992951.0 0.24107371383905601 0.3396636041237891 45237.131847198194 0.05200954368128084 37265612.72842418 0.1370539125644268 0.18345481406047923 0.14580783452890503 0.17669455863811223 0.1456581959187952 0.17648938914235435
