1 1625.0 0.23167120585397655 0.2170756486531355 11416.372808091894 0.23167120585397655 11416.372808091894 0.45147166233976826 0.4895189866033233 0.45147166233976765 0.4895189866033233 0.23167120585397566 0.21707564865313544
10 15407.0 0.23643426981394774 0.21741074342715894 10765.693848145806 0.2336392266661131 22170.39911463752 0.4529397129174136 0.4887443382147614 0.45200450107521295 0.4892389617936397 0.23493308792351134 0.21666708279905084
20 30808.0 0.24042702306337874 0.22070361551580572 10733.77251122122 0.22971181108080016 32992.29835224676 0.45320459534836127 0.4934966517192714 0.4525867910780293 0.4896506762850657 0.23829221649541354 0.21838336109772488
30 51765.0 0.2435295965303152 0.24759974990404401 10634.758856554343 0.2190333674611939 44619.810544096326 0.43162816210486016 0.48994195752372877 0.4476656069628053 0.49104356767729496 0.23630145468181282 0.24098445079569603
40 76112.0 0.24888601090254997 0.26308224552134063 9998.549696418759 0.21007043303901538 56210.286359508136 0.4332256189351623 0.49801341865151727 0.4439757650936715 0.49219153580749236 0.23521086800421057 0.2490400798160335
50 97298.0 0.250276989511934 0.26804353718244267 9920.581221918046 0.20429838444272255 67343.07031349934 0.4321987517678306 0.4952886204531947 0.44183066288773093 0.4930191673435209 0.23323667352719404 0.2523214775570554
60 106504.0 0.2620131361081435 0.2744832258431409 8777.696319984962 0.20117126278986672 77047.26876105776 0.4360947136639796 0.5026860014590174 0.4406443083169981 0.4936400337597395 0.23819853514937328 0.25447038842694786
70 122006.0 0.27752252975765523 0.28147839421070425 7522.035059163261 0.20104189710748188 84615.94292626658 0.44516124717103217 0.502079833937718 0.4406120022194545 0.4949886145924264 0.24667369021721902 0.25806230580227885
80 145138.0 0.28233535886422617 0.2822250014103657 7202.605983106063 0.20126462077590693 91732.69011055722 0.4452625804307326 0.5010762037537009 0.4411692965528016 0.49572889404698695 0.24966412308989933 0.25810728490444823
90 160327.0 0.2836005145098695 0.28556999429940183 7515.586603423123 0.1999734417525453 99785.22859673678 0.44980226130703044 0.5088558068576985 0.44176903634624526 0.4966765376910106 0.25043825557197336 0.2603413974928033
100 178237.0 0.2855319878342227 0.2893981597200427 7779.704842989618 0.198669576118681 108091.21801539454 0.45938011223997227 0.5115334801260061 0.4430927032102405 0.4980136189153127 0.251853560316595 0.26254589120123223
110 191235.0 0.2857026777829683 0.3106645762733844 7792.938568264488 0.19735517841316708 116448.31309876141 0.45930455334573267 0.5159034018733702 0.444556546837568 0.4993853285838556 0.25182525232471314 0.2785747245609136
120 204804.0 0.29287861655356495 0.3153168422212391 7352.617423061879 0.1968648729236753 124026.6592606011 0.4596689084991207 0.5085104867404763 0.4458024911471726 0.500200572358228 0.2583714978750057 0.2798026611021156
130 221535.0 0.2971657881832424 0.32315377686615304 7209.632346762255 0.19673628448415909 131295.70553294086 0.4619176012442474 0.5121650249960973 0.4469699912440969 0.5009673406485908 0.2606275309112696 0.2842739495175437
140 245311.0 0.29754320275584467 0.32491675137779025 7292.2786089084175 0.1965595106897065 138668.09263664082 0.46138222895932485 0.5149899465694372 0.44800852638714644 0.5017817198434209 0.2608031906410131 0.28537054194171607
150 267008.0 0.3039367086719959 0.3398055991979072 6864.461336575588 0.196061913932489 145827.55767570686 0.4624233193388798 0.5153097389287841 0.44894602207580314 0.5026601809658958 0.2622266477207144 0.2961367073275323
160 291121.0 0.3063466668157123 0.35254098991510346 6716.020378411808 0.1955568358340723 152868.00013695363 0.4604408065917556 0.5181687689502116 0.44967346468365654 0.5036057264123446 0.26296925289377543 0.3076498843610062
170 300031.0 0.31209847413661107 0.35874378467738455 6420.037840166742 0.1948950313506641 159786.68764171554 0.46431173729970987 0.5187892922861983 0.450422931968779 0.5044834436402695 0.26514594095209876 0.3123177945465529
180 320406.0 0.32357349060911234 0.36786751676909346 5800.652535114548 0.19457966900840792 165865.0978866771 0.4646011879528757 0.5191254627008876 0.4512271838924383 0.5052975493902501 0.2738687975293051 0.3193825758921634
190 347943.0 0.33962870898976283 0.3691879040998377 5275.34530440743 0.19418756482019836 171551.81937839717 0.47856819904929426 0.5114340362263095 0.45223127523961554 0.505899385517354 0.2773262690352148 0.320120164410552
200 360136.0 0.357746905494823 0.37635556519836605 4703.396979191169 0.19457331492943586 175828.94165278107 0.4809747108311902 0.5062826023113575 0.45353393098569034 0.5058830753538952 0.29268595961045757 0.3260774044937415
210 375968.0 0.36459442827993627 0.37960920432811074 4475.920131788808 0.19501800598642507 179790.95473553467 0.48337400652641827 0.5063947808206454 0.4548552254501607 0.5059044361230843 0.29686310452547926 0.3262765621512041
220 405647.0 0.37870771998712627 0.3859560222945943 4028.6553481536766 0.19518455372623322 183596.31768583658 0.4821437660773947 0.5021930766138829 0.4561527998655834 0.50581942761347 0.30615400626825157 0.3299037778973179
230 430099.0 0.4143577539802477 0.41007652840867864 3086.5091873091624 0.1967957163836919 184343.27380931377 0.48713706299134657 0.5013211690361451 0.45747783933394603 0.5056535494135126 0.3218833953161416 0.3421048335511403
240 450599.0 0.4204067288753043 0.43593597935371525 3000.108305052487 0.19827304348725228 185206.2267158056 0.4842672137151577 0.502211202847582 0.4586948896459832 0.5054817670250948 0.32549924916804135 0.35394059305240944
250 474174.0 0.43805351594924063 0.45102800495637074 2666.5386973051636 0.1998631482529126 185458.73449788976 0.48436627611438143 0.5040849447409927 0.4597151971261758 0.505404857136141 0.3381915896785152 0.36668414712238023
260 486161.0 0.44504110895507637 0.4563954393047541 2571.873691531702 0.20123735816087648 185924.3125716855 0.4940133703879998 0.49960202746501975 0.4607236990300141 0.5051505696939991 0.34443779025149546 0.3691607677692114
270 504444.0 0.4454366566991594 0.4636308271954456 2568.1510495381235 0.20255029451689285 186535.25879542276 0.49376101067822264 0.4998929382827448 0.46194281667128767 0.5049565625534066 0.34549253073179104 0.3730299654839708
280 528784.0 0.458250414367608 0.47236585812420984 2425.5694043678327 0.20401670838524633 186786.42163981657 0.49226273238135687 0.4969293329238455 0.46307473397805077 0.5046747840186252 0.3540154023818841 0.3743564436344271
290 557508.0 0.45875442347977013 0.47714625101127994 2429.593074666161 0.20510773746183136 187590.78614823768 0.48383059845595544 0.5011189979580931 0.46395785421936603 0.5044727329465949 0.35525511286351014 0.37646020246994716
300 575991.0 0.46029214469699653 0.4834973424477017 2410.209657916237 0.20617010309702527 188446.84299939752 0.47407336155529733 0.49933479909135864 0.4645204842342676 0.5043741841613345 0.35667754076990466 0.37865936521474264
310 598479.0 0.4706621815628623 0.49147163987237713 2312.2052695392204 0.207371518446374 189019.92985570643 0.47201981169706203 0.49937609483711554 0.4648074720662967 0.5042127618385918 0.36214678249617877 0.3849871282768675
320 612278.0 0.47981537345538144 0.5133254309912949 2216.226993830403 0.20841320975976657 189690.87650208222 0.4603346788246119 0.5093821409036522 0.4649517080837904 0.5042090322313828 0.36764117475775465 0.394611652141995
330 634680.0 0.4836818586203692 0.5143811871489877 2191.5416862759093 0.2092681427827178 190606.42999565048 0.451801103629429 0.5077401247802683 0.4645596106164479 0.5043224267159813 0.36890455707570174 0.39603912790814627
340 651539.0 0.5009473241476199 0.5238769379584354 1973.6200642741328 0.2107095318631245 190456.56865762518 0.45052408650384057 0.5107983047618418 0.464157019541751 0.5044939170684136 0.37999443148536716 0.4011942533376873
350 672585.0 0.5093362243983417 0.5375830574978806 1907.859516374315 0.21108625078208462 191742.30197094675 0.43460845562879363 0.5079018933020756 0.46333801567962374 0.5046610916852367 0.38387128944453847 0.41157689555743965
360 684972.0 0.5262778633664742 0.5539443310628287 1734.801193057316 0.21149666234705947 192770.03373579532 0.45829141104827187 0.5093598986810403 0.46313266272965853 0.5047792795598729 0.3931563803525388 0.42188652670793864
370 696678.0 0.533749987760479 0.5560102698308045 1679.9062490267938 0.21244201665012072 192895.98542806008 0.45807556821014395 0.5033108693624714 0.4630006285609076 0.5048416718397791 0.3965850395731726 0.42212231988536497
380 711106.0 0.5386776909479035 0.5605541323373867 1638.023580446047 0.2133263830726977 193079.79248498165 0.45788478703149244 0.5071074937656705 0.4628588411355392 0.5048570254961008 0.3981609150127434 0.4257778936484671
390 736021.0 0.5488945294278161 0.5838984772263565 1550.2917646157068 0.2138924030103202 193655.95770501695 0.4603720280194338 0.512887409637554 0.4627844293611802 0.5049936408348565 0.40146690725746603 0.43883902977982925
400 754125.0 0.5999372080995465 0.5902908332823807 1218.6968847951189 0.2150500183974041 192778.9736780665 0.4867969582884389 0.514983105272099 0.4632381273954348 0.505241079099474 0.426684128855979 0.4424257583087617
410 771622.0 0.6090129540821781 0.6015245083597897 1177.1199534738344 0.21621793662215125 191863.09824518836 0.49238081326261374 0.5189127092275545 0.4638744515803805 0.5055551162242424 0.4312373360758645 0.44586664183924113
420 793016.0 0.6289304850154395 0.6153407113550222 1092.1423775858007 0.2173728909166036 190866.6771816231 0.4968730895910497 0.5181421877514478 0.4645842865322335 0.5058714712340427 0.4357593451289678 0.4510058916804426
430 817587.0 0.6307487123846901 0.6219470406407946 1090.2335739196224 0.21807762446005008 190664.9152027021 0.4955925835173678 0.518127473847231 0.4653160709357893 0.5061662150839907 0.4376890686460937 0.4535287254273386
440 835987.0 0.652505542033723 0.6517733849361715 1033.1558420933507 0.2187445179735716 190464.9152096048 0.5037467920897671 0.5317538130622901 0.4660180069788257 0.5065486902185687 0.44938265709168773 0.46208011453871567
450 852140.0 0.656449010780358 0.6608704740024148 1030.2277109960135 0.21905660225958992 190909.21118846314 0.5020819223852591 0.536963961325749 0.4668362142684696 0.5071495594937584 0.45197417820339947 0.4650132817102072
460 872579.0 0.6633848556572012 0.6660246604808145 1002.8837213087667 0.2192251935500129 191591.09921122625 0.49998829873099454 0.5368798087186218 0.46758144943204444 0.5077962133182987 0.4559403897988386 0.4656983217650661
470 889294.0 0.6645621257727317 0.6679483967305014 1000.2723738814936 0.21946511793741516 192138.34272707795 0.4985831809685374 0.5377603051325459 0.4682638832792988 0.5084248791058985 0.4576845045465483 0.46689181022666887
480 901967.0 0.6672467389358452 0.6862294959610423 988.6953177810334 0.21940570943426796 193241.8277246065 0.4915302978879058 0.5391772982040544 0.46881974163534407 0.5090421995563211 0.46016459161550016 0.4800681084469049
490 916690.0 0.6709262854288331 0.6933148700005336 976.0439274602495 0.2193217805848445 194381.23739572166 0.48902165572223594 0.541632677331035 0.4692337962659349 0.5096919273414678 0.46340264820563326 0.4842559401775123
500 937876.0 0.6716623105251093 0.6937241390470616 988.5963199602778 0.21906572836138935 195873.9774173358 0.48367592307257956 0.5410959554035976 0.4695233263847925 0.5103206324966183 0.4638039678218373 0.4851991975671377
510 956904.0 0.6762132551000434 0.707028582831235 975.0011915795288 0.21886476899153973 197246.7134904329 0.47662722441813904 0.5404483517777718 0.4697584834979832 0.5109140242081421 0.4677429459802714 0.49635073525883244
520 975704.0 0.6843525800813245 0.7277183903475342 941.986013962854 0.21837063282144245 199205.0017965057 0.4769844158958505 0.5422762771440659 0.46989772971602073 0.5115215738910927 0.4692959067776197 0.5049840535982357
530 992633.0 0.6864544438029554 0.7429857447469503 944.4839650245212 0.21806258843295787 200779.5124148521 0.4748327086199995 0.5452344672005501 0.4699988265826483 0.5121399175434919 0.4699892313196892 0.5120602687251147
