1 144.0 0.14505253185961048 0.0944118386970161 60671.35035539104 0.14505253185961048 60671.35035539104 0.26754241483106506 0.23002262634273907 0.2674073798085379 0.23011037825558173 0.14505253185961187 0.09441183869701632
10 17699.0 0.14840998262648608 0.09626869219168838 57008.22448630434 0.14670790906935222 117600.53542288103 0.2675037086154443 0.2304444079862034 0.26753480024095366 0.23032974885092505 0.14822313335870063 0.09605360802893985
20 46490.0 0.15591969060576277 0.09850733207806278 50458.17614341839 0.1487438186146717 167556.30870016746 0.2671455134439496 0.22444250223883697 0.26735425864227114 0.2299736184991024 0.1543999036650682 0.0978537705728771
30 54771.0 0.15757735841999432 0.10057354116976885 49627.55434994602 0.14847567851426557 217289.70455942073 0.2596145488553847 0.21264435301827922 0.2657670991661887 0.22699954681518422 0.15525488610205962 0.09827034562158939
40 64521.0 0.1601140331409017 0.1015396360080034 48829.10470958215 0.1464949885804449 267523.9894075518 0.2589180457187391 0.21717737224952238 0.2641791507509682 0.2242844615962065 0.15588204479460313 0.0967976088344659
50 75696.0 0.16079682512573043 0.10168975076652766 48838.90885547441 0.14516974062850901 317350.56213882123 0.25850241136004415 0.2173196776495032 0.2631366964000308 0.22289217593231175 0.15553473548906716 0.0956329124176081
60 89874.0 0.17300528808996096 0.1135162334061948 40344.98147676561 0.1441479713144278 359534.3881228468 0.2707149130607018 0.22123466456310975 0.26361027350281546 0.22236894870458632 0.1618146225283264 0.10224761376113668
70 99656.0 0.1763557133143436 0.11478629714902855 38333.74092709052 0.14369652732779775 398781.9653743011 0.27082548154418634 0.22106067791985995 0.26461813208127083 0.22219436538946524 0.16498529364247153 0.10222157637230786
80 112933.0 0.1774136827082994 0.11594623164910547 38353.26989830168 0.14344046971410274 437648.26572644745 0.2711670605519835 0.21736704124042394 0.2654082617107349 0.22186719993323467 0.16606901744386834 0.1031014080919477
90 121433.0 0.18398303621333023 0.11658849851841127 34881.95045226997 0.14290227315125822 474045.4903169069 0.2758661044808236 0.21814355436640084 0.2661368978431571 0.22141208344485827 0.1689378104455177 0.10333699333074213
100 141672.0 0.18425962563002712 0.12122445878824298 35878.15258765938 0.14244577153687776 511138.42915585695 0.2735296721644978 0.21680256751073348 0.2669319796617065 0.22098916291723075 0.1691377049112175 0.10610087196060337
110 173849.0 0.18437084913787793 0.12187484273446271 36440.30913557985 0.14204928757490162 548600.8666051511 0.2732490851925201 0.21893558769192986 0.2675186612000681 0.22055160801950816 0.16911959688669348 0.10621888834339842
120 185113.0 0.1847797381109376 0.13088818645643008 36523.355672335936 0.14164380899319293 586196.2663705513 0.27483445227792686 0.21833744530831314 0.26801965842232994 0.22040834527697603 0.16928115555723838 0.1112444951812023
130 191207.0 0.186037293092968 0.1324844243817732 35882.30992188438 0.14124473870457252 623233.1069297441 0.27418411920740243 0.21816806880436954 0.2684959477574437 0.22023316286813543 0.16998214016363697 0.11229097757671579
140 205216.0 0.188529435193336 0.1385433067134222 35616.788120987134 0.14054152776272985 661237.7293898399 0.2740717125110434 0.2171114715761938 0.26897289824688225 0.2201305471579692 0.17216378506696728 0.11559364876655188
150 218887.0 0.20346662498167561 0.1396198756401246 28687.599290736227 0.14076686803003946 688883.3598113944 0.28223535375389563 0.21285938832692353 0.2696808904493464 0.21973683406521305 0.17944080723213407 0.11633893071297444
160 227638.0 0.20419765353200214 0.14156519008655416 28541.55259142412 0.13993847009890026 722292.4711927339 0.26997680837100363 0.20928565120034195 0.26992547384778365 0.2191627787859754 0.17996395271593285 0.1168218046745502
170 240137.0 0.20644249632767642 0.14203972925283495 28271.68094613691 0.13895881243910788 756854.522308082 0.2722842930632166 0.20600116430045123 0.2700553838132994 0.2184290973302833 0.18136248655256337 0.11692109249277043
180 259417.0 0.20692150748517385 0.1422025837477537 28210.116168956025 0.13793857980953303 792038.315190093 0.2694757940715034 0.2056170065810645 0.2700895810813463 0.21772999728631706 0.18152484974008537 0.1167021995504224
190 269624.0 0.20883740619693897 0.14342306352293233 27624.29175867366 0.13702131010534388 826315.1556125991 0.26986675026491436 0.20548783414718713 0.2700615266173481 0.2170944785239928 0.18240315789578268 0.1170397647596834
200 281376.0 0.20940678055292317 0.14372596571920465 27485.57280470919 0.13618146467538073 860117.840205425 0.2702122157660305 0.20558743840450894 0.2700652421479671 0.216520620262143 0.1825342493504472 0.11684147775335754
210 288595.0 0.2117733920880787 0.14551337905393583 26692.688637759227 0.13544451366152283 892694.1147636145 0.27247305344581685 0.21056255784428757 0.2701593721614097 0.216077658744758 0.1837967136151521 0.11804557161319043
220 301935.0 0.21619807711827843 0.1457142266463144 25146.586144073495 0.1347944246380795 923551.739452127 0.2739024493296764 0.21100958981432227 0.27029894879074606 0.21583488775190968 0.18542763749678395 0.11781153415447419
230 311049.0 0.2166580386810957 0.14825472526569078 25067.716994027112 0.13420003275861594 953962.0171895041 0.27370461856126616 0.20859457764430217 0.2704508050141252 0.21556119530113324 0.1854574387658943 0.11937909496467393
240 323233.0 0.217029408112696 0.14984100438489778 24968.618575455966 0.13360695035051337 984451.4597349999 0.2739740092181046 0.208180060386367 0.2705956528531756 0.2152515913728283 0.18564273842324827 0.11927844369161104
250 336268.0 0.22158306286939056 0.15398737849337255 24244.681259230798 0.13329574366119362 1011566.1820231008 0.2757685203152595 0.19975269912027382 0.2707464363511611 0.21474517447267405 0.18636112623656453 0.12037953284139088
260 358566.0 0.22161102121870502 0.15468255554505655 24290.17972914322 0.13286611681187102 1040016.3031767223 0.2732355041556795 0.21389603599469542 0.2708508331200349 0.21466753164623434 0.18628423189279592 0.12001807454848003
270 376800.0 0.2224580824305916 0.15738639954167055 24277.76457378045 0.13247189657034394 1068157.2765817563 0.2706190543783579 0.21481045000409868 0.2708427343656377 0.21468394921422587 0.18603209836866405 0.12059902584894257
280 393552.0 0.22263917791987545 0.15895497218220123 24897.602592888787 0.13215207567540802 1096059.0015295078 0.27160531065879345 0.2159700459950046 0.2708466335440289 0.21469345386255084 0.1861526983816775 0.12137689302121092
290 409434.0 0.2286372400587628 0.164257442385018 23350.065408723574 0.1320264548206027 1120644.1700873068 0.27301621505312074 0.21835043188058628 0.2709053904481949 0.2148195168724418 0.18850291066888042 0.12354361106513198
300 419859.0 0.22990249492031314 0.16485625252358738 22970.19389317079 0.13191895719933944 1144698.1323073162 0.27091261089370344 0.21782404717976578 0.2709672966444725 0.21493445518677004 0.18929229266959313 0.12387787785779857
310 451968.0 0.2307994850811654 0.16599465863183202 22899.029276326022 0.1316750114780154 1170211.3919164895 0.2703172774496294 0.21763210528465443 0.27096092284234335 0.21502560145610686 0.1897879656873861 0.12389133359155753
320 468733.0 0.23151039409800883 0.16607377947534271 22780.156062445018 0.13134369664565848 1196732.312837483 0.2699948447104464 0.21751301508150844 0.2709366887908526 0.21510587019534472 0.19010782979961288 0.12359364594374893
330 482979.0 0.2326125003719591 0.16951352076807538 22770.810194820635 0.13103969136627 1222961.586790583 0.2686619934284761 0.21847812968658975 0.27088120826770845 0.21521610852440623 0.19033686120004464 0.12468835380582105
340 500057.0 0.2381810565777019 0.17140834912143565 21295.626589381052 0.13081447653155331 1247021.5864579282 0.27079743059493866 0.21837748692366993 0.2708395136427611 0.21530846857914757 0.19386946511376646 0.12528091232925942
350 524432.0 0.24207564574363769 0.17466195232607673 20316.955238166003 0.13063646163528134 1269642.2307893543 0.26510415471081394 0.22040257152331277 0.27074402963410715 0.21545173897569503 0.1954796910425834 0.12662094389984652
360 539624.0 0.24241772336261597 0.17480369577990074 20266.938792744062 0.13036178798158915 1293629.3147621383 0.26464142353021947 0.22050707950527493 0.27057567738276955 0.2155904774561432 0.19564693060246208 0.12644464493913796
370 548790.0 0.2450167113931173 0.17523302425363968 19635.079157299337 0.1301063789016372 1316873.612624174 0.2668660240317167 0.22196613421761455 0.27043124321665307 0.2157451212219175 0.19511168095650275 0.12630343583927292
380 567864.0 0.24619653146914103 0.17625905899542918 19473.62283163725 0.12980116686604037 1340828.8961014973 0.2662752768569659 0.22223931713646825 0.27032968926746687 0.21591426442985312 0.19584645051705046 0.12690758817611433
390 589019.0 0.2501148610532581 0.18373535384590756 19099.224445907865 0.12940121531427007 1366201.0384098166 0.2640698164602974 0.2228419435535648 0.27021523713559004 0.21610046959872348 0.1969663155825583 0.12974920393406217
400 598526.0 0.2537437463354224 0.19605933496783046 18378.803997520918 0.12906779488276346 1389990.424214038 0.264736803534443 0.22851900063901787 0.2700741083713757 0.21633781637561442 0.1990781488568464 0.13325745778384288
410 621430.0 0.2538188173667086 0.19642290478740068 18384.234757255203 0.12874992291016063 1413585.7415823748 0.26463347379491753 0.22862532291460252 0.2699437706530066 0.21663472654519383 0.1989465817750085 0.1335120077538745
420 631124.0 0.2553410310032077 0.19652804024896878 18090.63940575611 0.1284779185316558 1436202.0838463681 0.26457151868389933 0.22858861036939515 0.2698170381458089 0.216919185411499 0.20016504248493722 0.1335054922890201
430 647703.0 0.2562010919683042 0.19678672823271096 18065.39953419078 0.128169280891972 1459543.2025829707 0.26882505014406416 0.2265762050494247 0.26970858876302467 0.21717025742845072 0.2002476757669794 0.13359246732941776
440 669104.0 0.2590113817335039 0.19984406351714024 17580.004153817452 0.1278764405873408 1482304.9160062019 0.2583329863590935 0.2255117790525757 0.2694741859037463 0.21736194128060765 0.20162916143840331 0.13587462216533733
450 683317.0 0.25952931345723435 0.20351305509231538 17513.064259909508 0.12760409190248218 1504685.3898118557 0.2582861128206504 0.23274568478659788 0.2692492777403052 0.21770531984933297 0.2015104942930626 0.1384886657527162
460 704650.0 0.26156587260099123 0.20434080333597796 17258.64278028605 0.12740855791174868 1525432.4276141468 0.2674805919334533 0.2301193081944219 0.26922746764045485 0.21798520194190274 0.20250472225592778 0.1385542586023536
470 720964.0 0.2662730680121061 0.2078917146532104 16646.28016007974 0.12706229991937235 1548875.5969166702 0.2628815561932233 0.23216738812052676 0.2691665612221968 0.21829036720474013 0.20549016319520233 0.14017490039190875
480 738580.0 0.2672298234843856 0.21676371375634074 16494.07150043868 0.12673923337060838 1571810.319621818 0.26182844511947706 0.2286661297910374 0.26904293728563594 0.21857058659402906 0.20607374856271884 0.14508299260687613
490 755766.0 0.267546116924286 0.2173415184188598 16672.373864192108 0.12641888613826463 1594899.7333089458 0.25980952819565445 0.22711092649950948 0.2688445158746605 0.21875584410228716 0.2060149395115007 0.14510679756632908
500 767616.0 0.27142505604960915 0.21868580024035886 15986.42182490564 0.12612885334082446 1616925.7335306422 0.26048212813986854 0.2279062450128522 0.2686718048220491 0.21893528943200785 0.20729933167451162 0.1457455294337972
510 800535.0 0.2719478345918333 0.21928056087156642 15928.89023466159 0.12582463726887572 1639325.1585501519 0.260392897319263 0.22935219040048666 0.2685108474086642 0.21911932697494924 0.2074616395341306 0.14590110096619702
520 817609.0 0.2750070874938572 0.21967683253050893 15428.735429136372 0.1255090688855602 1661758.1181105 0.26180749653790986 0.2295392578573923 0.2683765454236575 0.21931846145893333 0.20910280760860261 0.14609204822330119
530 835542.0 0.27515193835497587 0.21999407779604482 15478.272525005817 0.12520518144856943 1684033.3745613396 0.26174376001736943 0.22953553213520106 0.26825194367025723 0.21951089381883998 0.20902892376892435 0.14610121711470384
540 865064.0 0.27563417999230705 0.22319984682267968 15444.731458942915 0.1249180349905371 1705961.2397343817 0.2560555086283171 0.2277282935650705 0.26810125951558916 0.2196660340376025 0.20902720473511413 0.14825529858456318
550 879701.0 0.2796365140026815 0.22830197878246264 14876.701100766575 0.1246740354096896 1726491.8822464605 0.25608326154454386 0.2258116609161939 0.26788677996166915 0.21978052134220064 0.21062550531598778 0.15194936998714761
560 889899.0 0.2798343948262405 0.22852880525840674 14940.754411388485 0.12443859721764378 1746912.9100569093 0.2615386107913514 0.22589683550186535 0.267773533908211 0.21988953556055163 0.2105165214762511 0.1518853896473525
570 907178.0 0.2812956811104519 0.22864892479189602 14738.459704090024 0.12418605203729982 1767694.2611121566 0.26355825945579425 0.22610786357715654 0.267668541335265 0.21999587341122262 0.21100114160150413 0.1518609540536417
580 925512.0 0.2850676662644939 0.23404448400684333 14299.295104131746 0.12387889757637739 1789743.2371300864 0.26079755314491004 0.22634259658681136 0.26757064150362503 0.22008900937168074 0.21260147160973336 0.15457980503468804
590 937702.0 0.287418574856333 0.23793522133625797 14107.695105450468 0.12357704581555852 1811627.715673659 0.260263053231281 0.21712595995802444 0.26745058549676026 0.22007712110926958 0.21320491574003764 0.15561332526102273
600 949883.0 0.2904204677662865 0.24102755766739478 13701.240752972397 0.12331308581808838 1832263.3689762012 0.2607973971916405 0.22142974103841465 0.2673434109949532 0.2200541930459992 0.21371100069531426 0.15713815030735875
610 964732.0 0.2931519822473587 0.24572580824903065 13544.703595078354 0.1230326673124695 1853361.0380260248 0.252042726590278 0.21528928750736448 0.2671654665027483 0.22005390832859484 0.21349558166074806 0.1592157345490896
620 989435.0 0.2937014052940972 0.2464748053903143 13520.108247678763 0.12281930065048456 1872565.9362917955 0.25223775050290803 0.21285535774477662 0.2669239220122261 0.2199543114027159 0.2134153504623222 0.15900149967080004
630 1006743.0 0.29482996529695443 0.24677429954566604 13372.605132460229 0.12259979450081222 1891900.7788396322 0.24950397384845246 0.21248075692724597 0.26668531616010543 0.21984020871630483 0.2135677973569694 0.1588428911506493
640 1029078.0 0.2948503011012582 0.24694890098755615 13533.22224416275 0.12238701786687624 1911207.3697583524 0.24939464210652154 0.2115818601713496 0.2664163082733277 0.21971582038864534 0.2133074049323324 0.15876130536892594
650 1041674.0 0.2962441674261436 0.24763299328906924 13370.29811635822 0.122178733257622 1930321.1863822038 0.24717882983865333 0.21065128564342125 0.26612391027068855 0.21957599160147304 0.21312968172512123 0.15899365617653072
660 1055614.0 0.2968846549518183 0.24770003184479616 13320.724387818434 0.12198872073909713 1948905.4410809882 0.24728177762993997 0.21025651598727763 0.2658375676523465 0.21943660374500001 0.21322824797913612 0.15886974931335837
670 1068945.0 0.300580603885984 0.2500046692943235 12894.311124536292 0.12174226208793547 1968994.8117360112 0.2382854731599886 0.2071601948826224 0.26550543718895653 0.21928298899612175 0.21380718613405506 0.1599945285004757
680 1083068.0 0.30225798598046816 0.25022678644998875 12710.745056108777 0.12152367377228543 1988146.4459599426 0.2380470401424974 0.20705115797662646 0.2651042767584559 0.21910387805083417 0.21464017719592213 0.15991030403909132
690 1095425.0 0.3134461260400402 0.25370516147036853 11521.314511595383 0.12127075377227098 2007732.6683740676 0.23627388515003653 0.2060862636154652 0.26471312203503455 0.2189159418341327 0.22180866876837124 0.16070225385174253
700 1105822.0 0.31477803889658096 0.2649724429815604 11390.893273457928 0.12103302141949507 2026793.552387904 0.23586117751682906 0.20736233051795508 0.26430543142716784 0.21876596364128123 0.2219762195147905 0.16342235677983935
710 1122083.0 0.31588916487307195 0.26509814749776495 11302.082113718956 0.12080189274318516 2045642.8586180746 0.2350498504962713 0.2072398617156081 0.2639008570661641 0.21860478440283443 0.22188448688658963 0.16330899531491355
720 1134211.0 0.31726061638138786 0.2656120234744838 11164.866139895608 0.12060025741843113 2063432.6772252854 0.23518050616751165 0.2071353206888977 0.2635039563621019 0.21844655503265967 0.22209746333116126 0.1636580990547722
730 1147458.0 0.322837776173476 0.2666611527446102 10663.28801598188 0.12045949812573728 2078775.9822782672 0.23664797784847783 0.20653180627720008 0.26313450510553005 0.21828462311546581 0.22521389324389826 0.164241605660029
740 1161055.0 0.3246237303447673 0.2711319047624251 10556.104265648666 0.12037273036498393 2092194.5327360083 0.23697154078269927 0.206578961543583 0.2627788340826307 0.21811908356209164 0.22648284185179499 0.16755399357068781
750 1176094.0 0.3251253184889273 0.27182142704248 10517.02729312712 0.12019132068184372 2108936.343488865 0.24189260322779765 0.20590736693964193 0.26246493732892295 0.21796395924466305 0.22638332469913855 0.16749093323621814
760 1195449.0 0.3287082219888607 0.2744483423152801 10258.963096233058 0.11999086472349114 2126258.0606587376 0.24395558515121663 0.20932414712970895 0.262211515248062 0.21783569492777882 0.22694912666303702 0.16727600120829936
770 1219181.0 0.32876835356230333 0.2744903663629668 10268.17857063076 0.11982241329392189 2142443.672511795 0.24394369747776198 0.20927296876926008 0.26197470582965476 0.2177252002856687 0.22684875542079458 0.1672424469949857
780 1236602.0 0.3316077047891746 0.2771625427160102 10092.84833885295 0.11965743087119775 2158416.4558030786 0.24536757098736062 0.20869094577467417 0.26175286267369374 0.2176122571723196 0.22771017232115254 0.16882792784823225
790 1254863.0 0.33368174834185405 0.28145084875792054 9962.886737459356 0.11952213341663391 2173215.2556797755 0.24030864027099386 0.2074166357363665 0.2615031344219857 0.21749135223514085 0.2278787471228012 0.16919306299884754
800 1269800.0 0.3345013480733382 0.28707078218846327 9942.286869719026 0.11937856717174729 2188339.097425206 0.2382186409806746 0.19903784800932267 0.26122545353878707 0.21731342150837182 0.2276160270776228 0.16991717090817215
810 1277475.0 0.3419423771028487 0.2884552773976632 9451.913292227197 0.11922735804293397 2203431.5631654304 0.23962891425212288 0.196320604357223 0.2609549458490332 0.2170725197677125 0.22940977031736415 0.16977075867702215
820 1292381.0 0.3433841434415554 0.28864039148546405 9345.374767205449 0.11907685057900592 2218455.0695536057 0.24167165143045818 0.19611387129568306 0.26071004728252817 0.21681895882415259 0.2292544863002032 0.1695861942539266
830 1301488.0 0.3435127918742378 0.2900088250014218 9448.346608936261 0.11893200092208114 2233363.600782489 0.2357605043298886 0.1955848775878767 0.2604596189191221 0.21656790136026036 0.22905478538915866 0.1699915488580057
840 1316345.0 0.3442520203176352 0.29037972522598876 9397.743642115965 0.11879885962875726 2247802.3948432705 0.23592968778856008 0.1951965740492917 0.26016684973818294 0.21631574385481592 0.22917304655233003 0.17022911646725675
850 1332677.0 0.34443268225271595 0.29074191364287516 9390.580837337584 0.11866881464458046 2262140.652892271 0.23578532433701255 0.19520767063039288 0.25988121484927884 0.2160677097375113 0.2289866518745127 0.1700830359981356
860 1342126.0 0.3447567002207566 0.2909351125653439 9466.028853268168 0.11850094540065248 2278094.218395979 0.23591285103094886 0.19562213615312846 0.2596006539337536 0.21582856859809 0.22884180684793984 0.16997209444351927
870 1356291.0 0.34510984293692704 0.29115707391657397 9465.83639425038 0.11834291496874692 2293688.2704104003 0.2352570242542966 0.19460101895215487 0.25932542600171904 0.21558970264497213 0.22882735731606912 0.1698639196824653
880 1374940.0 0.3464783809381753 0.29166479612437723 9457.218758774241 0.1181807456789982 2309489.016330494 0.23521433352003235 0.1943883230058679 0.25905216716938717 0.2153502315090347 0.22879826431863645 0.16962608966814585
890 1397463.0 0.34839541493990367 0.2975134417956298 9351.07934802863 0.11802412348145672 2325028.724994251 0.23538015751697203 0.19476864964735033 0.25878537506219745 0.21511690867493494 0.22883544849058982 0.1704358730778941
900 1419387.0 0.3515163502863492 0.2995864410026009 9132.60889674075 0.11789293142202792 2339386.5361382626 0.23708843479528097 0.19461094925466305 0.2585247025061423 0.21488861210489232 0.22952064133389474 0.17087382365812182
910 1433443.0 0.35249631105755513 0.3003568184443286 9138.775986101948 0.11777048174530454 2353410.9621789027 0.23689162757979662 0.19388951054117864 0.2582874435149192 0.2146616645224035 0.22963558544382914 0.17104530716498598
920 1446386.0 0.3610015552890599 0.33421831387633405 8524.834755480799 0.1176739836575802 2365893.0619710973 0.24695897680510612 0.2004411232261149 0.25816167075623814 0.2145004734972489 0.23149499561226816 0.1906210348977965
930 1465599.0 0.3611626237784564 0.3392166912014979 8532.851554478822 0.11758751639009918 2377971.0669373604 0.24697545675536423 0.20027214444662098 0.2580414095937951 0.21434782274803807 0.2313730176577012 0.19035870048956466
940 1478736.0 0.385800640455808 0.3438899510223115 7010.495943620655 0.11750310659849779 2388737.4304786567 0.2565852751478513 0.20411765960407166 0.2580075259996904 0.2142226026616863 0.23767572676637463 0.19333342110527013
950 1489317.0 0.38658961611457215 0.34402233095162776 6990.1664330500535 0.11741145534342212 2399832.6497008856 0.25412143172288004 0.20066078842859045 0.25798063626641493 0.21410399174217273 0.23765652469829737 0.19326820002520254
960 1504953.0 0.3882853395262651 0.3499424864627399 6915.980515890621 0.11734886795078439 2409547.6049929187 0.2543230926724354 0.20145347659906637 0.2579409550667933 0.21396700714917596 0.2384027839013038 0.1973659086152435
970 1522653.0 0.38865951601223064 0.352227340444001 6901.3591153265825 0.11728008747265582 2419541.0015614284 0.2537852617818413 0.20405208429761534 0.257903208609837 0.21385689500325045 0.23830963603812136 0.19705310709587787
980 1535981.0 0.39479046117368033 0.36737762716169586 6718.794186544219 0.11718984744268528 2430393.145583091 0.25551988217978217 0.2119153546550161 0.2578868165068501 0.21384323789300605 0.23906437017919724 0.199955970282529
990 1558348.0 0.39585957759696355 0.36786819201614174 6672.1228382520985 0.1171012590168662 2441145.1972262072 0.25313802357117887 0.21087911457180167 0.257848255733097 0.21381718677030315 0.2393280982339865 0.20019171291501142
1000 1573166.0 0.40127167571267136 0.3698873007511121 6427.022180655652 0.11701406008261878 2451650.963165722 0.25211411989635796 0.21130657816138176 0.25779122861087117 0.21379032023103717 0.24137819152746348 0.19937604277226642
1010 1597337.0 0.4035535571758896 0.3727591951226365 6357.420908521978 0.11692881051590608 2462021.5204287823 0.25105414520716846 0.2021993298935053 0.2577254343576624 0.21372548176037054 0.2413631450490538 0.20123657785559365
1020 1617095.0 0.4041736955182561 0.37367525887019665 6335.214751972136 0.11685616639034299 2471778.8545832406 0.25058403983309907 0.202181332644649 0.2576595266457586 0.21361287642733023 0.24167285783988998 0.2012259628158425
1030 1624203.0 0.40458524579296823 0.37381269693075053 6339.837998279388 0.11678828631153325 2481320.1124920663 0.25062620068906954 0.20217530145491602 0.2575913096421688 0.21350194914333678 0.24157917765671896 0.20119480707701462
1040 1647392.0 0.4047801919632337 0.373979155335072 6340.975980101029 0.11670742033815762 2491500.7577744722 0.25053862409360583 0.20172093136524957 0.25752336726335223 0.2133886085960377 0.24148132890506258 0.20108720085659781
1050 1667059.0 0.40548753744005706 0.3749216092877788 6358.140130857778 0.11662859877441889 2501607.719607959 0.2501324989004074 0.20143180920761414 0.25745425949377126 0.2132754813532019 0.24148550421671677 0.20091491348729645
1060 1682794.0 0.4177598686297074 0.3777092950912225 5824.1170988734775 0.11661643435908925 2508016.736554727 0.2538999010651429 0.19981408453996022 0.2573935392100955 0.21315823382221766 0.24665532339042398 0.20172885676088412
1070 1703615.0 0.4187734956504918 0.37805397495167953 5795.830927482332 0.11660255164648826 2514481.8195092333 0.253643864006693 0.19895965866358087 0.25735977347062 0.21303076342047675 0.24671878742983386 0.20173898285420735
1080 1719434.0 0.4200505732008573 0.37865791388003134 5787.142633560648 0.11655794877618884 2522442.0530977733 0.251321320480086 0.19769678620013756 0.25731779955079753 0.21289245132386544 0.24653343818896772 0.20198098545316787
1090 1729963.0 0.4202515608985608 0.37941644463801083 5804.280509008687 0.1163813256447661 2537202.3916595774 0.24806454720193713 0.19515808249186464 0.2572438476646919 0.21273869865838624 0.24640336400317292 0.20182189387632893
1100 1750896.0 0.42061531015129494 0.3809186293045267 5798.4787861272935 0.11620899304179151 2551792.1994084553 0.2442725941526586 0.194939952750011 0.2571555727193551 0.21257746950919296 0.24648332989325777 0.20226042112120907
1110 1756379.0 0.4226679716362054 0.3901385887741956 5806.36597152157 0.11604083581332458 2566221.7011889406 0.244015085335666 0.1958628998122599 0.2570380392441475 0.21242280950356154 0.2461576542660071 0.20396094545565913
1120 1771261.0 0.4228694699250879 0.3905897283548238 5820.198203328677 0.11587565481898982 2580556.0378956595 0.24402154993515793 0.19586302705320027 0.2569218952781278 0.21227508093603353 0.24608689526077093 0.20394491122359618
1130 1785203.0 0.4231493315656359 0.3907700984273179 5819.025502777942 0.11571337173683637 2594788.1357190665 0.24421799535634098 0.1958975947953471 0.2568080790190638 0.21213003150992266 0.2459525636197246 0.20381467742375345
1140 1795877.0 0.42339555828541264 0.39087116214916967 5814.891190608975 0.1155541181732457 2608906.630250226 0.24403293836049753 0.19573934047942365 0.2566982539468715 0.21198763777787563 0.2459567550804935 0.2037047289596618
1150 1812903.0 0.4311437332919278 0.39213023527997615 5510.847834998226 0.1154255824992148 2621199.6033274443 0.2437941850552357 0.1920833877796921 0.256586233786969 0.21181775969369968 0.2484222354542026 0.20386508783505267
1160 1835895.0 0.43202797648705116 0.3927997489531891 5482.557925957619 0.11529523613104042 2633608.376055615 0.24554628067718925 0.19382903054788625 0.2564780705561016 0.2116683065696954 0.24840472651197004 0.2039551805570597
1170 1850839.0 0.43235173176000435 0.3935305464384048 5475.955974303807 0.11518288031050415 2645054.9012913955 0.24552260792104177 0.19392318600272118 0.25638459968742405 0.21151656885976072 0.24839363338597534 0.20412044070888719
1180 1886011.0 0.4332808793591981 0.39518304556244715 5516.262777341692 0.11507592182996541 2656258.8918467327 0.2449386588321049 0.19351008301959546 0.25628855367314585 0.21136513560714523 0.2486812358629158 0.204323108536872
1190 1906268.0 0.45356138641502797 0.4053511677632114 4872.872019075314 0.11499749493915754 2665424.452995215 0.25599130521500146 0.19501131150345752 0.25624657071719775 0.21122376936379872 0.25052226533408406 0.207428321590088
1200 1924883.0 0.4541409508210597 0.4062749395345244 4867.323673044511 0.11492109177671497 2674485.34995445 0.2558121789713084 0.19237928536546448 0.25624371613008917 0.21108486566860116 0.2506924643411486 0.20796636676371308
1210 1939951.0 0.45427108547971484 0.4065546548532575 4877.808991715065 0.11484315198434011 2683653.458630964 0.25569288478039537 0.19179295844817382 0.25623991306377614 0.21092781440391936 0.25073654446325633 0.20782127478125426
1220 1955756.0 0.4557083928823099 0.4072525983611726 4835.355183608446 0.11479129903638091 2691336.351519473 0.25248222211876037 0.19179176944706072 0.2562195471447685 0.21077091867409714 0.25132995260022195 0.20775746491673544
1230 1968666.0 0.4669752823342975 0.4101581893217354 4497.560645346902 0.11474512732143287 2698417.481813399 0.257940037221396 0.1924980002733625 0.2561984122281401 0.21061957378079338 0.254934803950392 0.20992651024863784
1240 1983993.0 0.4690863960394737 0.41384025631772337 4454.920367759276 0.11471042574115912 2704815.8804374873 0.25850330508082475 0.1936572988551784 0.2562162604612407 0.21048178307237192 0.25608002807696245 0.21046497120564567
