1 1200.0 0.11717546451548543 0.1542330551987696 123645.62141792002 0.11717546451548543 123645.62141792002 0.3844241627909344 0.41515105197225405 0.3844241627909326 0.4151510519722539 0.11717546451548479 0.15423305519876945
10 22073.0 0.12136452086295436 0.15478553695393868 111591.51713124588 0.11714296842821997 235247.15485912721 0.38498321699213817 0.41575245161962604 0.384814295486046 0.4154916089654215 0.12074885449791464 0.15445393542359848
20 45405.0 0.12145815967236338 0.1556318413865204 114531.33726190028 0.1168512554462589 349836.863418304 0.38569516415162575 0.41842673763597715 0.3851958218577408 0.41692014110968983 0.12080615882746268 0.15375247601581993
30 65221.0 0.12148318981457631 0.15656302331957442 114951.32926000407 0.11665638953768491 464824.0714570637 0.39163652227831064 0.4183313423825136 0.3855783592727281 0.4174490278680409 0.12080946602923036 0.15414455248865302
40 86754.0 0.12157300632873264 0.1565850469945971 115327.68899211638 0.11600240683438778 580424.3210921485 0.384809157558404 0.4219888580776407 0.38686010569197504 0.4177215006584547 0.12067426468403056 0.15379636263384178
50 101197.0 0.13218680994655502 0.1637177524073779 90423.60427285265 0.11494859437286857 675043.5977779771 0.38548934794731804 0.42285460158158067 0.38659082854787985 0.41873125523161875 0.12761844536158246 0.1577377228769166
60 118916.0 0.14730968266010597 0.17526557041849575 65879.20492320384 0.11438339394336634 745255.4617596456 0.38488302543836406 0.4199326685634023 0.3863128784993539 0.41894695733422505 0.1386447769538694 0.16591766768609434
70 133469.0 0.1474734111355694 0.17602603065872455 66439.80428826623 0.11393059575455702 815194.3468982353 0.3867786228362013 0.42672455803481446 0.3863412864163698 0.41999080316915804 0.13869608648594747 0.16640999650410968
80 152944.0 0.1568448232851173 0.17837180041909106 56417.913708985376 0.11351438308136161 875756.0782629844 0.39317547745245646 0.42643494803188015 0.38696642964084965 0.42081832803819663 0.1462423442183906 0.16770813615597832
90 168323.0 0.18432605713659295 0.19705135814767072 34878.41577708636 0.11490611164480968 892012.8730123063 0.39189993196665157 0.4207697897427229 0.387593060254997 0.4212030382217178 0.1713265424173957 0.18432876986704372
100 181553.0 0.18436681043237513 0.1970880750713154 34863.10250965489 0.11604482511288285 912273.0451063941 0.39270745130478785 0.42078163086207854 0.3880587300323684 0.42116071077072614 0.17079987772752733 0.18432554033382964
110 196377.0 0.18615382357440374 0.20558263793482484 34116.293088531515 0.11732108426795408 930806.9278916634 0.38846294020814176 0.41870458489013956 0.3882056818539463 0.4210364940454908 0.17175861167172146 0.19030199612128051
120 205826.0 0.1943799527010194 0.2103298375984734 29948.290814157765 0.11879112466688532 942155.2016717313 0.3953084105259515 0.42089480083921166 0.3885353871586919 0.4208775199688186 0.17605505180348807 0.19300854693354988
130 225587.0 0.1955677829601739 0.2151158850909454 30325.072727885447 0.11965027333769387 961716.899645134 0.39628366105721535 0.4229153589810537 0.38909280560026466 0.4209412878211896 0.17661951589520666 0.1962537395120041
140 240697.0 0.19886694807451805 0.21857608828587347 29268.792305576375 0.12038831834042134 981677.4555390808 0.3974106776079168 0.42542862092120065 0.38965769712254705 0.42120410728571434 0.1779620869318353 0.1997774635207409
150 261519.0 0.19889283687895717 0.21861763274556378 29529.900386745125 0.12103291708436695 1003323.5088643602 0.3969864646626737 0.42382776187558513 0.39015384240173173 0.42142723374628566 0.1779193784502124 0.2000734848765035
160 269710.0 0.20793680486677257 0.23469357544024397 26619.88461303401 0.12200069728336596 1017817.7003292802 0.38855730573291863 0.42288420771115426 0.39053548843916425 0.42172405147514297 0.18348044848157208 0.21171423867127487
170 285809.0 0.2148564418922457 0.23535273252527183 24722.37519250586 0.12332225212067843 1026389.3780308052 0.38839278482768 0.42212562633091416 0.3904131692749057 0.4217608459116123 0.18669454007253622 0.21207511489269434
180 313090.0 0.23307699915571434 0.24393637392076734 19427.62209938711 0.12518370979660332 1020986.2458090119 0.3914871641476593 0.42140751535682275 0.39039289158830703 0.42175717287458214 0.20034318330288314 0.21703939682839446
190 325758.0 0.23518125503173518 0.2451156770275781 18974.67293278648 0.12702322103429425 1016725.4884504043 0.3920591613329063 0.421213076181785 0.39047643187248443 0.421734157245485 0.20237770921416054 0.21721107196874026
200 336083.0 0.2480756655062371 0.24597156878223675 16145.056721196277 0.12888352591433752 1008017.267620875 0.39920101364118404 0.41968502843897176 0.3906765521748538 0.4216619155971557 0.20977852191996593 0.21787728850752394
210 350126.0 0.25205762879649174 0.24692023280265715 15431.007145852542 0.13065840163145534 1000381.860647411 0.39834521353481767 0.4172024223388134 0.3911085553851487 0.42155949596364434 0.21261787219919054 0.21870546894040813
220 364866.0 0.2549992622413292 0.2538567157509471 14967.750877628258 0.1320056423851765 997666.7297704496 0.39800579741408076 0.41535071903325504 0.3914191160257436 0.4212661058255554 0.21434081791105888 0.22408783762517967
230 384410.0 0.2551027170436751 0.25407793318077454 15287.495087756239 0.13321677398820053 997831.8401125277 0.4025074901654453 0.4243790592952507 0.39189618212633603 0.4213787827719454 0.21456329252799047 0.2242928756804314
240 403432.0 0.26941308328713137 0.27064980756485557 13263.277936841832 0.13415299431767763 998301.5881005847 0.39968392297558913 0.4321133594102416 0.3921121978751677 0.4216342131258644 0.21867238395660177 0.23241863335486473
250 418985.0 0.27038390935790396 0.2709957174269111 13427.47633179323 0.13482079560016383 1002684.038385037 0.3996020568883148 0.43174985225985246 0.39241127821646643 0.42204236943615697 0.21980950976961003 0.23285031698285913
260 430938.0 0.27555996945130534 0.2741402586671437 12723.944135593896 0.13496339438856111 1013333.4103122563 0.3983447996675716 0.43726975474358276 0.3926480475416705 0.42248183512653004 0.22403350499427066 0.23458508786268936
270 445072.0 0.2856125597034344 0.2833377681504374 11464.865072334289 0.13513474407265688 1022195.1295825245 0.40206587337875843 0.4448123706852133 0.39291527677296445 0.4231530426294687 0.22995530244859608 0.23861450947828441
280 460545.0 0.2895551042865706 0.30175317594966816 11143.81316388752 0.1353742556687163 1029701.7870530759 0.3985383590468627 0.44376736425676305 0.39322993892759683 0.4239749886779589 0.23184888421453992 0.2448698319177101
290 477101.0 0.2949444346810181 0.30311937476075035 10567.888114108355 0.13578466726577565 1034054.9063972351 0.3957900172173476 0.4430818679237785 0.39337481226560206 0.4246434758032443 0.2349219133777974 0.24579007338717193
300 502985.0 0.295042839917618 0.30317764126367236 10562.536366693314 0.13616933680250093 1038858.0157062515 0.39596125442325714 0.4430574123629669 0.393460171268949 0.42525531597666666 0.23541351280042103 0.24628146096960815
310 528990.0 0.29514277596776445 0.30501085297608066 10685.827837194804 0.13642564745338578 1045718.8609799895 0.3957485699285222 0.444794172520709 0.39353614417705635 0.42586191175501037 0.23591309539044986 0.24918486617280955
320 557786.0 0.29607605897477796 0.30879819735487823 10778.855327332523 0.136536143320156 1054839.0965435344 0.3998087544171324 0.4512656365946848 0.3936669106936343 0.4265911387148449 0.23720626881296636 0.2515748797047284
330 575239.0 0.29788203053443485 0.31316161930392866 10651.973281927107 0.13664375460948894 1063871.6277171485 0.3923249752311085 0.4491680239020935 0.39375167723081406 0.42728150927508524 0.23940571555149642 0.2539642230518339
340 592733.0 0.2999401554231531 0.3204270553096735 10470.600648010837 0.1367520515946626 1072704.203252522 0.3921780756172598 0.4489539535759814 0.3937034784265673 0.42791872774149253 0.24089971786148467 0.2585477049253802
350 612257.0 0.3020072704992058 0.349204529657765 10292.635183848779 0.13681352385504264 1082055.7404583402 0.38662692342343036 0.43797105344128207 0.39354016870739333 0.428298926760831 0.24256976931095434 0.28087234480815065
360 629478.0 0.30201288250807584 0.349235699993281 10368.918083486149 0.13655083711403365 1096619.4726070338 0.38451645893771547 0.4380003712660687 0.39330190083613825 0.4285672981276401 0.24267094484930493 0.2811224264486542
370 639084.0 0.312963732909156 0.36333814274803605 9402.26896499108 0.1362755333833396 1110667.326702346 0.3907093067750489 0.43709729077976706 0.39319921209403225 0.42879898570458697 0.24804459957438305 0.2870295920054256
380 659864.0 0.3158918671795158 0.36663326589008877 9150.802646574633 0.13599235122443246 1124703.535614776 0.390970864875676 0.4326387201962919 0.39314360197998527 0.42901526430679404 0.24999003719481508 0.288249178007016
390 675593.0 0.3213610537182503 0.37517790691209396 8872.981666595018 0.13581275983677824 1136701.663363301 0.39239684403577174 0.4388742294066085 0.3930973149286077 0.42906270565184873 0.2520807613008745 0.28933677479551856
400 695277.0 0.33723466473925007 0.38862339312940386 7877.7328543186095 0.13571683153548264 1146320.3561803543 0.40218606664605183 0.4435138988118571 0.3931976664783064 0.42935004213793904 0.26068189952775767 0.29505378772508045
410 712720.0 0.3393513306234114 0.3965872895273415 7823.101553582972 0.1358078981107327 1152521.4171856714 0.39794455725350075 0.4435305763248896 0.3933544761628602 0.42970984852888244 0.2612634236396366 0.30014194807751043
420 725406.0 0.3396054824344781 0.39717940034475513 7813.026318015432 0.13589472903131997 1158791.0392173512 0.39770497995292653 0.4431709355555437 0.3934583051523545 0.4300299193774956 0.2614700052608359 0.3002698972228062
430 750243.0 0.3397349856499309 0.3983008417537405 7884.105546696379 0.13593231174905587 1166006.9139776053 0.398159621763854 0.44377222489206164 0.3935646400653422 0.43033425712961987 0.2617841437491753 0.30109227843385716
440 761710.0 0.3454353403634913 0.4011754228550324 7555.012126087735 0.13585569975159112 1174969.4318302386 0.40004323525881974 0.4439067740876488 0.39367959275852515 0.43063944187611786 0.26575742986145645 0.3035614728954481
450 782094.0 0.3462510389532549 0.40214279688446664 7548.093587143986 0.13578408882981205 1183836.1653157682 0.4002374924289662 0.4438271872133667 0.39382287141518646 0.4309331902636758 0.26622328833203734 0.30395155225906356
460 797799.0 0.3527762622680688 0.4049901610960465 7132.387560518068 0.13564854285286623 1193548.9300784592 0.40296400400429483 0.4428696536769015 0.39401693085362227 0.4311997427767268 0.26747550778402196 0.3050481708735688
470 819273.0 0.35437144715042357 0.4061063535890616 7101.3896913992985 0.1354719518658317 1204052.8794732855 0.39996074418299854 0.4384322658283859 0.3941827037806471 0.4314211368721732 0.26787329693215445 0.3058719101084569
480 826980.0 0.3549468074900481 0.41544495637322504 7079.326186232294 0.13532279584769985 1214015.6235272086 0.3949818155076231 0.44407010293621696 0.3941991093085742 0.4316840650353117 0.26812954702743974 0.30884668602030474
490 839852.0 0.3567481846957118 0.4186969273885762 7005.916918655843 0.13522723738671838 1222870.6505990978 0.3982772934379716 0.44959821434865094 0.3942795505257709 0.4320341694377827 0.2684892428691561 0.3091596268371418
500 872484.0 0.36628157313762194 0.4251319655205664 6487.716965084779 0.13504767969314535 1232985.6337087234 0.40091744518312 0.448373404292747 0.39439717960728365 0.432369315648243 0.27195420693739275 0.3123683895651583
510 890251.0 0.37800238104302386 0.4325387832795225 5908.7184647640615 0.1345919049152871 1248763.5908343357 0.39808599665025407 0.4499342038582052 0.3944932239724771 0.4326876514280708 0.2769701600489328 0.31644727270217216
520 904985.0 0.3840702804637234 0.43263739937852635 5639.917907852502 0.1342514015687119 1261878.7508486488 0.3982136818669264 0.4493993735285155 0.39456065507968685 0.43301353942557225 0.2804260921578238 0.31645003638523655
530 927573.0 0.3852243757743887 0.4352359372543795 5598.751350524832 0.13393164034647786 1274574.5290608262 0.3982140447113999 0.4504980606268256 0.39462909490457826 0.43333366416712044 0.2812571078000538 0.3184451131583959
540 939541.0 0.38776728536366045 0.44019736136387566 5513.5799903648685 0.13363113590779163 1286841.4726957367 0.398546136729221 0.4508115703830115 0.3946985714091795 0.43365372808458336 0.28263491807178487 0.3214832203533438
550 949536.0 0.39138332023543027 0.44149241660235483 5431.2332858890095 0.13334288288889953 1298832.6906233795 0.3988392290387005 0.45163356267661664 0.3947811706078934 0.4339887889853651 0.28380636119496716 0.3221641859714497
560 964794.0 0.3952055408663005 0.45578546466134484 5345.204472781274 0.13293666213683192 1313689.358288821 0.4006330757453743 0.45349985848555446 0.39486601832878016 0.43431577529277926 0.28556754241034427 0.32828793655648575
570 974343.0 0.4042286623950816 0.4637928011537202 5006.501872477633 0.13256430160213 1327635.4028903171 0.40451046578380456 0.454294182139067 0.395005947760372 0.4346901390235305 0.2886786815411084 0.3321696612054389
580 994720.0 0.41054320581533316 0.4661332009770988 4793.245740074968 0.1322784717673506 1339375.3294366656 0.4032367037783412 0.4504133876660781 0.39515855919109627 0.4349941603147796 0.2942308892233463 0.3331556229170078
590 1006795.0 0.4110695635353771 0.46765834562038916 4782.6437290683425 0.13199386792745554 1351144.5492507783 0.40284067044168836 0.44955481771892275 0.3952930702839028 0.4352481566678748 0.2945184010643605 0.33397264202119714
600 1020872.0 0.4113875028886971 0.46838301999146525 4802.885833123308 0.1317185953609996 1362755.991278104 0.4035406184269173 0.44955417100520284 0.3954244371053101 0.4354861073831743 0.29442739912971794 0.3338310405976818
610 1039759.0 0.4195092224340074 0.4894211962641134 4534.57127796914 0.13162008079452775 1369728.630832593 0.40494684827275335 0.448176656820775 0.3955747956248552 0.4357141813555119 0.2985992288098046 0.3435517836742059
620 1062616.0 0.4203932890772036 0.49334365761649956 4529.58875534992 0.13149604978850007 1377349.0208923058 0.40528755527932636 0.4404039671046002 0.3957270456418551 0.43583698095470974 0.29906677019704225 0.3463830748006393
630 1078455.0 0.4252442271576129 0.5002609467716952 4378.297474922363 0.13137377633437222 1384811.2493745696 0.40439007943029215 0.44054643884225164 0.395875672396089 0.43591183180337584 0.3007095691354546 0.3536265522381785
640 1091586.0 0.4265351384317356 0.5054448002610576 4352.699039309207 0.1312619676306662 1391995.680220667 0.4091509494483615 0.43665606823237824 0.3960828753531783 0.4359241344417779 0.3018783126459978 0.3549160064143927
650 1106925.0 0.43094931713221774 0.5194661296109125 4276.026985783589 0.13121001153676914 1397587.583981822 0.41149938340522796 0.44774317683048925 0.3963121384139356 0.4360228663408913 0.30536509868287093 0.36079236457452013
660 1131375.0 0.44773795639150954 0.5214631874131723 3822.993860506189 0.1312814012485006 1399580.7601950667 0.4078235898846618 0.45005634931700295 0.39652302955972696 0.4361849255377849 0.31348855595517394 0.36154418974966396
670 1149654.0 0.4537078809451625 0.5401308844208592 3707.6176897856485 0.13139887876972345 1400281.1699443436 0.4118959478262393 0.4505267418421275 0.3967141152184365 0.436416609416001 0.31626743905305593 0.3692011024452267
680 1168459.0 0.4709170539986816 0.5447561172744413 3337.0313718294074 0.13152893806461266 1400228.994561109 0.4164165428152194 0.4445385629279307 0.3969686428943066 0.4365762199050478 0.3227760162217711 0.3700363246537845
690 1191213.0 0.4763910658936579 0.5699419777215623 3267.867844673303 0.13160653551901305 1401462.0644921463 0.41162396436092985 0.4580681790301173 0.3971913320396928 0.4367981863961743 0.3238959931331767 0.3779749720660854
700 1209001.0 0.4816629600773208 0.573928759347408 3177.8209967373487 0.13170811164169313 1401975.7340075164 0.41174678935860426 0.45808812232455254 0.39739751288592867 0.4371016869608871 0.3273641339619198 0.38069315817054805
710 1228788.0 0.4817217077354077 0.5742127084987514 3179.757827982982 0.13182810820925306 1402026.1640014846 0.41178068631692855 0.4576602378045673 0.39759937004193485 0.4373950107752261 0.3275323109694353 0.38080287274548646
720 1241885.0 0.5012180442116021 0.5820146131224628 2868.679795763872 0.1318834928867997 1403416.1065655549 0.4135073483804412 0.45645567197563464 0.3978449309470241 0.43768971677131313 0.3403067087796431 0.38418498027295056
730 1254209.0 0.5018289111746977 0.5823512513985137 2861.116655214427 0.13189841068402638 1405877.6631694464 0.4133580400155063 0.45621404252278813 0.39805898693025094 0.43794610258052175 0.3405757329294637 0.38440744389780057
740 1261976.0 0.5156774800890331 0.5845616649441372 2646.7334728378396 0.13206523772451054 1404071.8968344505 0.41261460452936893 0.449434537050085 0.39825682216517766 0.438176744964366 0.3473842948166082 0.3854051139184326
750 1277392.0 0.5194772311789824 0.596988886075212 2600.3413940390833 0.132227436297344 1402350.716620279 0.4048345449001357 0.4508137248059703 0.39838987548585425 0.43835376104836893 0.34877890154293595 0.38768249933326554
760 1303472.0 0.5222890184278565 0.6048685770596333 2602.3348234466293 0.13233818765558586 1402001.1849845848 0.4050463375694978 0.46261664772654937 0.3984712843211805 0.4385661785516389 0.35016918690448756 0.393014736154338
770 1313085.0 0.5226106505528967 0.6061865443111063 2602.0534025140714 0.13243525283979546 1402021.3599206924 0.40513285335006116 0.46316135861869623 0.3985575442648756 0.4388843741985418 0.3504355137876157 0.39373109599494854
780 1322407.0 0.5256798455826146 0.6069851787062549 2558.1131337976144 0.13254947387629262 1401547.616112239 0.40500180662150986 0.46088127238797866 0.39864183216252475 0.4391788848827557 0.3525339963381793 0.39418526518391145
790 1337385.0 0.5263752977075624 0.6086554636413749 2575.9467091351607 0.132646578040206 1401553.6971287355 0.4001657937831177 0.46378843207195053 0.39866610575485656 0.4394862434138192 0.3527107333807812 0.3946250107941838
800 1377926.0 0.5272680507976789 0.6093274217285988 2565.138769358308 0.13274014605373355 1401647.3992142426 0.400419400433708 0.4644473094672732 0.3986861404606449 0.4397939117381358 0.35344044339062536 0.3950200623614367
810 1388871.0 0.532791225963779 0.6271662406129841 2492.063882769747 0.13284483093945387 1401371.9451517593 0.39734960659025176 0.47115816586350673 0.3987114637436531 0.44016794957840133 0.35409461713395257 0.39862045565466836
820 1399511.0 0.5345034295112615 0.6296655546176299 2474.4791106851912 0.13293471971602458 1401470.782264215 0.39786008385536187 0.47142190078930923 0.39869710338636455 0.44054736605193706 0.35494501960248265 0.39962443964582584
830 1409439.0 0.5363814886052336 0.6300028849342596 2452.30899861166 0.13301845398201795 1401711.2636186555 0.39910546883167697 0.4748514230183863 0.39870064530271127 0.44095609021841886 0.35502447941308374 0.39987238827156113
840 1424250.0 0.5364905557419982 0.6302838515211069 2482.7693420517135 0.13313523376361625 1401137.77105749 0.3993153001066703 0.47512066962230093 0.3987048568752061 0.44135905100216655 0.3551111593562395 0.40007859469812096
850 1439890.0 0.544843049233898 0.631776218527965 2402.5627287471543 0.133192243189169 1402033.453326955 0.39945484929393815 0.47274705914448334 0.3987129527586668 0.4417416420744113 0.35829658051516555 0.4006223044444932
860 1461952.0 0.5457737056251303 0.6322163762379069 2393.0051167826846 0.13319320580192412 1404400.8644985682 0.3985746473981907 0.47283642945929316 0.39871559300426757 0.44210237848159273 0.3586040032378919 0.40091221142622047
870 1475575.0 0.5485722478827618 0.6333904545180268 2360.041304935488 0.13320532809260585 1406438.2871618494 0.39639810184662566 0.46930700776970236 0.39869926234231107 0.44243250438507864 0.35948840360977985 0.40137489038818713
880 1491837.0 0.550398195525909 0.6452370666902548 2361.710697555926 0.13323728338780286 1407952.1715245335 0.39313345410790285 0.4634499890038695 0.398649874295114 0.4427024598812721 0.36043740716448786 0.4056598638751608
890 1512492.0 0.551295935843674 0.6460936756292444 2356.6576349312727 0.13326539429515938 1409563.1162351111 0.3913887771159576 0.45974232816873106 0.3985820751902449 0.4429224806528276 0.36058797665091347 0.4061802831799311
900 1526739.0 0.554838198360946 0.6483900687174057 2363.8710584569562 0.1332767948764402 1411624.345083373 0.3864255101084937 0.4358533902609403 0.3984857163736791 0.4430104470944325 0.3631528531500575 0.4072425281761268
910 1543343.0 0.5549904864479125 0.6485121712374307 2387.4912610489564 0.13328794761899754 1413716.4171460762 0.38590076027793346 0.43514289537489026 0.39834755254674054 0.4429240824167885 0.3631021196882961 0.4071147791503866
920 1565162.0 0.5550771613697774 0.6492952934161528 2400.814034484924 0.1332988572370601 1415828.650431999 0.3860050047279194 0.4352116011837612 0.39821328015977314 0.4428401756076875 0.36310831775441665 0.40792823495553143
930 1579489.0 0.5577646643702141 0.6505644337523503 2367.957948419591 0.1333054009161289 1418023.0235243782 0.38707838604618977 0.4333761335205746 0.39808901223873583 0.4427464070978565 0.36335121048144353 0.4078539219036634
940 1593412.0 0.5578329960519695 0.651156654011948 2372.811129804678 0.13323949955278294 1422160.944652694 0.3866511752116503 0.43310798865610445 0.39796803316670276 0.44264576591749183 0.3633343828236551 0.408124236614451
950 1610118.0 0.5578553725946472 0.6539137168212567 2373.79336565398 0.13317501780266638 1426265.0546836494 0.3856544415476709 0.4338512521358938 0.3978459400610512 0.4425478571906896 0.3632683091150469 0.40929555545134766
960 1628092.0 0.5588766197111381 0.6552482116451823 2371.678200159304 0.13303730167294509 1432378.968843762 0.3873006852578415 0.43354991904335044 0.3977275614068651 0.4424551664368452 0.3632467044562819 0.40951467385080687
970 1643352.0 0.563031949128378 0.6571891867181872 2324.164692107915 0.133018455082315 1435210.676670658 0.38866259951577076 0.4314090004783686 0.3976281725921397 0.4423446811074715 0.3647498557342066 0.4090452579787782
980 1675808.0 0.5762332457715129 0.6627585799769229 2176.7475947272123 0.13302934088314708 1437091.8792396672 0.38515969680646395 0.4300878339113685 0.397509973488759 0.4422301769884372 0.37297335351226757 0.41173599001352273
990 1696201.0 0.5778504696884503 0.663398856125947 2174.784265038323 0.13304472203207773 1438849.4311221468 0.3653739617271012 0.4240129314419305 0.39738381497244873 0.44206817276483845 0.3734904058604937 0.4116555017544022
1000 1716156.0 0.5789879502934071 0.665720110096485 2164.42780150911 0.13297139958196405 1443028.856075086 0.36057798720659306 0.4217548607346499 0.39705875031737176 0.44188360888023653 0.3735293784708172 0.41218532137181435
1010 1728213.0 0.5815375358808869 0.6755004818076427 2162.3139654467827 0.13292769148372535 1446390.2763690553 0.356713383169774 0.41896196678619974 0.39668418517861376 0.44167964682509425 0.37492369761489824 0.4158892531227345
1020 1748564.0 0.5839558217751921 0.68016802885871 2137.6524864066246 0.13291377563810888 1448909.3385417114 0.35661934052862365 0.42161541885678794 0.39629057176787696 0.4414785104608792 0.37627042604948163 0.4171910395977301
1030 1757455.0 0.5862173431930323 0.6908080483718387 2127.85383516477 0.13291267905300913 1451067.2277768874 0.3567986021499132 0.42177647528742385 0.39590918150347265 0.44128614263625215 0.376859882667282 0.41843402303460747
1040 1769188.0 0.5901472367084719 0.6941034297964741 2093.174642266335 0.13292180507754517 1452910.0882460307 0.3556811960991646 0.4232145066411792 0.39552890218036607 0.44111277522661047 0.3775247290646021 0.41934431988880855
1050 1783688.0 0.5908986325064752 0.6958736935264451 2086.367926044685 0.1329299202589004 1454773.7701762088 0.3524896824244044 0.41764375740469617 0.39513453821967975 0.44091585265467587 0.3773045620430214 0.4201682228003299
1060 1808048.0 0.5930858784070492 0.6978221275184296 2063.7643935150645 0.13293742631657812 1456631.1962767844 0.3522227216740946 0.4179918787182498 0.3947313766739492 0.4407000070213684 0.37697395885093443 0.4212413889704546
1070 1820156.0 0.5947959331339182 0.7003292668947322 2065.7298242102834 0.1329423727235834 1458560.957240954 0.35307871919239103 0.4067028380353216 0.394326135030381 0.4404381450233664 0.37655289030455313 0.42324502174905043
1080 1835843.0 0.5957921435267558 0.7015069698978919 2068.480621567749 0.13293993177926308 1460696.5859764453 0.3524867160770919 0.40602642149362866 0.39393977397247937 0.4401210689473535 0.37638310219735494 0.42319777372590545
1090 1864862.0 0.6021202680185422 0.7101965814339078 2018.3550284707999 0.13295325962086496 1462347.5803354597 0.35294388063267007 0.4082606156381512 0.3935610456634673 0.4398199893805872 0.37878876110971094 0.42538615951813885
1100 1883253.0 0.6030161881167967 0.7133000668483569 2013.6105328195372 0.13296634732117674 1464000.4403070193 0.3529561570620774 0.40854930903605113 0.3931926986427936 0.4395352769017365 0.3788781079064818 0.42694677927655245
1110 1900427.0 0.6066548446335515 0.7277623560311561 1993.3100352441334 0.132998992716942 1465095.5165852946 0.3536015706534857 0.4113133380590163 0.3928330089392844 0.43927360956199557 0.3803731502588161 0.4331217026557065
1120 1918109.0 0.6088761599924836 0.7375244114298138 1979.798328988933 0.1329992215137007 1467068.985049595 0.3539648899633621 0.4143699653145118 0.3924870757908009 0.43904780156275197 0.380112901416701 0.4355359566445174
1130 1930810.0 0.6201546651447376 0.7389047535452462 1875.9284840457362 0.13299946856813624 1468938.0142243535 0.3641586325739383 0.41799181820352993 0.39217492652702546 0.4388345798176015 0.38101200716581013 0.43527901537050645
1140 1949356.0 0.6436946475246582 0.7559117198850827 1681.763993341576 0.13300072871122723 1470583.9732777472 0.36993144794041044 0.41989806039587146 0.3919644659379159 0.43865784949501485 0.38625668057765944 0.437572615489103
1150 1956126.0 0.6457368466327089 0.7580328558990219 1672.113764068663 0.13294487052501408 1473857.1895788906 0.35708844958339425 0.4165184706539031 0.39171435985107494 0.43847169164677025 0.3864141959901092 0.4376605176221038
1160 1968950.0 0.6458300737022857 0.7584694074319942 1674.2638996368719 0.13290514833604256 1476669.2984605455 0.3600849715678312 0.4171679738639963 0.3914211060404696 0.43828143400371766 0.3861672641698438 0.4375854568020022
1170 1985989.0 0.6459846735189158 0.7585326941960827 1674.0720604462877 0.13286609940451125 1479463.2670317504 0.36006587811449414 0.4169026029142362 0.39115333194960245 0.4380988622157512 0.38583945611875703 0.4374203585206708
