1 4079.0 0.08992661853632637 0.04850863859803587 285503.5133850277 0.08992661853632637 285503.5133850277 0.2108464177597662 0.12415332468370675 0.21084642697390135 0.12415332469339951 0.08992661853632644 0.04850863859803579
10 22323.0 0.09145374078756116 0.04940735837812813 278249.69835157006 0.08958167513194698 563860.9342554768 0.2113282620992531 0.12409529796101752 0.21110071550773402 0.12416114034017971 0.09107129891207844 0.04914540570037927
20 34236.0 0.09260408022530918 0.04993249858886384 275901.9875980713 0.08936974389801157 839875.2182362578 0.21151013740529856 0.12445676381703309 0.21120795763317388 0.12426831695493343 0.09165586264148058 0.04939747112872792
30 54050.0 0.09856019963119149 0.04999255602398296 234888.16698419914 0.09068049157171075 1070777.9409019407 0.21392170461257373 0.12363612426766776 0.21152193024118562 0.12425294245866172 0.0961534023616131 0.04941541402383368
40 65249.0 0.09928791941655274 0.05003057734781446 231708.0650112734 0.09144477962298109 1299894.7210857281 0.2138994160795334 0.12380641006057103 0.21211190310603772 0.12413580452755321 0.09716077744418022 0.04942319942399087
50 80627.0 0.09929565630677548 0.05003257200734074 232275.2050434665 0.09197277211795228 1530497.7235901006 0.2119656766699392 0.11869065369343916 0.21215581856039886 0.12350547695223126 0.09733628203354085 0.04941288671053648
60 95626.0 0.09938586877649998 0.05008523106150291 232226.9613517221 0.09219435555715651 1761912.1650216484 0.21178574510654932 0.11848925917587247 0.2120948513957724 0.12268302134292391 0.0974954553715579 0.04942271359044179
70 109883.0 0.10118606070359437 0.05037434330011821 228835.49500625907 0.0924741012564555 1989660.4125151087 0.2125786735704966 0.11893656775520284 0.2121062793562931 0.12214116075256286 0.09874942708590881 0.049589115964734476
80 136761.0 0.10435231939754126 0.05527636777111185 211852.71666421933 0.0923614013195379 2202652.9436708107 0.2095722365144747 0.12064775970180784 0.2118215805866751 0.12185239673815074 0.10049902568525164 0.052423498824275924
90 159850.0 0.10443333253457958 0.05557676598969726 212855.25422373292 0.09219061252354908 2417287.4824975533 0.20941999085535223 0.11935233540458628 0.21156424480805627 0.12157737408107964 0.10054448009180393 0.05264809993842654
100 174312.0 0.10477441368930761 0.05642284855387885 213137.53398604936 0.09194183227707214 2633237.4018239407 0.20930997621619002 0.11907124937711341 0.21134965632477865 0.12134996922244892 0.10073829642723611 0.05358129057627539
110 198768.0 0.10488228315328535 0.05642876036385868 215178.36423327067 0.09172155712121181 2850802.8760188813 0.2093096384544091 0.11907001582391227 0.21116588918844525 0.1211446346939249 0.10076262885965917 0.05362552982322642
120 212650.0 0.10917876229614208 0.056451492112622625 192486.9248894989 0.09101429372127522 3061120.6963770757 0.2062616864457785 0.11916011451017716 0.21077628040218638 0.12097519473906942 0.10481444938974917 0.05366241373360365
130 228071.0 0.10933796170075487 0.056480844551763686 192288.71329544054 0.09040211310965056 3269429.2713938695 0.20624921147190822 0.11915790663617733 0.2104310262617866 0.12083653696407944 0.10474602706688009 0.053669468074851054
140 236550.0 0.1097704734281392 0.056490117445890636 190588.00106000446 0.08991109505389258 3473299.873272691 0.20597075264551956 0.11912933019298327 0.21011196405043742 0.12071626108261088 0.10494255813664981 0.05366793277737373
150 252060.0 0.10977260199128493 0.05649407820616609 192485.4058115173 0.08948145425510431 3677286.4651836506 0.20653574332775007 0.11843323913226049 0.209846477925999 0.12059454934723232 0.10485189569352918 0.053663732017190886
160 261316.0 0.11438433356400521 0.05684073563643462 170460.78745203008 0.08908928585641288 3862865.455099012 0.20370543553143605 0.11855343064201465 0.20948072726707223 0.12046238629323575 0.10776698804367109 0.05380556867668481
170 280473.0 0.11481119362782445 0.05744988283619321 172447.70319004997 0.08873974032677778 4048658.0532609625 0.20370846747379034 0.1187697214544573 0.20914311329574606 0.1203534933248508 0.10777809094172158 0.054282977256964016
180 299943.0 0.1171910862580745 0.05934981544211375 163554.26896216633 0.08853701192216352 4220624.740840227 0.20371271780912148 0.1184680944774835 0.20884301732785704 0.1202629242993029 0.1096821721933088 0.056083129500615995
190 322800.0 0.11722465770824224 0.05940220864911095 164598.85335489732 0.08828944541387426 4395814.869989232 0.20368990426442074 0.11914276498042621 0.20857461951608014 0.12017912974061351 0.10962459221366344 0.0561078747286818
200 334199.0 0.1208115167756207 0.05990766030404845 151408.90016243397 0.08818928405407223 4552100.240040727 0.20413900896558348 0.11975979662060675 0.20834313118164094 0.12015560117326059 0.11276229625630055 0.056393025260362224
210 356682.0 0.1298909675254695 0.060244557380011755 123408.2987463189 0.08841136110724732 4661940.353379778 0.20661807578601088 0.11960186532826594 0.20825505795126453 0.12012982711571372 0.11777146754779312 0.05653151103610267
220 381387.0 0.13012388059550484 0.06028841572428825 123816.23785660943 0.08861805872691224 4773332.708464823 0.20661231814721812 0.11956035296074569 0.20818082956062736 0.12010564302292799 0.11792237898162002 0.05651303613146846
230 399361.0 0.1301544433013697 0.060406037267535455 124645.96442361566 0.08880753154493841 4886816.689567216 0.2072392661392307 0.11956022256553261 0.20813198587237178 0.12008203466153526 0.11794308438516002 0.056525049727696966
240 410789.0 0.1326861158496716 0.06390726285763337 119450.3108711774 0.08908877080945297 4989475.478550258 0.2074270326702413 0.1216090163586098 0.2081318356026958 0.12013810693672704 0.11872950256818071 0.057455957154208766
250 427806.0 0.13306326629710713 0.06468537538885787 119761.13757196418 0.08931372685525804 5095779.8169330945 0.20795209862460365 0.12210610054120044 0.20810775356185365 0.12020856115547596 0.11901960150298922 0.05783302726299081
260 439686.0 0.13490796463187155 0.06508751987342078 116090.9744098406 0.08957372845868328 5196024.77522987 0.20797887987948338 0.1221323506441569 0.20810262547377922 0.12028165312764616 0.12033785142622302 0.05802175426790405
270 450496.0 0.1359829731971479 0.06766586089349025 115744.48775971812 0.08984522970261748 5295595.944961708 0.20774009089776235 0.12399714404939319 0.20809697778057887 0.12039125192574408 0.1205208274053461 0.05941293241807887
280 466744.0 0.13818151404492174 0.06770081919187826 111288.40295374744 0.09007971985841343 5391869.812471727 0.207555879594863 0.13312853190653556 0.20815834575809206 0.12058514655447714 0.12147111470512065 0.05947478647453805
290 480055.0 0.1410818869146107 0.06770984028381735 104980.25666118224 0.09029857733715631 5481553.291553688 0.21004277859147308 0.13320644315522254 0.2081634692589826 0.121017255878186 0.12245224367756212 0.05952566867149813
300 498661.0 0.14613520215333162 0.06905596277844553 96550.70791159327 0.09053000082221312 5560233.982015946 0.21074850355532904 0.13312260672862186 0.208223341558014 0.12141866893500268 0.12490248804139358 0.060297211975549735
310 508576.0 0.15598796980022012 0.07025472646858405 79975.34626864207 0.09088615109759979 5608094.400261862 0.21063906482175757 0.1331817578874305 0.20829707458327848 0.12179521486246749 0.1316297134491108 0.06115699183830364
320 524905.0 0.15645214934487114 0.07048716272848755 79376.14335375554 0.09128227090144912 5652819.16035066 0.21057280730372002 0.13322676871633007 0.20836880623758128 0.12215064790283071 0.13243385189500073 0.061271561247998096
330 536750.0 0.15654767139477277 0.071567761926782 79554.48449932405 0.09171915112056821 5695868.364628479 0.2148721238562631 0.12808436969018697 0.20847594768462893 0.12241116896928585 0.13254907534866867 0.06149634671620225
340 553480.0 0.1642846215578102 0.07158041122869786 69107.1962902405 0.09221992628854205 5718675.716566373 0.21298531619584943 0.12809218164367273 0.20863067719346928 0.12257771873527622 0.1364776153213855 0.061552271721043134
350 566204.0 0.16642580220403957 0.07167282657230892 66712.22565633245 0.0926672842837589 5743017.740050126 0.21323456094836704 0.12592028484483117 0.20875766087052494 0.12271493752798648 0.13783116511407942 0.06162268567775589
360 586797.0 0.1711264645438521 0.07170169070671681 61681.66151483067 0.09294102674944768 5776038.456659982 0.21560844216484548 0.12593323015787683 0.20891449915273339 0.12280497962847226 0.1401652710609647 0.06163427895648037
370 605429.0 0.17439407156726186 0.07292809605733266 58538.731788856254 0.09324553258443524 5802238.98536974 0.21531174837229017 0.12628511677717136 0.209088339776455 0.12288977186887196 0.14268710738095308 0.06238963527909477
380 621867.0 0.17444161352314672 0.08425791984394743 58799.95886188766 0.0935426128090381 5830064.258477854 0.21548524302815703 0.1281687894623862 0.20925714328335537 0.12300825183748669 0.14290256189143025 0.06978860558941162
390 642312.0 0.17586027437934215 0.08575122778074343 58243.130698628906 0.09386703884561727 5855115.4746894725 0.21461490312629472 0.13036836952018505 0.20940126799751949 0.12317048225128845 0.1440292189419595 0.07042821234644339
400 653748.0 0.1759698415086919 0.08608775558176544 58304.750485276825 0.09415652960962222 5884008.749961541 0.21401338201160314 0.13034819272928663 0.209529078213237 0.12335207435838302 0.14429167306123958 0.0705322113873044
410 661958.0 0.17784984268653123 0.0893782411127693 57190.91979132886 0.09444180031194098 5912192.029203751 0.21419154674014 0.13129876360926768 0.20964106341494843 0.12353299505522657 0.14516115436910026 0.07214320545282862
420 681371.0 0.17860187762581606 0.0897326037746507 56652.30788520304 0.09471805176946556 5940895.909264333 0.21357410285888923 0.13130029208266095 0.20974340332087776 0.12371770919334893 0.14562738956165908 0.07231176357415656
430 711632.0 0.18824857938427292 0.09010066249034177 49333.47823934179 0.09506205528869756 5952971.868754185 0.22014227266965114 0.13177816307453094 0.20986969884087145 0.12389808440041089 0.14660175850659002 0.07238499191519701
440 732306.0 0.18850014121871048 0.09031323509136786 50073.32500244403 0.09519522297656394 5988021.828829555 0.21750923845331172 0.13168846951253502 0.21007408443246217 0.1240750109896689 0.1472592747241565 0.07253480418569759
450 740138.0 0.19025468448376498 0.09167468705903588 48999.86725454265 0.09519488906859551 6037061.231835222 0.2164651241959717 0.13050982225833777 0.2102154264173045 0.12421899128190998 0.1481887138720043 0.07284859837650513
460 756246.0 0.19079497459187889 0.09181822898893524 48710.24378460271 0.0951851207462311 6086935.537880316 0.2164819593176246 0.13199602301324675 0.21035145599775226 0.12438427594221628 0.14849061332531158 0.0729543389914788
470 769834.0 0.191800409534426 0.0927278975118317 48006.15613712334 0.09512139641673101 6142733.651844937 0.21646336022034302 0.13199779071080533 0.21048128237471325 0.1245457989971193 0.14887447796655576 0.0738029302765735
480 780522.0 0.19207941187569982 0.09306038743499132 48066.32979232774 0.0950606205822522 6198244.690577192 0.21646963760935378 0.13197668679552021 0.21060567383416962 0.12470040409532271 0.14904257702963325 0.07396639586387561
490 790213.0 0.1921450811583938 0.09395367509590334 49004.7540074303 0.0950039220267296 6254128.454386021 0.2164916045921166 0.13211749292329325 0.2107251693175043 0.1248493414642402 0.14921732645005542 0.0740350740550537
500 801696.0 0.19403961547318918 0.09419992171923272 47686.43801280481 0.0949595215511243 6307285.119760629 0.2164747759834268 0.13215345939497902 0.21084000138858597 0.1249948840882537 0.15119878541351076 0.07405292653108005
510 814113.0 0.19455363112907698 0.09432600450626343 47546.089110655725 0.09478590060964699 6377261.873920233 0.2142857091359122 0.13119726468478385 0.21090555020513702 0.12511506161037086 0.1515868951837274 0.07408364007685284
520 823524.0 0.19551679947259923 0.10047273488714327 47681.620608113386 0.09460238297636948 6448918.417502451 0.21522292485244088 0.13105417156149987 0.2109715695373428 0.12523033300082548 0.15205424926057637 0.07907133241487778
530 833610.0 0.1988662139914785 0.1019638532370643 45462.920112591346 0.09445753529316103 6513737.875694123 0.2149816367338958 0.12916799656607103 0.21104954560013728 0.12533335525594277 0.15423276010847095 0.07978619760210172
540 851350.0 0.1997228642474268 0.10313828762019644 44947.805462496464 0.09435657205170472 6572166.467710102 0.21509696869398176 0.12932806007676922 0.2111233745390929 0.12540738450188946 0.15493843572442295 0.08076020014095697
550 867934.0 0.20052541835897827 0.10676701432194326 44630.90208390949 0.09426112599444869 6629636.539426701 0.2150660751579476 0.12974309161088582 0.21119507816794925 0.12548375029500408 0.15553735275457395 0.08285394842749287
560 885342.0 0.2023944583806297 0.10705514380352499 43832.44822447172 0.09413947836715661 6690231.500589865 0.21081227258463958 0.12909601607576277 0.2112277020165428 0.12555504764656883 0.15620841199226315 0.08295362220179689
570 899549.0 0.20328855555351344 0.10724555710220254 44081.56836768479 0.09403273238839177 6748995.850161275 0.21091465821781763 0.13035306011013814 0.2112219204745871 0.12563436925988475 0.15652729370795704 0.08310924382696123
580 912400.0 0.20365493061954293 0.10728165952412154 44463.06912847545 0.09394758772805978 6805087.398647694 0.21088167790539866 0.13088877820170666 0.2112155992496371 0.1257151679365029 0.15674132419203257 0.08312683235556857
590 934187.0 0.20475923034507584 0.10835766105247607 43927.34420070535 0.09388001877342504 6858287.228545876 0.21121805357286885 0.1300376345876016 0.21121223122904628 0.12579954009214983 0.15706434146075537 0.08333692841145444
600 952984.0 0.20617673815061596 0.10990237463222483 43170.80305657027 0.09379740549792993 6913018.854057255 0.21218829695294328 0.13020443020238007 0.2112130973039636 0.1258714583336571 0.15762561308585668 0.0840985247814958
610 959205.0 0.20737001478340705 0.14949148392282396 42651.7969643995 0.09371108354446062 6967905.382496025 0.21212335192171267 0.1412952475280628 0.2112279653396777 0.1259804830829659 0.15771165900801398 0.0994571216928967
620 977088.0 0.2080293190924924 0.149614728729786 42412.01341907702 0.09367449894359278 7015439.599540882 0.21211540031943982 0.14103514341144843 0.21124241419358444 0.12622506443281617 0.15807412167000537 0.09980115722407759
630 994430.0 0.20917968518527896 0.15024924975564313 42092.73065627702 0.09362671076503964 7064297.94065934 0.21125694747828863 0.14119402888473886 0.21125265643929178 0.1264658955432493 0.15812883606135947 0.10002721863017291
640 1010220.0 0.21619754375953992 0.15030662486741794 38181.22378843138 0.093697642515366 7092340.4829741325 0.21350384483916354 0.1412007258415393 0.2112843455948162 0.12669574061334427 0.16105540985033595 0.10028561742917827
650 1032565.0 0.21883983604746948 0.15776735515293036 37254.28219066852 0.09381364359984239 7113152.447472937 0.213279624815968 0.14037056370922177 0.21131244819264186 0.12689470241422604 0.16260696737656224 0.10476217098660641
660 1051478.0 0.2202309582009935 0.15846909433832285 37014.40834446145 0.09388808689563308 7139455.296685018 0.21416460649028973 0.1402903105821781 0.21134598199804677 0.12709758987455952 0.1635953992496782 0.10509563487878251
670 1060722.0 0.2232797374743522 0.160464724406028 35719.58279147915 0.0940155215889175 7156946.796576804 0.21428401236502576 0.1410474543038297 0.2113931190135571 0.12730436496008443 0.1657106769116452 0.1060553100282429
680 1079670.0 0.22384311068385504 0.16158954530866138 35764.605103088594 0.09414008180367793 7175007.620586465 0.21435698015781973 0.14063699486940853 0.21143717179773633 0.1275040775511249 0.1660814382136219 0.10630273396267882
690 1096829.0 0.22553323028503325 0.16310182285531127 35074.23072696589 0.09422917350247043 7197161.245926189 0.21501639566923283 0.1408741965475449 0.21148420792372888 0.12769436005293813 0.16667863204273256 0.10592271284938858
700 1121143.0 0.2259598937356212 0.16311766065699135 34972.58945918967 0.09428714150970441 7223640.095354063 0.21515179744809793 0.14088419969550553 0.21153597559477622 0.127882416712951 0.166812854506287 0.10602077977989717
710 1135351.0 0.2260929007222553 0.16402988914966465 35307.34608736091 0.09433891229196392 7251405.484124389 0.2150778789599336 0.1407257350507447 0.2115857985516974 0.1280630403742361 0.1668773403297268 0.10598655185327649
720 1142608.0 0.22751739793277648 0.16451062022421123 34962.52454156536 0.09445943843223124 7269310.504407803 0.21351136821152558 0.13998975800970062 0.21161833944730335 0.12823469711010949 0.16696483365329895 0.10614705147840872
730 1158364.0 0.22794414825762885 0.16492639044449423 34913.87195101409 0.09454461324727718 7292032.383701012 0.21389311388048157 0.14222406211931948 0.21164396928614335 0.12840196574588492 0.16745659144738895 0.1062994959710439
740 1172220.0 0.23009007168904877 0.168003665295421 34378.574388885 0.09464921290904686 7311508.357873104 0.21424117707369789 0.14269610905926944 0.21167682941975385 0.12859224408954356 0.1689345928211715 0.10777811164837735
750 1184645.0 0.23147542364626214 0.1680318417017482 33838.04677358201 0.09473541722688127 7332904.595735338 0.21456527897612318 0.14268636254556483 0.21171466666259486 0.12877998228361803 0.1696269033991932 0.10789031080476703
760 1199710.0 0.23803013635145198 0.1701201875076385 31953.599387608145 0.09478935095812971 7356734.816424318 0.2144000691542474 0.1420487751139402 0.21176250998664847 0.12896526533645822 0.17382272946351762 0.10942970881097694
770 1211142.0 0.2409115149674702 0.1734019961026641 31234.37918860305 0.094830853440883 7381626.6417916445 0.215669080787795 0.14038002610924571 0.21180492331994757 0.12912739611935434 0.17450784692367144 0.1106605974625246
780 1223167.0 0.24214483352919391 0.17382062600107967 30805.443711709795 0.0948789182689361 7405071.464884622 0.21558036043900036 0.1406363030612145 0.21185392620092058 0.12927421526206553 0.17525312920086603 0.11092354369792697
790 1243312.0 0.2481896276759649 0.17391145704683977 28740.24275984129 0.0949550935518351 7421908.0897131 0.21845723109212653 0.14064528267424037 0.21193004058450365 0.12941790880849263 0.17671473320636577 0.11103203167233282
800 1273366.0 0.24927535630816786 0.1745060996540117 28488.8721501321 0.09507924389739282 7431386.576702366 0.21877096101841803 0.139950289034916 0.21201127574079784 0.12955642054090694 0.17741613669470746 0.11149079148948182
810 1289099.0 0.24969697351010187 0.17456142440563988 28466.785787161836 0.09517446743778553 7445171.668338047 0.21889488339604438 0.14095224341372548 0.21209547816288965 0.12968867607085144 0.17746691284818297 0.11158507248733572
820 1302569.0 0.25005256271886683 0.1746655787741075 28630.37449343551 0.09528012503180944 7457717.369365263 0.21663763042457432 0.14091054039145884 0.21217463755494737 0.12982538938064092 0.17750736788832883 0.11169583394163328
830 1319362.0 0.2510311168041416 0.17530184903398965 28504.24031566197 0.09534230721208296 7476594.286157804 0.2165242506224425 0.14064609956200524 0.21222749282860118 0.12995665226113662 0.1779600113531826 0.11238149072852226
840 1329917.0 0.2513850157578009 0.17563112015447227 28592.65147092099 0.09543642922951211 7490901.818778263 0.2171420776046014 0.1392020544993439 0.21228094894992552 0.13007590966790536 0.17792758705774994 0.1125301403487763
850 1353346.0 0.2526647222060032 0.17579241723995895 28407.717532173356 0.09549704328886348 7509974.277322081 0.21722609169840884 0.13808904962500307 0.2123361275551512 0.13017775129444814 0.178491787031012 0.1127173536162899
860 1372694.0 0.2564497509134278 0.18464872481548963 27350.780235174923 0.09557406412452404 7525360.890151919 0.21968192773000308 0.14042137081579653 0.2124011343476015 0.13028833092636452 0.17971306685247038 0.11495798299329134
870 1394209.0 0.2595006799740409 0.1854380643618623 26516.30573918923 0.0955755632945064 7551633.660889487 0.21830779025011715 0.13883587648643017 0.21248019086020184 0.13039223842516934 0.17994466338608497 0.1152151071946774
880 1424473.0 0.26176602402757454 0.1867062108385335 26019.861500000166 0.09559359156248833 7574721.268849404 0.21840052575046873 0.13909286845967853 0.21254686259742556 0.13049078204770814 0.18197860063267493 0.1155573616923885
890 1434955.0 0.26200323848119383 0.18796666636906625 26248.286164203048 0.0956164699443409 7597274.703092251 0.21784932784887365 0.13789912853836533 0.21260855521818517 0.130578850750047 0.18203768316887295 0.1158406535471936
900 1461320.0 0.2635869149826601 0.18849478156533855 25841.914336927373 0.09570933307056602 7608508.507355325 0.22005406860185292 0.13881275272965868 0.21268878735744318 0.1306692958875826 0.1831134062919205 0.1162242902383303
910 1484823.0 0.26407067066363066 0.1890943491511587 25714.72702746725 0.09580741270863742 7618868.360109315 0.21892366197965013 0.1383061039668493 0.2127599954520705 0.13075332474872567 0.18322759251370288 0.1162433882075302
920 1502620.0 0.26514276007898024 0.1891818029123188 25615.63802826393 0.09589389890130655 7630907.890382328 0.21880183860587468 0.1383220108669075 0.21282603256645863 0.13083549093075147 0.18340343290699837 0.116368800216041
930 1523771.0 0.26755463286141873 0.18935394421056148 25064.89981549849 0.09599427318923653 7640221.165836063 0.21922547593615271 0.13838462754557784 0.21289247252169277 0.13091629078314598 0.184842154945841 0.11637084173947015
940 1537336.0 0.26838079748871896 0.19500830630799468 25018.460974826212 0.095996615273358 7664855.953478989 0.2189605531146233 0.14183437259189074 0.2129572193082096 0.1310242313554602 0.18529917556501715 0.11682792658812884
950 1550784.0 0.28669041313539934 0.19585216571007227 20521.600118179627 0.09608000346343686 7671048.939499165 0.22065805293267748 0.13947228444492815 0.21302653819453074 0.1311354514919172 0.19500818440993073 0.1175137186610078
960 1570152.0 0.2872623770935226 0.19590621516764234 20460.3043024508 0.09616139844668718 7677552.962362671 0.2203015139403269 0.13891016879434034 0.21310450796932473 0.1312210017593737 0.1950509868401199 0.1175733079414338
970 1582800.0 0.288945792908326 0.20621312057885904 20177.030873665844 0.0962426860314943 7683771.962552344 0.22013223445134233 0.12654732056437243 0.21317848833554665 0.13119881684288795 0.19551110423271117 0.12425273355316507
980 1595593.0 0.2890000604643437 0.20634754339010009 20181.997431792945 0.09631375564051195 7691749.958219562 0.22021681788087275 0.12689614799107324 0.21324976098799284 0.13115313793602884 0.19555300397692327 0.12424685200624801
990 1617111.0 0.28996206378963385 0.2065615937146557 20170.349507833882 0.09638015008337249 7700534.67028136 0.22122411018187343 0.12687018205353923 0.213317296420642 0.131109987563729 0.19554034914143878 0.12436205134274855
1000 1633420.0 0.2948177163824689 0.20684710323507044 19223.592203542958 0.09640243873007838 7715812.976527822 0.2200830989441974 0.12697429284242287 0.2133859849243845 0.13106825639639727 0.19886945376433754 0.12443494727451512
1010 1657635.0 0.29539903558400055 0.207392855875058 19188.189199249155 0.09639736859767466 7735907.457838267 0.21740929360555356 0.12705042393856972 0.2134481634603732 0.1310283837626592 0.19899767422235953 0.12460752314258008
1020 1669209.0 0.2961684404722846 0.2079611441191463 19200.645959615085 0.09641066642264015 7752747.618927201 0.2169013568386737 0.12701378068930372 0.21348532809784518 0.13098911348482567 0.1992152970446862 0.12460991783018784
1030 1687617.0 0.2980400346777611 0.20854632138973878 18889.91176219259 0.0963428041699148 7784110.609387309 0.21664709554307943 0.1267088155278411 0.21351215017851144 0.13095136153061743 0.19889737883302053 0.12484475390923877
1040 1717430.0 0.30145650663255935 0.2097137619875766 18263.34425819433 0.09629292577383938 7811607.211563284 0.21691201729390194 0.1261769898185309 0.21354441531677007 0.1309080233634132 0.20068947152656666 0.12510680787186623
1050 1731223.0 0.3039473864133809 0.21049071739446368 17963.828312605692 0.09609340991034236 7868622.970447903 0.21020593644430063 0.1251569656887966 0.21355079686092518 0.1308592537243246 0.2017920463849417 0.12548225012771128
1060 1745462.0 0.30465934894352276 0.21050614662624628 18077.116006917764 0.09585610905111429 7934051.2759270435 0.2104551686549871 0.1250970357143766 0.21352103602922695 0.13080505214998897 0.20177965907112042 0.1253984371314657
1070 1759528.0 0.30507475596685385 0.21063605888840697 18037.599421345905 0.09564829734688744 7993678.1444690265 0.21008494184868035 0.12554178241135647 0.21349178741455674 0.13075177207275823 0.20192044378455407 0.12531279470149528
1080 1770663.0 0.30541751108380216 0.22014451938055327 18121.168733334052 0.09544493403511307 8052802.480813897 0.20946143189294616 0.12250666184854563 0.2134556564293379 0.1306911755887834 0.20201112030749122 0.12656810004706406
1090 1787567.0 0.309943751199202 0.22014951823132653 17403.169823158383 0.09537830853575051 8083307.481548891 0.21353830132020954 0.12250866956543804 0.21344220998888283 0.13061616730818956 0.20461705763178265 0.12648871800297448
1100 1816309.0 0.313447046977379 0.22228438852789043 16890.09371309933 0.0952589459771224 8124357.379638868 0.21532213397494876 0.12383008174432425 0.21345043508978306 0.13054913779996252 0.2067386066541371 0.12767554249640786
1110 1834192.0 0.314301981358538 0.22573216037405675 16771.103648247394 0.09515929537905984 8161319.334275559 0.21488350105740764 0.12015922330802246 0.21346528502155768 0.1304729157142776 0.20706007661107287 0.12767105829502012
1120 1845261.0 0.3144222304246287 0.22592391100587264 16772.151192797555 0.09506827737957368 8196567.438203911 0.21486363179402107 0.11941069018750289 0.21347784060513852 0.13037760465941237 0.2071421392818969 0.12768172751548032
1130 1867621.0 0.314894959142677 0.22667467457164794 16805.84453089828 0.09496614272131779 8234264.33538992 0.214983100921881 0.11989150046531438 0.21349080061076026 0.13028317278369508 0.2075140113727373 0.1280667979483853
1140 1886035.0 0.31610027934226503 0.22684013962889338 16664.072384536543 0.09486145230580946 8272513.058550922 0.2149278983049299 0.11978121332697261 0.2135036798681089 0.1301915478827596 0.20787153847204062 0.12798672094744226
1150 1897777.0 0.31695912840400076 0.22690350729002706 16541.72924472937 0.0948202704836756 8297415.115115418 0.21541707568904647 0.11979828715470792 0.21351856022158694 0.13010105599850125 0.20831576462240078 0.12788913433050017
1160 1910251.0 0.31884089479169014 0.22751675024989307 16333.971509615378 0.09468120441227444 8343113.553452674 0.21511476560460685 0.12033863210665624 0.2135333537953683 0.13001510951282746 0.20871665110713078 0.12794880218027066
1170 1922649.0 0.3193988523883966 0.2300643842176888 16325.13666935776 0.09452447728214826 8392950.952919643 0.2139874703075417 0.12096803713945832 0.2135449403704155 0.12993463323935014 0.2088498283650371 0.12881693144015957
1180 1936179.0 0.3200026479115168 0.23141827064220302 16283.586459502716 0.09433860660765521 8449678.353436109 0.21041949745735994 0.11991243845707227 0.21353931806780824 0.12985517557134688 0.20903373623760607 0.12936813736653924
1190 1944930.0 0.3200652760608424 0.23144208589827486 16324.18727535959 0.09416019675108125 8505055.720636731 0.21046107023776062 0.12007528241241965 0.2135132648181294 0.1297722492208407 0.20904294220654987 0.1292949998005754
1200 1964829.0 0.3268284862057954 0.2318952516027237 15342.743182300941 0.09401689552893486 8552113.78267966 0.2094273709588526 0.11973798566909834 0.21347870340586958 0.12968970184961587 0.21339126470802872 0.12948898410687187
1210 1986779.0 0.3268452769751597 0.231966224757241 15386.273199667916 0.09388992768556557 8595627.361034336 0.20856819444959382 0.11968561657848403 0.2134403561084873 0.12960746448562788 0.21335802473354268 0.12939770818855598
1220 1993841.0 0.3269970743571581 0.23216578177055527 15404.384108832122 0.09376253805277328 8639421.417487774 0.20854643819326438 0.11962869304705777 0.2134002924313029 0.12952617705536493 0.21337590390359884 0.12948987050101146
