1 771.0 0.08193545737906749 0.09081478571585386 379463.4010860721 0.08193545737906749 379463.4010860721 0.24395209495930392 0.25445235529377835 0.24393883631581675 0.2544378714222914 0.08193545737906746 0.09081478571585387
10 4665.0 0.08205031403309761 0.09093458801315632 381584.7476898144 0.08186149477764693 761044.2194914584 0.24471126225778 0.25412116431189985 0.24421285802564005 0.2544387963331085 0.08199609241160716 0.09085564286599819
20 21465.0 0.08908512237386779 0.09384604159026015 310959.76187292236 0.08035258066626956 1081880.534895897 0.24789567534783064 0.2530627391558927 0.24507228141837514 0.25486907709723666 0.08624002426029179 0.09208667973223611
30 36225.0 0.08929489230992127 0.09489131483667596 309705.66634705703 0.07964477834394858 1396536.6198129244 0.24750836541639182 0.25386352783587307 0.24593188359006618 0.25437996478225133 0.08600662810536257 0.09164815370867348
40 43753.0 0.09047646328391318 0.10030774385992115 304262.3025563318 0.07901746607383572 1706208.478812368 0.2460842022606679 0.2536524041858631 0.24627245072115855 0.2542167921556642 0.08681403209525 0.09458289270141396
50 54882.0 0.09084147868550349 0.10069294908166844 307043.6772748062 0.07859920643934411 2016744.585363751 0.2474492661693214 0.25332081171349907 0.24628039720191175 0.2540636854474073 0.08681067929832567 0.09423079896257228
60 74630.0 0.09112409211291514 0.11350853844992882 308385.9528566984 0.0783017976970136 2327569.66279069 0.24736972851945216 0.2536125542395927 0.24646565296135298 0.2539941409584787 0.08678419587657378 0.10551179151856409
70 82573.0 0.09121227397273106 0.11412440338200096 308238.14214344276 0.07807794598020731 2637679.9841835774 0.24728480329287097 0.25355316147161533 0.2465903570950225 0.2539391748027686 0.08669640722880406 0.10600856148278016
80 107562.0 0.09156869755523768 0.11443859739712257 310938.2443149661 0.07793384687776132 2949670.609350585 0.24828190920494148 0.25538309261049863 0.2467428766293398 0.25398446297686145 0.08677850395180257 0.10602954729143696
90 124551.0 0.09330862936949101 0.11954170769714549 301787.0407664556 0.07795414025559308 3251282.352810967 0.24949555760533978 0.25973564410819905 0.24703284359081434 0.2545628838438534 0.08821718512627338 0.11026323675338805
100 131885.0 0.09347039243077221 0.11968604241070441 301829.6480764971 0.0779707439283645 3552969.0247473475 0.2494928583199698 0.25973403435233366 0.2472765163079731 0.2550749426964105 0.08822038510130521 0.1103256511702234
110 149831.0 0.09689292406275422 0.12194025719940216 282766.49208720954 0.07781231026436215 3838877.380683341 0.2532660635179504 0.26122364292986067 0.24764689877238896 0.2555632477958675 0.08981350114895903 0.1117095237513455
120 162587.0 0.09783310209851459 0.1226574012182426 275163.159047297 0.07770242862640632 4116557.418871472 0.25318985406000377 0.26122492932814473 0.24810767837561665 0.256031186636435 0.09042043587448413 0.11241220413074246
130 178004.0 0.09783352930609455 0.12266471186763747 277400.88456396037 0.07736636569563995 4403357.89784524 0.2552809026815511 0.261156996783175 0.2485355961246783 0.2564284505711953 0.09046797974793414 0.11241656696364297
140 205096.0 0.09796033087355477 0.12378482468633692 280448.15069066535 0.07707497442764205 4691643.674495319 0.25386911459401956 0.25789445644298986 0.24893481815322985 0.2565791871023995 0.09051702810944409 0.11292872716404934
150 216185.0 0.10164515716033694 0.12402154361556289 253856.39330026615 0.0768200070681439 4956226.142557848 0.2550234417231905 0.25675210864664894 0.2492764546146805 0.25664943642401783 0.09235437889172375 0.11289889929627572
160 233264.0 0.10503928629460586 0.12407880981534332 232457.2245333672 0.07668019611090313 5196035.872896787 0.25577122358729043 0.25702738635021943 0.24964292748579192 0.25665584990136014 0.09517117680250167 0.11279710769937168
170 252406.0 0.10693122608951315 0.12447352624734329 222436.97781321435 0.07652308206511954 5427990.766106947 0.2508533574031462 0.256718332855176 0.24991503299197648 0.2566700182094391 0.09682358764001282 0.11291411695178152
180 263959.0 0.1070970755118543 0.12668997802535503 222272.99171586044 0.07639392092617209 5658107.020497398 0.2522511764351903 0.25637990959521784 0.2500466503080212 0.25665570524706055 0.09698785566101667 0.11476922730018936
190 281236.0 0.1073560033022689 0.12764647560509707 222562.28682604618 0.07627107523429215 5888187.436133805 0.2492000125947353 0.25575367520038234 0.2501234385983204 0.25668145638607975 0.09695770411479035 0.11503891970562062
200 297510.0 0.10777013706543193 0.13621000152255097 224640.97408759728 0.07609325793735931 6124072.313956104 0.24928007822526518 0.25647975752040586 0.2500715293342826 0.2566601227661582 0.09717944906963312 0.12039342023904238
210 310486.0 0.10792779757035237 0.13652444097482969 224085.93398594158 0.07592279247702885 6359192.465856731 0.2510840385894428 0.2579073051720317 0.2500735425910065 0.2566917372033117 0.09722243847522753 0.12038695080057486
220 325482.0 0.1084375406801597 0.13659702883554678 222614.25750515563 0.07567569511647167 6599552.593361175 0.25040869995692633 0.2594418589976235 0.2501139213175902 0.2567616576409797 0.09718075162837404 0.1202540599258973
230 339682.0 0.10993077175076543 0.1379714600895398 214101.34574705886 0.07545027118245558 6831674.556328483 0.25051521643370944 0.2594912744778788 0.25012990862124634 0.2568793488599834 0.09768060678876075 0.12048580867012562
240 352616.0 0.11045935847682334 0.13836668358823911 215469.64894271732 0.07503458972782587 7085963.9815691095 0.2504616471768437 0.2598973905665073 0.25014671179338294 0.25700000253334077 0.09782283098050466 0.12053711495608742
250 371580.0 0.11088268005351906 0.13856314190865654 215224.42015867936 0.0746512642296448 7337896.968638735 0.24854526482553282 0.256473526911371 0.2501108514557969 0.2570195194720772 0.09792485149390413 0.12053071370988672
260 392904.0 0.11178147556015526 0.14213610115937267 211094.80514284232 0.07442202637400974 7570080.458538252 0.2490904607288523 0.2537438187169613 0.2500698639072084 0.2569887511752155 0.0983196370381562 0.12316347090125604
270 400586.0 0.11796000619630291 0.15388571259381456 180356.38965500446 0.07443963348364499 7748554.972904644 0.2526073152092409 0.2505478612176426 0.25007377610975773 0.256836890361153 0.10173487853187245 0.1313139593447661
280 414584.0 0.11798247444964248 0.15404616123200732 181418.43668241578 0.07445611999357026 7928232.914285046 0.25432786200587165 0.2506728126474038 0.25016524632650283 0.2566106474922978 0.10175425922877877 0.1310682635937792
290 428586.0 0.11926507962646912 0.158612760864609 179809.041685536 0.07433181694183187 8122870.850400936 0.25539448997200087 0.2565891473142834 0.2503472333965555 0.25651642713635686 0.1024969758613851 0.13325340150684992
300 450109.0 0.11953194737199366 0.15975994498828533 180439.21044544116 0.07422587210538363 8315855.75916172 0.25317242998022427 0.26059935467084344 0.2504810339925067 0.2565986843150859 0.10258904864031472 0.13364037036485452
310 465556.0 0.12945017870638378 0.16302524789544748 144544.28508102958 0.07441597667184577 8434092.449027084 0.2551383908364817 0.26311908067951745 0.25063048428818435 0.25678830109415546 0.10809745450806393 0.13524997702323613
320 492527.0 0.12975400762202727 0.16355058277513337 143879.90886083563 0.07457163884280436 8556177.809798691 0.2550242499505674 0.26283170881776174 0.2507696140554609 0.2569828829394693 0.10815963809657256 0.13465523637193857
330 510483.0 0.13218878995610342 0.1678769462672333 137363.9908060805 0.07479212750445939 8662357.011570746 0.25593342935460806 0.2624714988047295 0.25092125838733936 0.25715033994492403 0.10912331202065957 0.13635662372324006
340 529594.0 0.1327765904054654 0.17253870395023885 137235.33359207708 0.07481820862170536 8795497.997274151 0.2631626317417813 0.261257726926916 0.25123168950666713 0.25727392175051095 0.10921239654928784 0.13864935975329834
350 543179.0 0.13291809544695612 0.17262131283079057 137324.67529767216 0.07486056485149356 8926260.208017016 0.25430837774986464 0.2619145998829369 0.2514230601685125 0.2573986839353138 0.10924331470659517 0.13857536413764024
360 556969.0 0.13346038784855246 0.17340237601039885 136457.48887191137 0.0750188497753366 9039967.562163582 0.2566900586660779 0.26227775939340825 0.2515467150439633 0.2575306398237254 0.10950041080366887 0.1389194315976567
370 570336.0 0.1335323375030946 0.17348932761406605 136457.00585606057 0.075168405475219 9155091.711071234 0.25673545687531524 0.2623364881215114 0.2516865696694539 0.25765930182068775 0.10954430866045205 0.1388523251723602
380 580595.0 0.13954890883570376 0.1758557784672259 120395.31051783539 0.07544733878413713 9232708.489691537 0.2583702088689133 0.262809690024261 0.2518605076649031 0.25779395277602213 0.11346648934382357 0.14010281108434708
390 598699.0 0.1396014705468072 0.17675780865328605 121034.5250156961 0.07570589736326572 9314730.734931204 0.2600779895428009 0.26291928793541686 0.25205147209124285 0.2579253910227987 0.11354491673743852 0.14052571651809484
400 611132.0 0.14561095384839706 0.18191056524615598 110347.55341783378 0.07593551587861268 9386101.20663986 0.2619025837509432 0.2518982498533737 0.25228804779686687 0.2580507408076327 0.1164396601408261 0.14198675105095782
410 630175.0 0.1498182274438443 0.18391417820023587 101432.89350666062 0.07625284149587296 9432359.228224352 0.2615461608020825 0.2509275437940217 0.25251966248920826 0.2578897526720939 0.11820104925364305 0.14236300953512945
420 648110.0 0.16021321548445677 0.18674354359557999 83965.38138506199 0.07673924713733178 9424921.014393667 0.2577381320910297 0.25075060763917545 0.2526924131105681 0.25772714278185993 0.1260010358709035 0.14441746435358913
430 667085.0 0.1734052808443572 0.18784870259161732 66253.24253177489 0.07720153025077259 9388784.915327221 0.25846258122010624 0.2507862551653224 0.25281801952723637 0.25756627206952315 0.13394164097568234 0.14466578211683673
440 675801.0 0.17392356803603146 0.1888952823307044 65968.36017909397 0.07764563599670392 9358364.13724179 0.2567225932416356 0.2488695456810125 0.2529321347958133 0.25739901320551156 0.13406340454287474 0.14507728106003148
450 695174.0 0.17492076420872185 0.19114780570326986 66600.349868954 0.07806427686435416 9336381.888301715 0.2544267106117824 0.24798563239154475 0.2530135413110366 0.2571782619370936 0.13448269432493615 0.14602729505635892
460 702593.0 0.17817338372863875 0.19846986401008052 63136.94891773616 0.0783945508375943 9326641.12863632 0.25244949382608395 0.2483168332130758 0.2530247472701279 0.25698363802676777 0.13622518664692077 0.15033249609415497
470 725837.0 0.18860491692544407 0.19997888840715153 53568.95341887651 0.0788378907602012 9278891.123941032 0.25301404840251107 0.245042220373063 0.25302215035390185 0.2567592224922849 0.1410697505020808 0.15065943685787656
480 748388.0 0.18932521249782186 0.2112502202659936 53506.62354954821 0.07927793725661295 9234351.814236939 0.25232001295125306 0.2540858698077748 0.2530078570049116 0.25660859857069057 0.14113472029872823 0.1549889105467667
490 770506.0 0.1936510355141073 0.21228050759470116 50185.055837573906 0.07969378036128125 9190344.683016501 0.2580993520556194 0.2534621029396304 0.2530808409584956 0.2565438703508155 0.14307513195233906 0.15548890895563666
500 791684.0 0.1939747015330996 0.21271150861264482 50061.08936122152 0.08010966310480093 9148412.739945961 0.2573780471348309 0.2527161066198849 0.25317997572566875 0.2564822927592242 0.14331310582367315 0.1554942795243984
510 806812.0 0.1943410415621414 0.22139983809747246 49873.65825364323 0.0804556729312033 9121674.133578524 0.25894463461197625 0.2600069544690021 0.25328292644831363 0.25648688251304186 0.14358018952029952 0.15905006830404644
520 824657.0 0.2010432343086434 0.22513804719642988 46029.04230772108 0.08086754405230905 9076577.724283442 0.2608021440475242 0.26167756074523146 0.25340796832036366 0.2565853140353517 0.14575428970958418 0.15899864457609036
530 839302.0 0.20122023040178455 0.2335821420613879 46223.454566246546 0.08126449700707683 9036844.235445352 0.2594865188021648 0.2575878030282794 0.25353736118305914 0.2566549856941281 0.1459866643006987 0.16290159878356017
540 851423.0 0.20165568046876556 0.23374420506758273 45968.38907811547 0.08164253343115868 9002069.892717995 0.25780268051273664 0.256602594351855 0.25364288270956326 0.25666106622326273 0.14646178828876302 0.1629508370889888
550 865577.0 0.20741843080549952 0.2343452044783021 42247.95784902679 0.08196517816867155 8972605.55011612 0.25780686442015116 0.25661859267116366 0.2537183843806664 0.2566601499961984 0.14986087811382018 0.16308518406179162
560 880006.0 0.2081021392898901 0.2345447258389216 42023.225528113966 0.0822765020382015 8946286.257368464 0.25825273531156 0.25723502290804373 0.25379697784632754 0.2566686567651224 0.1503737519494881 0.16316401839643901
570 889192.0 0.20817587094420273 0.23603437161320645 42206.3408732232 0.08257671367472819 8923660.837528344 0.25728717662543216 0.2561374273548653 0.2538636336654781 0.25666591280990814 0.15049084587210798 0.16486316841804227
580 907919.0 0.21520481377813996 0.23962733906387101 38463.78983237293 0.08284338909268923 8902365.59461631 0.25647099349360153 0.25603615508225175 0.2539051649229976 0.25665058833953225 0.15395564968492434 0.16600095263460266
590 919804.0 0.2153964621062729 0.239723770667921 38422.75471710896 0.08310753718988599 8882410.827909295 0.25645058254456093 0.25602978040320706 0.2539481965108359 0.2566400111683894 0.15425187415731637 0.16606310193963017
600 931980.0 0.2191227033680498 0.24002284819618422 36754.81916555287 0.08337974317182285 8858887.287810048 0.2540067317982647 0.2556471160475646 0.2539570854291442 0.25662310911296177 0.15492464766447053 0.16613229247283398
610 951958.0 0.22714753241422755 0.24291591060392276 33000.169332340105 0.08368822013014808 8822297.507407187 0.25943924297740334 0.25353785450340316 0.25399094601885785 0.25659791717931707 0.15743830421081945 0.16898429633287781
620 965846.0 0.2355259301441949 0.24335893873469205 30188.955332153684 0.08410269857610404 8760144.529813103 0.265263597405265 0.25492879344237396 0.25411983680317773 0.25656068434537105 0.16380655278380696 0.16904451031068096
630 980314.0 0.23969394544139888 0.24408957575848672 28708.534322600128 0.08453424943167898 8693411.331395656 0.26408819740867856 0.2637102322901403 0.254283922711652 0.2565144221836858 0.1645547439062102 0.16906090374133487
640 993788.0 0.2490532834515251 0.26143140238452195 25821.155421654148 0.08494960071335143 8625440.69596626 0.264906560914622 0.2633532342488256 0.2544448717876872 0.2566216418219439 0.17164499999861874 0.17364519405300133
650 1008651.0 0.25664832197288623 0.26562004098143754 23849.079586723088 0.08526937518594609 8575069.567374757 0.26609053227926693 0.26561679965805246 0.254606047314108 0.2567442547566817 0.17411790632853236 0.17573349513901387
660 1025817.0 0.2570955954215608 0.2690341907642015 24056.56243248359 0.08557708098155549 8528873.469972791 0.2662805569649158 0.26657393434891025 0.2547818922394283 0.25689131727784287 0.17440685770637718 0.17676929604826272
670 1046181.0 0.2575040925753009 0.2692673121743331 23975.88738073964 0.08581574755286525 8498267.762439491 0.2661010410326863 0.26695890213967366 0.2549511944955852 0.2570403141074439 0.1747441924075697 0.17698506902188327
680 1059726.0 0.2586454837441789 0.2697629340922632 23716.92755545192 0.08604640160106126 8469618.021403357 0.2648342856043421 0.26705060359767674 0.2551148083522896 0.2571878982346179 0.1751309948122667 0.1770787020935595
690 1078784.0 0.2600515241909351 0.2715827856974602 23449.115044870618 0.08626619895995746 8443461.955344679 0.26548296114921793 0.26787650178947564 0.2552585662090919 0.2573347799127855 0.1763555255200668 0.17765163050807375
700 1093824.0 0.2601248659252717 0.2715914717091737 23450.723957929542 0.08647918272153901 8419310.274363957 0.2667421087270615 0.26823665696285115 0.2554205988048032 0.2574902971832446 0.1766156537590936 0.17774041624004702
710 1111305.0 0.275579821541114 0.27687865810599854 19798.896927892267 0.08676584778492312 8373778.333485837 0.273873435327939 0.2682264426473757 0.2556432905863204 0.25764900818994096 0.18455421558569954 0.1805762753749206
720 1119730.0 0.27942968387564326 0.2873312449749642 19098.379307911364 0.087048515934318 8328720.212165189 0.2725610095950387 0.2705877495230526 0.2558779924173089 0.2578182964995529 0.18620381094239116 0.18619808311584585
730 1144070.0 0.27976030033655 0.29413921965344875 19108.424388382748 0.08732776212603988 8285307.635230849 0.27212596265024475 0.2612526208912932 0.2561045852240046 0.25795532592777926 0.18656319291848036 0.18890452084221795
740 1159000.0 0.27988040939590664 0.2946293822532631 19314.7540021426 0.08758384154197853 8247949.663926015 0.27143667985181386 0.2610349531878535 0.25631164875636286 0.2579941885396733 0.18680509485769364 0.1887767263465788
750 1179026.0 0.28071640966786865 0.29542784688529844 19179.152840340856 0.0878332724518568 8212443.633171152 0.271673686647593 0.26172511824258743 0.2565133620206546 0.2580305871562451 0.1867767592226957 0.18896952103059445
760 1195920.0 0.2839776388019424 0.30182963664024565 18735.14591645914 0.0881828673417395 8156866.345085695 0.27342086455726 0.25849331197709663 0.25673913960728983 0.2580447933240734 0.18890636899465718 0.19174696374433217
770 1213317.0 0.2841461116703595 0.3029099264287492 18828.567610845646 0.08851808013781226 8105522.354774745 0.2739444925389374 0.25513159030726185 0.25695574989007747 0.25804165999999007 0.18920915287658413 0.19209872610580606
780 1223962.0 0.2875570719541301 0.30692940664029106 18216.628730473294 0.08874867880899263 8074500.296647386 0.27217373326647504 0.2529386095865541 0.2571663897148207 0.25799154237289856 0.19025728585939028 0.1931890180695704
790 1243217.0 0.2883924616485414 0.3075484829492297 18083.72600664263 0.08895991176329106 8047691.331121872 0.2707580983613151 0.25276289689351056 0.2573485279000051 0.2579287136682858 0.19082702773179622 0.19360239714416638
800 1265899.0 0.28978049681443907 0.30897596248530673 17834.766710247448 0.0891665691911823 8021850.967118582 0.2706560385830365 0.25131720985019984 0.2575147714269961 0.25785858718544674 0.19198924556183575 0.19464718743802195
810 1277288.0 0.29144092246921777 0.311972755203657 17638.38427459206 0.08943775669766223 7983530.07929104 0.26598754891667 0.24849109346233952 0.2576543638073403 0.2577601062035826 0.19268913147057418 0.195283398211439
820 1291747.0 0.2924730014791157 0.3137224728171038 17555.62539638931 0.0897243047634503 7942909.690123013 0.26666843930479883 0.24805044244318247 0.25776282822984725 0.25764768019559625 0.1931508588574159 0.1952836058665058
830 1309747.0 0.2931475511160551 0.31466715220214025 17453.619838376526 0.09000445881157147 7904086.452221614 0.2656988923072196 0.24495555993396154 0.2578605302520556 0.2574975974200928 0.19349938638588307 0.19545539183596258
840 1334962.0 0.29776703865416676 0.31472405810817977 16759.877531417143 0.09025002099239743 7871131.732233344 0.26518294613422205 0.24463822518228862 0.25795109969253033 0.25734678958358276 0.19660432333099032 0.19538852788526725
850 1359196.0 0.3005739380483694 0.317910309050407 16562.699483396587 0.0904713717819625 7842979.618673218 0.2635603872073424 0.2434702032323935 0.2580239557185475 0.2571933891673371 0.1964228209661777 0.19544165607174616
860 1369789.0 0.31364912140345613 0.32212190082595177 14622.150874413015 0.09072648426803334 7805338.4593778 0.268291322350189 0.24556844271905898 0.2581130358900229 0.25704193379555396 0.1990433304422612 0.19834038404123322
870 1392762.0 0.31951443917728145 0.3257255106518382 13845.62663537384 0.09102741502165287 7758117.784951609 0.26726911355083244 0.24200353253929607 0.2582195134679907 0.25689105633280046 0.20389583539374212 0.20066505769661172
880 1399899.0 0.3215367981695435 0.32599367300068655 13631.267532436283 0.09131891708553526 7713073.715979993 0.26638962033927677 0.2413584138012318 0.2583171203378314 0.2567184084118289 0.2048943701228123 0.20064126924252568
890 1414866.0 0.3236691518252528 0.32632777813727354 13480.781359142587 0.09154104743070132 7681593.06376485 0.27132675467929906 0.24292578386551672 0.25842529324539715 0.2565516905944713 0.20567722180763756 0.20076031738128491
900 1433747.0 0.3238026399660489 0.3267108452793095 13476.491899234525 0.09175829579025933 7651505.201365101 0.2712949080574546 0.24257021588099661 0.25856816925556414 0.25639756076218123 0.20581385776101555 0.20071905839967577
910 1450325.0 0.3243012424544649 0.3271431819067744 13445.67490348939 0.0919704586502912 7622768.3923273245 0.27131776966767956 0.24260606879622149 0.25870795959357085 0.25624598114437236 0.2061202961418762 0.2006009507601406
920 1468458.0 0.3244161211552868 0.3271905737652817 13453.772086077475 0.09217805886817183 7595321.025073677 0.2706621339079593 0.24203282191344197 0.2588390626122181 0.2560929359274797 0.20631829832646795 0.20049716084495267
930 1490137.0 0.32602584807031093 0.33428245877637586 13535.58248865187 0.0923880098809265 7567988.517545496 0.2772091635442723 0.24298956298094798 0.25903986299618187 0.25595097363615593 0.20725902561628773 0.2041060543784986
940 1504249.0 0.327672272236857 0.3352911070212709 13366.19793279901 0.09260010271814946 7540370.089037225 0.2777900934049976 0.2419548023585519 0.25923593300503206 0.2558088137709632 0.20744716186191056 0.20408403279437695
950 1523519.0 0.33105618177458895 0.34974965615778975 13180.384298778088 0.09284472361620662 7506992.547464929 0.2793770634395419 0.25151991433970156 0.2594292851720368 0.2557289376741395 0.20798750367803231 0.20649020530248346
960 1530742.0 0.34331984601439386 0.3539531684230975 11882.16640746614 0.09311416005799057 7467140.835878002 0.2817639031405608 0.25440672935489805 0.25964549246484003 0.2556937659706792 0.21035135533991484 0.2080954493581399
970 1541969.0 0.34433508462625967 0.35777783734343027 11779.74914305335 0.09334209031198788 7435155.840943272 0.27930379296546354 0.25595448984901414 0.2598548740175765 0.25569527707213735 0.21082618747916035 0.21073013304114802
980 1557292.0 0.3453256630583723 0.35899875760667904 11747.170786552999 0.09356429941092988 7404599.433056054 0.27412719956871034 0.2544561959407527 0.26002388232474327 0.25569798833653395 0.21116545823126753 0.21141728245187258
990 1570242.0 0.34868769269714683 0.3636932196509273 11458.162529209034 0.09384550553935864 7363555.746237118 0.2714902273098566 0.24912391450347424 0.26015366927753003 0.25565955189946704 0.21225020260942734 0.21234864298148454
1000 1583752.0 0.36002410706818916 0.36856198157841447 10431.065042593462 0.09411891707637902 7322329.035401381 0.27510883925760976 0.2537516499683808 0.26028845390544536 0.2556163543526705 0.21632252960678447 0.21220087322874953
1010 1603421.0 0.3628984966757667 0.3702050598756345 10242.818090418312 0.09434767604063957 7289253.236629292 0.2617639562122327 0.2504525695678195 0.26037126274140404 0.2555819608104956 0.21750202865150564 0.21187045373135263
1020 1613151.0 0.36328362361515604 0.3748961982908508 10270.96188356282 0.09454417781926244 7262442.316476412 0.2615188174058156 0.251714414894059 0.2603832036435661 0.2555339606175955 0.21755656971472606 0.21461661637591337
1030 1626781.0 0.3635646029052839 0.3749612328753051 10263.317676986771 0.09475751064157802 7232963.0975603955 0.26151477054942956 0.2517649260412926 0.2603961936705352 0.2554973936657686 0.2176835237623235 0.2146223706351533
1040 1643598.0 0.36994625201053905 0.3794885326969709 9773.960876083544 0.0949867316733262 7200152.9711374855 0.26307319195208867 0.2524808875291767 0.2604194492157617 0.25546688186318717 0.2187847071082849 0.2157513720442571
1050 1657918.0 0.37367084445611615 0.3813789858128371 9502.98857553075 0.09520495147112006 7169185.07096208 0.2629863021077282 0.25245389027574006 0.26044418740620146 0.2554382686283646 0.22127279178048875 0.2162009061031271
1060 1679116.0 0.37457883133166525 0.3960240788987561 9497.453787764796 0.09547178204674045 7130254.287405572 0.2619095793959596 0.25214684137680243 0.26045596056907855 0.25541067249808513 0.22143640032071635 0.22641444159742416
1070 1693020.0 0.37837069099324744 0.39640759337205766 9247.39378069631 0.0957452572703941 7090243.074617559 0.26136961823300947 0.2501677159756904 0.2604660596116785 0.2553682149314464 0.2229566182379947 0.22660880054596405
1080 1705888.0 0.3827782114402252 0.3996064596152427 8982.803250371655 0.09599011990967143 7055066.319844753 0.25909932274746833 0.24906854261067032 0.26047173511228494 0.25531623690264194 0.22418899016668917 0.2268237371656638
1090 1723262.0 0.38329517079324027 0.41274775216329695 9011.080301732536 0.0962181183585409 7023269.18580786 0.25773333863236886 0.2537141966332769 0.26045165993460917 0.2552893386928345 0.22439155064156632 0.2312179953483592
1100 1734017.0 0.38558440868287774 0.4246252397953074 8882.650507972434 0.09643858354967456 6992898.492457625 0.25661865257274874 0.2531838421737785 0.2604218024350761 0.2552742280992717 0.22560175949524688 0.2340838361225912
1110 1750374.0 0.3866724712855308 0.42566641622470014 8857.985763030978 0.09665509768231687 6963524.775228013 0.25650822127177864 0.25242170300607647 0.2603874290193981 0.2552531976842377 0.22533206526272195 0.2340637848511104
1120 1761534.0 0.38706173425259194 0.42620152339673006 8888.416105825105 0.09686601006809642 6935505.338446654 0.2570838365654199 0.25277418806810364 0.26035781196032054 0.2552315854088073 0.22537661275838505 0.23406060435170253
1130 1778231.0 0.38809308509640156 0.42668853533732504 8851.9349377968 0.09694674646891253 6929897.018074302 0.24876088465584167 0.25088130142014897 0.26025624669291925 0.25519478327460315 0.2251869752524077 0.23424404435064225
1140 1792837.0 0.38832294301752646 0.4268774734504246 8853.406236631161 0.09702508505886334 6924762.667825957 0.24870494989336234 0.25086159547093073 0.26015510073967957 0.25515688316210944 0.22517483248664275 0.23426253935017793
1150 1804079.0 0.39784460629820645 0.44024373618659873 8282.525681662728 0.09710207298347019 6919173.0066276565 0.25141805649133186 0.24765193123683887 0.26008648275708635 0.2551053357217411 0.22682897481357836 0.23839159603274251
1160 1814826.0 0.40009373574870766 0.44077204563703043 8165.581615558108 0.09717651519039221 6913929.468511206 0.256270045298206 0.24936977859914353 0.2600284041175334 0.25504188946369627 0.22724628661234245 0.23841661357772279
1170 1833543.0 0.402470479871349 0.4485411333224286 8035.503691049053 0.09721479687053106 6915017.926461778 0.25981807776587496 0.24871871417993804 0.2599976780234147 0.25499004377476375 0.2282218572212944 0.24198431615925559
1180 1840673.0 0.4149349058263601 0.4542336692864009 7365.427261234249 0.09722625393374697 6920267.5787458625 0.25978290584899244 0.24904342379275884 0.25999596802139213 0.25493708190781217 0.2327354357477357 0.24301014523150907
1190 1852780.0 0.44740052782208833 0.4644552044683112 5914.821312403262 0.09729050187926327 6914084.082654177 0.26051180406982644 0.24406704424399897 0.26001039299405077 0.2548633946286301 0.25415383365576877 0.24911143014232853
1200 1867953.0 0.451294839898501 0.4669114607703434 5768.6182135785575 0.09732520919085284 6913283.72003422 0.26128004825019363 0.24441404535294428 0.260016853371061 0.2547744739522741 0.2556936732023742 0.24972542463907194
1210 1885085.0 0.45156444719516076 0.47459971181541 5763.544190561204 0.09735885563494162 6912686.864211354 0.2612305321595885 0.24936894802246623 0.2600270622975728 0.25471242677539907 0.2557563265571336 0.2518066767342913
1220 1898323.0 0.4517827267919523 0.47502064296552055 5798.530222377648 0.09736961469249684 6916448.316139703 0.2604389859212189 0.24533829179853042 0.2600382434058974 0.25466697716603465 0.25588352845154544 0.25185876952178765
1230 1918227.0 0.4525088579123291 0.47684066503137196 5803.453451906029 0.09735875074951363 6924314.839072945 0.25953631544115435 0.24689831410582325 0.26003514195775324 0.25459731140639436 0.2557567120143707 0.25167331661290865
1240 1942130.0 0.4529556146918153 0.4781264987798214 5808.253022434376 0.09734966622091787 6931848.3837804 0.2594526295392238 0.24661827608498302 0.2600306218519035 0.25453422232986117 0.25588698304122176 0.2521844483679272
1250 1954654.0 0.45322618892755345 0.47905454555813287 5808.877387533285 0.0973405618924506 6939386.9737927 0.25888961660959775 0.2462751124679718 0.26002352931160816 0.25446883020250566 0.2559913145545447 0.2524204583298642
1260 1974624.0 0.4562612900534416 0.4791790308649128 5695.589911767262 0.0973406914916445 6945057.913991231 0.2561728690864058 0.24607842919919146 0.2599908200123148 0.2544043546754333 0.25731936287456336 0.25235781413954267
1270 1995927.0 0.4656628486722679 0.4831658044731237 5367.598203655668 0.09738686616382419 6941650.893909834 0.25293270223623365 0.24168468439350244 0.25993670369008315 0.25430521135703416 0.2600443397738726 0.2544183567832298
