1 1413.0 0.2745623582860123 0.2592209220806048 7927.120082134958 0.2745623582860123 7927.120082134958 0.6687603902501529 0.6744746385222313 0.6687603902501529 0.6744746385222313 0.27456235828601444 0.2592209220806043
10 25002.0 0.28018206278433255 0.26616640683280546 7670.1733788651045 0.26898124079575897 15631.76876931728 0.6576615547012932 0.6650500393487394 0.6658143568666834 0.671850547924357 0.2775253968631636 0.2635645067707023
20 51389.0 0.28150746826319284 0.28758102262628354 7589.035878487934 0.26629429778847424 23247.359766415997 0.6580189246718396 0.6666424980193164 0.6618314934491125 0.6684967498258771 0.2761873046207238 0.28013634371507806
30 76435.0 0.2865699187240106 0.29106956139761886 7526.430982742666 0.2628845567142138 30841.45747195921 0.6498428013777011 0.6685871369404127 0.6600769061610682 0.6680233004772059 0.27727719950518637 0.2802012891024751
40 93375.0 0.2865797383313921 0.291324121680189 7596.053120095135 0.2602177256018886 38495.40582913325 0.653799133103785 0.6737544177547639 0.657694030375247 0.6686498792562674 0.27596802341631277 0.27901647365168614
50 112748.0 0.29567560050218966 0.31381804161490207 7047.070059275855 0.25679447281385653 45775.26664693052 0.6402042891094054 0.670691020745103 0.6556659041717018 0.6694676959173532 0.2797319748051787 0.2958383566091618
60 120008.0 0.2981282008740087 0.3172344579953304 7017.304261027237 0.25087723729020844 53497.26698792082 0.625185191404764 0.6647198784147983 0.651542590298262 0.6690255106454936 0.279389802758646 0.29757971106019615
70 135199.0 0.2987256565776586 0.3233727101948621 7105.56739525781 0.24631335693222825 61181.98662195192 0.6279499360194325 0.6663656218579778 0.6480013710368872 0.6685935695709799 0.27727657764136254 0.300613220874123
80 154839.0 0.3102165572766464 0.3284883955799212 6637.878753681751 0.24289350378174954 68415.64476607271 0.6318633377090513 0.6635780958717479 0.6458896694098306 0.6680137163282934 0.2834252167718724 0.30304067363984466
90 178728.0 0.31044003429160594 0.329629003185194 6659.886817079996 0.23894817969223853 75933.56587500848 0.6334412138247104 0.6621063526326249 0.644532031321636 0.6674401570798624 0.28180051825122576 0.3032686898574697
100 197083.0 0.3139707047333784 0.33337740761139095 6614.186440134542 0.23574601383073057 83305.81801129367 0.6301993464276251 0.6614581314533691 0.6432578207615538 0.6667495331491543 0.28218544671022827 0.3048510013469414
110 208326.0 0.32808168723969316 0.3370004342384231 5835.559365932831 0.23406277922443341 89656.5912647528 0.6343389756223872 0.6578282667798859 0.6422982176010728 0.6659662758055404 0.29072692361340763 0.30667834699506136
120 234375.0 0.3382096068168186 0.3399442961284165 5397.757030564597 0.2317487149533889 96018.51827302962 0.6404880737226528 0.6610897538706512 0.6419462824466644 0.6654768673125647 0.29660069588224564 0.3082883706991125
130 250644.0 0.34086215586744933 0.35801921677132753 5548.018655165462 0.22871969218763313 102979.86249820208 0.6360436920271904 0.6624193352320679 0.6416486745446528 0.665226216984923 0.29698840540048954 0.31910528138240307
140 272280.0 0.34196723293420883 0.3623073556414027 5556.981245395882 0.2260291606643842 109868.83341165927 0.6232962772160076 0.6598310156594792 0.6410401583895244 0.6649767279120733 0.29646424774838576 0.3221585629563328
150 287874.0 0.3508535845900995 0.3713611834795174 5295.921774327552 0.2241564643956897 116156.08871662397 0.6261618099829322 0.6532907680596511 0.6399626534819429 0.664381100353166 0.3009845709261922 0.3288002807560972
160 299393.0 0.3568818268366155 0.37483973207866966 5165.082015175007 0.2216055848814145 122960.558918913 0.6330150733630309 0.6545553561823464 0.6391009091387246 0.6635351204394432 0.3028957171820574 0.3279912748753356
170 317139.0 0.35693928336769787 0.3750061117166377 5267.952228312696 0.2193186161826991 129727.53735221442 0.6361296899714322 0.6502730272832096 0.6388390160228747 0.6628467269181293 0.30209087728033024 0.3278879943377444
180 334632.0 0.3765666965267945 0.37728410277301405 4662.570842645245 0.2177117306849736 135622.43112256317 0.630556374303583 0.6441096200318177 0.6384285550087523 0.6619568885597795 0.3075235758632836 0.3280643840054989
190 359424.0 0.38256903311690704 0.38157807677107736 4512.917848986788 0.21635180048069175 141243.32957204248 0.629215925440422 0.6464902607131736 0.6380232132225355 0.6610085889516564 0.3090706055479063 0.32959353165579486
200 374676.0 0.3850321955394992 0.3825726650252559 4460.052410091166 0.21526477734071633 146607.32227044777 0.6288638960898979 0.6449145142587895 0.637581706717494 0.6602435601984707 0.3100972020858837 0.32920852535655454
210 395722.0 0.393377956831562 0.3828451439973656 4259.178109384814 0.21446624302322356 151567.04186501045 0.6314961669393026 0.6424591124664356 0.6372225092388134 0.6594930370189087 0.31537934545848084 0.3283784975560493
220 415100.0 0.39370753432716177 0.3832023717571047 4293.347691590001 0.21367866715466438 156560.03509034793 0.6323368278548785 0.6465284130992199 0.6369745223963729 0.6588634950377437 0.31563765407374217 0.3281029884795843
230 427406.0 0.3972425148073988 0.39971430094090743 4232.524615333908 0.21295317653140225 161459.6695662338 0.6362038277890736 0.6543186300570178 0.6368926357594444 0.6584613380325676 0.3170539905396749 0.3345746837527152
240 437763.0 0.4050974155373904 0.42456493022483616 4015.0933167591506 0.21244538518582443 165969.51521476725 0.6329207560279616 0.6678749216945329 0.636862591768607 0.6584872818150921 0.3187448744990664 0.3436570795616877
250 450034.0 0.4076231443761285 0.426664537336451 4010.9705390618274 0.21203679099796494 170378.55934149577 0.6356672378556293 0.667369325895808 0.6367450730722273 0.6588403998028993 0.31885299671267514 0.3431262422134982
260 461902.0 0.41786522877761134 0.4383451357222294 3769.3537013210907 0.21119324338288462 175113.33578294207 0.635339525026967 0.6644380261257555 0.6367050190004674 0.6590484822158242 0.3238476371341367 0.3516745041571256
270 479399.0 0.4245262391345386 0.4474742351509611 3601.7211159566914 0.21063152134555022 179378.40062369086 0.6305681077349098 0.6743549229392559 0.6365965423199087 0.6593580642088503 0.32880829277293666 0.3562056947866659
280 502563.0 0.4377892607290334 0.4861609585434603 3344.390274923237 0.21042181566001728 182980.8367285813 0.6338689315134431 0.6839307784921443 0.6363985602875912 0.6601579481129153 0.3324523816161044 0.3843468637540205
290 527172.0 0.4852886797807052 0.5052398457774604 2491.6751280507156 0.21030557206292025 185653.88747155375 0.6492924022644323 0.6797438969583157 0.6368615073418048 0.6609413862531384 0.3479952704240788 0.3946480989354567
300 541171.0 0.48952968764653576 0.5169370143560266 2444.269948117342 0.21020930631624551 188250.36442177725 0.6496663480254752 0.6831310104555119 0.6372817533893008 0.6616715282950363 0.35048275682450886 0.4015178348242875
310 553848.0 0.4997685161709839 0.5336689342349672 2327.033609029449 0.21059121867948905 189983.05995581092 0.6553569598222111 0.6882452293321653 0.6377418580632379 0.6623746421613478 0.3553999974615998 0.40714800214799574
320 563047.0 0.5049602978730965 0.5522033967486241 2261.20037717422 0.2108493623641023 191832.85466532875 0.6589684700928147 0.6964548700027988 0.6383622973687367 0.6632760169893478 0.35819161396905735 0.4144919682877239
330 594035.0 0.5105127488617068 0.5711869518239557 2219.766794025863 0.21105401902319743 193722.60648176537 0.658194103313244 0.7027340038195269 0.6389756658165897 0.6643981683620025 0.362746519616311 0.4271838272298774
340 602159.0 0.5145704604831739 0.5774929536360697 2196.8627482875036 0.2112566589585995 195592.06655788978 0.6553319526599953 0.7040220992281145 0.6395268787484665 0.6655233590220256 0.3657754532529399 0.4327516069025365
350 615808.0 0.5189075176392361 0.5945392083653332 2144.755123310688 0.2113781795668909 197536.4170032899 0.660109516556518 0.707078416502259 0.640054741288822 0.6666560975918372 0.36868808871841996 0.4478704808292563
360 627862.0 0.5219770413483212 0.6097948775261176 2119.3182884083503 0.21119425259528993 199971.4074141999 0.6763054464983301 0.7196262158268855 0.6407701585817324 0.6679202903851629 0.37205926373993786 0.45751766480323436
370 651213.0 0.5345584941689355 0.6244944253735523 2037.483695169765 0.2107617826663947 202792.6217651785 0.6789504305823187 0.7230083548508397 0.6417659306016373 0.6693608373332268 0.37460641672998357 0.4632386462623773
380 663527.0 0.5385092112805218 0.6373961720821559 1997.5550025260256 0.2103195684490334 205609.50242396214 0.6784563270750514 0.7245506167297312 0.642736828012772 0.6707963933388514 0.3767046360194072 0.4703279781983283
390 682204.0 0.5491241845342703 0.6378930010275247 1889.6482760680958 0.21025653825418794 207615.8070594201 0.6858638675663589 0.716516820742914 0.6438298778407426 0.6720566021268628 0.3817478352462754 0.4707264409936433
400 708612.0 0.5522039100901943 0.6456732765501563 1867.1984370322411 0.20989343734009436 210183.2839400278 0.6836262038615273 0.7095366582536681 0.6448471243226019 0.673045711246241 0.38295112814138293 0.4752375451957653
410 728012.0 0.5765661933606516 0.6479723365928897 1642.6444219847722 0.20983200150074924 211949.2156252129 0.6892097916539079 0.711617937541739 0.6458863903739476 0.6739533726399105 0.3901161964164978 0.4757677468596248
420 748164.0 0.5810602904498122 0.6521449903445334 1629.129990996362 0.20972943709677558 213786.10534455188 0.6888271256266474 0.7099654567299711 0.6469082246451137 0.6748041799135881 0.3922565754557557 0.4781036510285934
430 765604.0 0.5982725105987515 0.6629658558804847 1501.0700344780987 0.20973072396164633 215284.49201401387 0.6972988610379915 0.7056115206993467 0.6479549766831845 0.6755896719456547 0.40009210723051564 0.48705561674058057
440 788467.0 0.6013968114161531 0.6644561285450687 1490.263824790949 0.20972850255131842 216779.40383957032 0.698212601564503 0.7046682516504881 0.6490946483904632 0.676267164483608 0.4019950892001909 0.48754275028117605
450 816612.0 0.6101668715512879 0.6665544514583429 1451.103662161588 0.2098214393168078 218035.66219236515 0.7076550976026056 0.6998917153147408 0.65036362484821 0.6767935568430592 0.40377529318762173 0.48893808458773685
460 824554.0 0.618812880445179 0.6680333864473298 1399.817016235488 0.20996541457821935 219131.02979717054 0.707980740587701 0.7004893765042334 0.6516078347482142 0.6772994128661184 0.410080564865574 0.490038115465823
470 842279.0 0.6516682998370011 0.6695858966757108 1199.6169698057438 0.2107711095216163 218631.52575044113 0.7140828875384859 0.7025355070374313 0.6528771667365925 0.6778297518412365 0.4223739483559014 0.49121868749041664
480 854709.0 0.6854331475913368 0.6931691698694 1039.6570404596441 0.21165646555539833 217738.72786481143 0.7215021873778366 0.7018208142321768 0.654257669931385 0.6783479880126998 0.43642288518850997 0.495873247688737
490 872082.0 0.7001689999610803 0.6972792113515885 979.8792191716634 0.21252827044107458 216806.87939982567 0.7213119513424304 0.7014456068526694 0.6556258833851648 0.6788226596103137 0.4404249644569812 0.497951107688066
500 898206.0 0.7107982367038486 0.707188114071648 944.8221436172267 0.21333836994675903 215975.22344826654 0.7320729045324614 0.709289638877813 0.6569750919663793 0.679312821832165 0.4467447279759732 0.502219766989959
510 915141.0 0.7251220934566446 0.7133228980062775 894.8734125868816 0.2142469989951427 214889.94840257353 0.728711988197679 0.712177680040334 0.6584346772000875 0.6799087351288379 0.4574566005949818 0.5063427399458321
520 922508.0 0.7372194081480898 0.7222213578903071 860.8068401402045 0.2148440415132166 214423.2901835474 0.728693064070017 0.7134691497752855 0.6597923633864611 0.6805373503250126 0.46201444009129006 0.5078432732793527
530 935030.0 0.7434841968413651 0.724565798797876 845.9273142342096 0.21529550103829184 214260.69775353707 0.7321827086739874 0.7120488926437364 0.6611229797086032 0.6811454596106663 0.46677160917508725 0.5098152602649599
540 948960.0 0.7477829628522948 0.734684412147155 834.8464767484612 0.2160855801221048 213388.84731944677 0.7260799995846091 0.7053211693157023 0.6623302396286854 0.6816201110385688 0.4711805604585139 0.512635109583953
550 957695.0 0.7496859935911856 0.7522015706514229 831.7918663221394 0.21689281809438654 212505.78394072462 0.7263729533204101 0.7045959269768328 0.6635352596899103 0.6820453678465888 0.4735432702230993 0.5144254659295306
560 973940.0 0.7575412826379468 0.7661822973918992 810.4853813450898 0.21754008131177338 211931.97413852188 0.7316417075679159 0.6898716258291924 0.6647290366459936 0.6823329273900575 0.47642893796741775 0.5209683316358014
570 988463.0 0.7589569208716135 0.7666456627537958 806.693178349862 0.2181261510941644 211493.07889288393 0.7290607561146853 0.6888527833543133 0.6658775928099542 0.6824587189352217 0.47797986095608996 0.5211640148590446
580 998651.0 0.7686633486594058 0.7674951440444182 777.300880686472 0.21833265066218924 211816.84686648 0.7252495822744522 0.6875489508092458 0.6669551128583431 0.68255264008733 0.48340363350549104 0.5215510463750356
590 1014898.0 0.775096440925755 0.7949243242007793 760.4249177801177 0.2186967964543987 211786.33967790098 0.7019229267229715 0.6726869238130782 0.6677000483927138 0.6824834048049991 0.4882080567968755 0.531674630943439
600 1030455.0 0.7858689077276257 0.7993620366175093 730.5949889972752 0.21898269667974238 211888.95667776658 0.7046708304048162 0.6692534983205404 0.6683146081357167 0.6822642659681525 0.49421883006485096 0.5329071439824057
610 1049094.0 0.7901999488037403 0.8007956607378336 718.6925590863405 0.21927391838307211 211968.94068111415 0.7022914497996139 0.6665307137297841 0.6688943377889833 0.682044726690859 0.49645744373484546 0.5331894359464774
620 1060887.0 0.7919392604640602 0.8059475930617199 716.9516716484916 0.21948930154952667 212212.909354246 0.6947480750997285 0.6692742489952793 0.6693579177034692 0.6818301163831327 0.4968894362086601 0.5350592450802434
630 1078285.0 0.7999223844976481 0.8114395718117409 703.945519427098 0.2196979185178765 212458.09386632722 0.6880634493523651 0.6643076313464872 0.6697654823440654 0.6815900858027328 0.5037657126679193 0.5389736851051494
640 1101801.0 0.8049995583238602 0.8188974703055125 693.2360601966637 0.22000988862427365 212471.42167835182 0.6874712629012164 0.6712470466862611 0.6700511059652 0.6813393638810259 0.5071280352854808 0.5404764877449766
650 1124657.0 0.8202164571848073 0.8338841609309783 660.4910137823223 0.22013059704918833 212862.4416598748 0.6935342442501821 0.6700499712770304 0.6704002757758972 0.6811813635473747 0.5125057704383439 0.543268901721505
660 1157377.0 0.8232206839286367 0.8373378516299484 654.5147911439552 0.2202475293031209 213255.83597504467 0.6946752759888462 0.6666251628433603 0.6707376975750573 0.6809633480726037 0.5140814791213354 0.5451501165996279
670 1189850.0 0.8273770609161492 0.8431789714215785 645.5887341454477 0.22031848566411394 213742.1411149707 0.6980311227101482 0.6698589329010131 0.6711130793643706 0.6807735791594448 0.5159726937024998 0.5464822430071253
680 1212633.0 0.8530359146226586 0.8589922186724411 598.9351418440558 0.2206838465426623 213526.58641841428 0.7110924359670492 0.6791352466432609 0.6716826924275809 0.6807424793254748 0.5221135595404927 0.552519573816438
690 1227550.0 0.8589948441550742 0.8678641699856618 591.5268320090639 0.221022509162546 213364.38785655348 0.6999108170775493 0.6749895722026522 0.6721580405181489 0.680734213451039 0.5274416536171441 0.5573733278816682
700 1250521.0 0.87766617499975 0.8709868261260557 564.0031763806812 0.22128428365008174 213338.6264692004 0.7095346947597813 0.6753748725188328 0.6726492904731836 0.6806554281642923 0.5352825318062171 0.5571570130074011
710 1269717.0 0.8814692918138022 0.8867007247104735 563.0872658865194 0.2215988031298512 213199.73807962486 0.7074460578406339 0.6769452270339635 0.6731747688452705 0.680580948939962 0.5378800596789796 0.5677881907657051
720 1286995.0 0.898891590970678 0.8951394755713062 539.064287261409 0.22189289066596893 213078.06292880522 0.7041594339646885 0.6767906360419969 0.6736198209502966 0.6805378822203203 0.5407104256521186 0.5668051321374918
730 1310751.0 0.9196838042270804 0.9051142817581684 507.4466897497901 0.22204401826581865 213239.00535485637 0.718839940189066 0.682404152999468 0.6742077971786179 0.6805952743315826 0.5483680069472231 0.5665463492384715
740 1331231.0 0.9381321979521683 0.926290593392214 479.4755174365784 0.22218847392035482 213383.96517602072 0.721994573935597 0.6793796785172371 0.674847457095015 0.6805779387066472 0.5523638729802959 0.5740693576228231
750 1357155.0 0.9408040437020206 0.9489938254825333 478.0303483961071 0.22233487155501738 213523.77990213607 0.7175293278720227 0.6609581948881407 0.67546065870937 0.6804922478972821 0.5539145548251616 0.587485424939293
760 1374912.0 0.9788185501979977 0.972161495824172 425.2352038512861 0.22244071459368395 213698.64155531567 0.7263311121899068 0.671575875630586 0.6761084147424142 0.6803483813066883 0.5623711910323581 0.5936051137861164
770 1384749.0 0.9835580638743086 0.977669894838533 420.24165440584375 0.22258884601278603 213769.4562050723 0.7241780769277534 0.6656877265327269 0.6767257518164321 0.6801897334835492 0.5683421538210385 0.5957703596255434
780 1398987.0 0.9987434203647827 0.9803467629776331 405.6062712378749 0.22293084053314777 213376.36524580952 0.7211465405818849 0.6651408465018634 0.6773158562110657 0.6799586315461734 0.5752517369005837 0.5960023262909654
790 1425490.0 1.0084063594896402 0.9965841693522457 394.9301096303666 0.22316472413349295 213221.54446892077 0.7055321934110615 0.6586964851874684 0.6777131917652812 0.6797210584392993 0.5789252483956122 0.6000162357134851
800 1444203.0 1.0131356089869696 0.9986820747476215 392.5969715073927 0.22341742849133484 213022.97149160432 0.7047815798294159 0.6573426531411602 0.6780592793843166 0.6794482820679113 0.5798961999222145 0.600577266564355
810 1456870.0 1.0320510586167222 1.0088641586071552 376.67248665323905 0.2236113054840691 212942.8759672971 0.7078648028124007 0.6522675726825098 0.6784077559088638 0.6791510693294682 0.5871207667091549 0.6070991301943531
820 1472726.0 1.0494571338853165 1.0196373676778991 361.57603681324815 0.22386471411198516 212707.74406397942 0.707877776770257 0.6535081301507215 0.6787689176446821 0.6788455928822111 0.5943209026845913 0.6088806525332031
830 1482893.0 1.0497292867883663 1.0197637778595678 361.7460771420708 0.2241120892011413 212489.59588336627 0.7076366749481072 0.6534568418992616 0.6791172053839789 0.6785407386463026 0.5947010306296825 0.6086236035573683
840 1499612.0 1.0579886163375165 1.0281724253459128 357.0775625270707 0.2244388019150327 212087.0025926581 0.7074599822786922 0.645629161085346 0.6794451877638108 0.6782136914916159 0.5986822006999836 0.6102447771937958
850 1521527.0 1.064475016021583 1.0297585981874158 350.4911386361464 0.22474897114174347 211717.3437406529 0.7113037608789071 0.64696807015032 0.6798187656656909 0.6778481751537665 0.6019215122419248 0.610495667309102
860 1531110.0 1.0705261120900271 1.036834967844478 344.9006170610902 0.22505990896197775 211342.42046656666 0.7127760766514197 0.6400365674624114 0.6802062094682604 0.6774592054896676 0.6011803160642222 0.612055170310907
870 1552342.0 1.0786068948655103 1.0391323202804401 337.4032851205701 0.22527473930059408 211179.89166276567 0.7193882248767833 0.6401313071252956 0.6806321978879831 0.6770304550090572 0.6065249360612985 0.6118824637159691
880 1577901.0 1.1168468847454522 1.0438872096011658 307.5206774140655 0.22571747111300827 210461.25758769357 0.7260794299895136 0.6384113764923043 0.6811064805287764 0.67661917130005 0.6343101849439445 0.6118317938421757
890 1598401.0 1.1271021292247405 1.0479853852407113 303.69765946289874 0.22583777282849463 210481.62641084433 0.7248373543521356 0.6388083094363808 0.6815929380182011 0.6761923415000285 0.639141723911848 0.6141126860753557
900 1622989.0 1.1371611478800743 1.0501290357214645 296.5597138778372 0.22596900835241074 210468.89004105053 0.730560187557425 0.6365934401136903 0.6821145620302776 0.6757511498273562 0.6427084132300537 0.6143402780387945
910 1632929.0 1.1508153240395103 1.0632415872160343 287.3406612361526 0.22578981574317944 211187.83647680908 0.734722737295102 0.6382852507161169 0.6826874914315967 0.6753302899608777 0.6515690351623549 0.6222001978020225
920 1644091.0 1.1614714277581002 1.070837596482699 280.25896607319964 0.2255737780413823 211993.0179186678 0.7325562641634364 0.6353348739143907 0.6832673402747084 0.674917618383252 0.6540054023528042 0.6248304825642499
930 1663048.0 1.1721810515032818 1.092266019429093 275.3368731200155 0.22549334747276772 212463.409066802 0.7371741647010953 0.6403459632204804 0.6838118578697953 0.6745185988834551 0.6585646242452974 0.6326701573687937
940 1691485.0 1.201883762568775 1.1079925585918273 258.62075785625535 0.22535433086136025 213063.54072992987 0.7393598983527095 0.641301506763908 0.6843979016010924 0.6741609554922641 0.663822082158298 0.6387999405762766
950 1709290.0 1.20349869371903 1.116953715352099 257.72368772357896 0.22525249021589347 213571.65508290764 0.7406817286914172 0.647264867561288 0.6849773657692765 0.673843516075454 0.6636039315398388 0.6424073895284591
960 1726314.0 1.2098483374548774 1.1256991413266373 254.02460755010807 0.22504184204358232 214348.79399771622 0.7430854908938963 0.6462727782332902 0.6855620025282647 0.6735557940641728 0.6684021092458127 0.6468922810627507
970 1742951.0 1.2103241355430903 1.131245035569979 254.06199266765668 0.22492417793039243 214894.59617415944 0.7395786190306604 0.6445575429594118 0.6861333580679637 0.6732594826792793 0.6688301020997343 0.6517438703527921
980 1760229.0 1.2135284734851302 1.1330388471530017 253.351546667324 0.22488466433468557 215245.6974561266 0.7310729908395569 0.6435761458680446 0.6866124055626089 0.6729583875448653 0.6686830751646332 0.6516042464245737
990 1778470.0 1.2225040737209454 1.1396567311181607 247.9742421787144 0.22485068142193843 215578.00270065208 0.7356009017356169 0.6465205116106546 0.6870720780717671 0.6726751732904355 0.6730988075003062 0.6535401771476036
1000 1811947.0 1.2276438374654726 1.1450880449984824 245.1836868109226 0.22461111007623716 216426.34874858565 0.7333415833299703 0.6462048868366586 0.6875381068469296 0.6723856522588886 0.6738188613049999 0.6546431441126641
1010 1829485.0 1.234821783227485 1.1635574226103902 242.51096515632213 0.22409870465713014 217986.37035739256 0.7323165593871728 0.6612366450989478 0.6879730567823952 0.672233482241724 0.6756786267372176 0.6586989819969808
1020 1845216.0 1.244392306391185 1.1727187669473502 237.2223293805834 0.22378730711070233 219024.7436476115 0.7203101720471866 0.6539388016270149 0.6882892727972317 0.6720528848448023 0.678581012152787 0.6616102621566136
1030 1860396.0 1.2460133047781294 1.1744069127793981 236.5792735366874 0.22353823779506574 219903.7083554717 0.7155202913878312 0.6501049580501267 0.6885952410165588 0.6718740040323018 0.6791781700852356 0.6617749261651462
1040 1872312.0 1.2483028186857803 1.178063418492771 235.86448932919194 0.2231619449501577 221122.166174284 0.7000367005785968 0.6471044730647116 0.6887784193786551 0.6716445988558947 0.6802851190723397 0.6635128009245255
1050 1894935.0 1.250697637254779 1.1815809065509821 234.8765885753385 0.222833803472139 222217.92326092772 0.6988315904669529 0.6463946262577146 0.6888778987590997 0.6714058060524208 0.6821657228923618 0.6652124957160372
1060 1908081.0 1.2520411250950778 1.182002743706104 234.47772417144606 0.2226078302754444 223045.36401821955 0.6959819227950067 0.6426569046399839 0.6889587347840324 0.671162447883326 0.6835769430126902 0.6653941007385826
1070 1938284.0 1.2565465864163172 1.1849408403744197 232.528804132538 0.22246513654533823 223652.32596571784 0.6968767631809382 0.64778305669062 0.6890381749351963 0.6709455860490895 0.684548569126087 0.6664969533859079
1080 1958699.0 1.2640040537919406 1.2005490846210685 230.10930973467984 0.22234301569048887 224203.7080465365 0.6924879439623517 0.6531895968399324 0.6890862976292211 0.6707731566331248 0.6857522437620941 0.6696230182088694
1090 1997034.0 1.273964282679072 1.2045474569946328 226.3630782078983 0.2222231335175146 224746.73094948978 0.6909688639344586 0.6536787819270448 0.6891059168964926 0.6706083061215166 0.6888433972679453 0.6699119638029333
