1 1667.0 0.09550575216718221 0.06099306682040049 208010.63617895998 0.09550575216718221 208010.63617895998 0.16860397408180156 0.11710929942072394 0.16860397408180156 0.11710929942072394 0.09550575216718211 0.0609930668204005
10 10036.0 0.09581601688020173 0.06124229170764537 206130.31631192137 0.09565659909696242 414135.1481127106 0.16861743783909414 0.11716191822404994 0.16861133035932344 0.11713802073662923 0.09576589384268655 0.06119787550544738
20 22861.0 0.09582380690894259 0.061286446590641086 208500.0958015951 0.09558633090165425 622630.8857868458 0.16853900160475643 0.11710005420841788 0.16860668293904837 0.11714339486205658 0.09578790588402893 0.06123176371970531
30 37075.0 0.0958599032518059 0.06129002186867946 208856.39249519882 0.09555119680400016 831483.9128165662 0.16860451832321427 0.11673114100067529 0.16858768337154686 0.117118132234419 0.0957827881713709 0.061214989905750875
40 51904.0 0.0962753718684582 0.06154142216581801 206601.6679553396 0.09544521944194401 1038117.2485879157 0.16863346224836356 0.11668417637700644 0.16859552229498376 0.11701627401431586 0.09590890263764071 0.06115154057670308
50 64389.0 0.09637504217795718 0.06154538202252796 211799.5022936314 0.09536678069832281 1249877.6081072509 0.1690816531321265 0.11714310749495983 0.16864640563045522 0.11701932919270147 0.09596309432592907 0.06103114073853749
60 78112.0 0.09671806296404611 0.062099843430754385 209985.44773968298 0.09538337726575616 1459869.1717866817 0.16906181397565256 0.1173343516965676 0.16871784604638834 0.11704592174266353 0.09619936164847041 0.06136228378447715
70 91361.0 0.09700098493724786 0.06218974096643646 208681.77204892432 0.09539582469133115 1668551.9808568289 0.1690391863414053 0.11754810161781062 0.16876289683685117 0.11711361074799934 0.09633916163248957 0.061404713677965614
80 104554.0 0.09704541595724646 0.06220837668790104 208642.82477146277 0.09540550602233394 1877195.520764676 0.1690405350699546 0.11761031812344111 0.16879711828590835 0.11717410726867232 0.09636795313311067 0.06141384996645458
90 119915.0 0.09716784717180489 0.062360491239971304 208147.88744128944 0.09541325108713616 2085342.904288379 0.16914678964574026 0.11745514361699964 0.1688285418725293 0.11721522040077079 0.0964315572384827 0.06148548025086257
100 133543.0 0.09726766770608522 0.06270884902609303 207751.77936390034 0.09542245267152186 2293093.144187485 0.16916348977575082 0.11760354959218866 0.16886088568613292 0.11725062554637641 0.09648074989470666 0.061598010375700306
110 148153.0 0.1033770706408344 0.06324647431509774 176338.62667358894 0.09585726330130155 2466111.9168080846 0.171168696133096 0.1182235887749079 0.16898016514413966 0.11729320158512199 0.09941662145688887 0.06187519534764385
120 160013.0 0.1056517900695414 0.06949420080041686 165488.9905266334 0.0963844036460002 2626138.5129292333 0.17106329141110854 0.11593998153187737 0.16915678999085448 0.11720024980171208 0.10174173750671045 0.06794084491622204
130 168316.0 0.10566337926824866 0.06949678836264184 165468.3049279886 0.09683623822717048 2787001.1778517985 0.17106447870927716 0.11594049274571307 0.16930240746564892 0.11710407277095695 0.10196985811784799 0.06792315543712088
140 186902.0 0.10578828626802354 0.06966597704696827 165147.187837947 0.09721392114011773 2948240.689800834 0.17109429777081356 0.11595414411616747 0.1694290099351558 0.11702188552088416 0.10219282159970071 0.06797898774614736
150 200027.0 0.10579966581573216 0.06977592499375528 165254.6223045028 0.09754435857182453 3110136.182166178 0.1710942977031694 0.11594801302833968 0.16953929389599018 0.11695101175665568 0.10236455167267978 0.06801645853396728
160 222823.0 0.10812816087273731 0.0708255653949724 155311.60466025223 0.09771939106026396 3262520.330087189 0.1691256198790416 0.1153906837677445 0.16959640110391133 0.11687633734272733 0.10384724579978069 0.06863995314524848
170 239120.0 0.10813155272846105 0.07083239045135004 155339.74165160125 0.09787497549443236 3415276.918939212 0.16912561987898944 0.11539068376774378 0.16956887003812735 0.11678945701670487 0.10394094864858437 0.0686153677088732
180 252602.0 0.10818063159029329 0.07087070591786705 155352.67183008158 0.09801418261974092 3568332.661295981 0.16911921595882037 0.11538863163956471 0.1695442481586502 0.11671210970177928 0.10404163651179288 0.06860851816944182
190 264224.0 0.10821968249114282 0.07089238463139766 155394.55640943735 0.09813946903251862 3721673.754065469 0.16912544182664052 0.1153889206115951 0.16952206530489128 0.11664281970924915 0.10413480524553899 0.06859666858243726
200 283957.0 0.10828852856405004 0.07090498943990316 155214.37621515122 0.09825282340598417 3875026.165392059 0.1691254418265027 0.11538892061158557 0.16950233279353377 0.11658043666956464 0.10423199025524682 0.06858208234353746
210 303615.0 0.10829703554798555 0.07090941246040867 155366.96980486406 0.09835587283640738 4028717.819992096 0.1691223857629106 0.11538890079586224 0.16948442721125326 0.11652396643247005 0.10429545249110121 0.06856592611455614
220 315811.0 0.10829995373852515 0.07091303115668976 155831.19363599122 0.0984499614467938 4183055.096454232 0.16912789454973143 0.11538900220877611 0.1694679549268843 0.11647259101097865 0.1043508705309821 0.0685508859518555
230 327991.0 0.11001554861757751 0.07092080470694576 149320.56278020088 0.09853620933964803 4330612.569442166 0.169113309752163 0.11522750714780498 0.16945081898153097 0.11641938050325434 0.10557193211819027 0.06854014965425138
240 344875.0 0.11149054767563264 0.07104399863657596 143674.65084270135 0.0986581959551211 4471432.6243627 0.16943873867363543 0.11403533359639778 0.16944761706899228 0.11633035095152904 0.10645057157501615 0.06856551994629619
250 362017.0 0.11564651997169256 0.07324019941120243 129234.87427296749 0.09870188815129383 4599080.705156952 0.17194415483049408 0.1159084242905286 0.16947710212042494 0.11625211834365329 0.10827207718596497 0.0695647002368869
260 379834.0 0.11617579381216842 0.07805746218731931 127958.09318823689 0.09875734919633374 4724995.302925838 0.17201584839806508 0.11593836778211757 0.16957221683913104 0.11623962485942718 0.1086014754286029 0.07340964824197518
270 398886.0 0.11632017302103236 0.07810811167982698 127520.75948830292 0.09880200164032915 4850849.0094639715 0.17188478787277578 0.11597452461010681 0.16965803518179337 0.11622970914237354 0.1087656328854393 0.07348824890725154
280 409761.0 0.11635549140354642 0.07825866264916245 127535.57115925646 0.09884357460542832 4976835.7190562235 0.17189500481696232 0.11601385257057224 0.16973741661022945 0.11622104367016663 0.10888614415463435 0.07364833563545563
290 418379.0 0.12496058031621982 0.08297861284286892 103510.6270529968 0.0990895563796414 5067443.463268352 0.1699889490509866 0.11609280394804256 0.16976695622116508 0.11622123921800442 0.11675924065904464 0.07797590317105998
300 423818.0 0.12555688368999204 0.08544480307071677 102260.12501224352 0.09931830812163236 5157529.074311323 0.1699025048194281 0.11612859611491301 0.16977386499013628 0.11622299232459433 0.11710935559084246 0.08009291420200153
310 434790.0 0.12559945917329318 0.085482418022327 102348.74417925028 0.0994212122608611 5254087.27795973 0.1697896638237529 0.11611370733190092 0.16977437275809537 0.11621947711237605 0.11720378610490922 0.08014681617593675
320 439098.0 0.12585013152575347 0.08563645386082352 101846.16445252138 0.09951787978559112 5350467.234283071 0.16978959833826213 0.11611171109087934 0.1697748476872484 0.11621613857190242 0.11733849974770494 0.08023486134217883
330 463592.0 0.12589212744565315 0.08570568272886492 101782.83426393179 0.09960886098533703 5447118.508174466 0.16977831858966144 0.11611119839102253 0.16977506180253069 0.11621297368632642 0.11742146374769362 0.08029975612673766
340 478656.0 0.1273006501493755 0.0858243422027819 98740.0168482917 0.09972642666574738 5539013.636244684 0.16964448609037683 0.11621424071755476 0.16977241157334422 0.1162121054240404 0.11825800573289182 0.0804776514024718
350 489761.0 0.12741683826182176 0.08583487659305204 98627.39292780333 0.09983777995977831 5631174.582928537 0.1696398337787048 0.11621506947405798 0.16976885099343747 0.11621218301374492 0.11839056282054759 0.08051768207060819
360 500771.0 0.12773453890274766 0.08626779540337325 97926.47407803043 0.0999467016999335 5722733.253430856 0.16986731081226697 0.11139901441313947 0.16976915665588743 0.1161322049580181 0.1186089159103586 0.08078462194320225
370 519345.0 0.12774424673902027 0.08630097217843125 98067.8023114156 0.10004989071692261 5814810.0642840555 0.17048787261713297 0.11216723938514551 0.16978851623614138 0.1160251900959298 0.11865942855172866 0.08078580626795492
380 537135.0 0.127810667537403 0.08642654664844794 98006.34042983118 0.1001279019574742 5908230.072399128 0.17049529257712773 0.11205159742711707 0.16980704871333863 0.11592123659866045 0.11873069306598238 0.08083151172431616
390 553432.0 0.12785735462576342 0.08653634351170453 101798.48406490055 0.1002010407480276 6006071.33305651 0.17046578701441673 0.11199931206653213 0.16982404173677298 0.11582112050196096 0.11878157741501727 0.0808618966625938
400 567653.0 0.12853909565715624 0.08699799637675669 102154.20529787558 0.10019391508159908 6108634.4101242125 0.1704760306304788 0.11206317358794653 0.1698401972381798 0.11572692822832312 0.11937307391175833 0.080949644859763
410 578062.0 0.1285987554385912 0.0870336934053269 102050.51543425713 0.10018712873261955 6211075.288935427 0.17047603063047942 0.1120631735879238 0.1698556676370192 0.11563778577965168 0.11943067878560817 0.08095853356114764
420 592555.0 0.1327557638858277 0.08726719015296272 93693.60985922294 0.10023299073907944 6301775.656113613 0.1717909026413108 0.11201440888103299 0.1699016955651134 0.11555194939356689 0.12219230599734049 0.08103842111592859
430 609731.0 0.1328070765736996 0.0873338077417761 93625.48990860883 0.10027558670558843 6392619.491808266 0.17175751020114663 0.11200523705399673 0.1699449124173193 0.11546970745969345 0.12228058229409003 0.08106207250597061
440 629182.0 0.13281336707489108 0.08733841224084322 94258.51596148935 0.10025859624542452 6488026.255813847 0.17035592350367995 0.11159593267587034 0.16996015957318972 0.11538331468588597 0.1223255452839705 0.08105358855680421
450 640409.0 0.1329898784932021 0.08903686781784598 94025.18081226875 0.10024576004122382 6582920.924378543 0.1703310054464862 0.11120817957926238 0.16996871588016912 0.11529595092828299 0.12244046733665592 0.08219983955998608
460 658394.0 0.13301079882284092 0.08911402625394534 94048.83786681358 0.10023347005847846 6677802.264755015 0.1681132235199386 0.11095814464343676 0.16997176355179483 0.11520672765654924 0.12247491171748001 0.08219614364935633
470 671831.0 0.13433331251310773 0.08959681785885083 92191.49409992501 0.1001511213007414 6776143.832478242 0.16819366364083183 0.11084904930498586 0.16993333761984436 0.11511578781230074 0.12331821857534078 0.08246784370078716
480 684263.0 0.13472001027472885 0.08985847847777328 92792.00019868654 0.1000521658422856 6876393.517902758 0.16792338970848036 0.11055895362710798 0.16989501393513626 0.11502400363825509 0.12345127113280766 0.08249517900216811
490 700474.0 0.13476911159430524 0.0913966828432283 92932.40442696732 0.09993771971218494 6978110.296448725 0.16792338970860513 0.11055895362713146 0.16985485865557245 0.1149330657561546 0.12349584604407084 0.08350056619692275
500 720660.0 0.13481551042109097 0.09143460387769592 93465.21938464859 0.09982776166561766 7079971.098579338 0.16792398855360058 0.11056930202011422 0.16981631713887615 0.11484594402810396 0.12348447427581562 0.08346466304407386
510 741182.0 0.1349070692933729 0.09146066698212194 94942.68833455723 0.09972199774678812 7182798.181950802 0.16879544616326927 0.11148696157558467 0.1697844014578126 0.11476763983747242 0.12351782256211086 0.08343486058715724
520 762877.0 0.13500375980798596 0.09193829218383627 94888.4934820596 0.0996202249192352 7285314.137894061 0.16888662781047958 0.11154751492447479 0.16976682008200686 0.11470564916763691 0.12358425664056069 0.08358350218374246
530 783586.0 0.1351187889547559 0.092005469449021 95062.42067818053 0.0995222214556657 7387725.866604237 0.16888664534857248 0.11154914349003012 0.1697502439218867 0.11464618311653751 0.12361062701139813 0.08356293283046674
540 799786.0 0.1372845011774636 0.0922582044842855 90805.6823561225 0.09942483932348604 7486523.3697167635 0.17125544900504835 0.11115048252442218 0.1697605992048909 0.11458457391400285 0.1250525101160533 0.08369580422615319
550 811708.0 0.13730855855744212 0.09226032979091835 90970.9151464756 0.09933093512459854 7585206.684630505 0.1712111141550778 0.11099506431925076 0.16978763947114944 0.11452193712705475 0.12505126151498192 0.08366275537518805
560 825790.0 0.13745620535895667 0.09236303378802299 90740.87695567543 0.09924032580988251 7683451.039707544 0.17121111415508658 0.11099506431924827 0.16981301335143356 0.11445906951907246 0.12507758499905475 0.08365948641686252
570 844547.0 0.1375079219167985 0.09240586149507111 90675.55275683053 0.09915284095429462 7781407.347069565 0.17121108540020757 0.11099474469354136 0.16983749842898463 0.11439840336911841 0.12508111827024548 0.0836321071140139
580 861868.0 0.1376416501860605 0.09242824473594452 90491.13046275388 0.09906832168703175 7878983.333024679 0.1712870038311311 0.11210910275785343 0.16986128524666286 0.11434174225401561 0.12513226152103069 0.08361124324563121
590 878047.0 0.1380607288430479 0.09709061760087577 89761.12948035213 0.09899186163478389 7975232.475342202 0.17112254571444022 0.1121735482953019 0.1698837430799965 0.11430462366240977 0.12542970160896208 0.08726753108707448
600 906547.0 0.13819550642720532 0.09715282258318192 89526.7290943445 0.098917908469495 8071083.988538287 0.17112379494319427 0.1121772498509809 0.1699043595938089 0.11426917715565486 0.12546918238334223 0.08728015763651313
610 917500.0 0.1382272342032611 0.09716225215274452 89523.55511379022 0.09884634089018315 8166747.11548413 0.17112379494319258 0.11217724985097859 0.16992431761916715 0.11423493939289427 0.12546512212594485 0.08726786548181864
620 928354.0 0.14220517298013627 0.09751133524640286 82509.09281441102 0.09883870578771094 8249963.124528671 0.17123153609960537 0.11178118043172182 0.1699443128230465 0.11419916013881769 0.12884038909965917 0.08744555968062856
630 939687.0 0.14235750787088186 0.09753564866629491 82367.77173875947 0.09877767192324044 8338328.910636735 0.1711658884096382 0.11223127265034115 0.1699645272709728 0.11416294961184825 0.12895755246232532 0.08744610410202093
640 953184.0 0.14273668137716994 0.09774823057254994 81748.14766693501 0.09872098597360444 8425712.567562083 0.17123274768869487 0.11228360946703132 0.16998369723709644 0.11413315579283294 0.12905726241063467 0.08754190284697787
650 966988.0 0.1428729551533134 0.09851190565810176 81647.91496656122 0.0986620083413122 8513273.278524062 0.1704839707169252 0.11275356970276258 0.16999899687691408 0.11410562590850674 0.12910967592719386 0.08814088774303203
660 985254.0 0.1456924180897759 0.10645139506638797 77234.45716607619 0.09863068103064043 8593837.43173088 0.17030683942193345 0.11386451424625348 0.17000516783857822 0.11408012122948677 0.13070171846895115 0.09301905367834623
670 1001097.0 0.1463369595106462 0.10648079967394067 76302.64649732833 0.09858299039835107 8675390.42436678 0.16977035418170328 0.11374498567200444 0.1700048853623167 0.11407584105563318 0.13096093074793544 0.09303620496044161
680 1017276.0 0.15049223567109138 0.11155405295324339 70774.06419632742 0.09855647684763989 8749327.604243588 0.170626483180022 0.11717622196874372 0.17001301428760374 0.11411089351035393 0.1332422396803466 0.09458616199437131
690 1043632.0 0.1506908440461137 0.11159739675988338 70520.37910982575 0.09853072082694904 8822937.375641758 0.17062496221907952 0.1171761017094793 0.17002187246455835 0.11415525270319109 0.13331064170629306 0.09462350373119507
700 1053772.0 0.15082485305787383 0.11163310910177562 70412.07389345414 0.09850554449828593 8896378.469543833 0.17063716664244274 0.11717574629300687 0.17003060933495837 0.11419834537651682 0.13335459579907025 0.09465616832487495
710 1075277.0 0.15083906671550593 0.11191553209127747 70444.34932445521 0.09848109485376662 8969765.628920745 0.17063497730298685 0.11717260369742752 0.17003913048668906 0.11424020042032225 0.13334917942325744 0.09476289642205614
720 1094139.0 0.151062122039297 0.11197659889465526 70278.26898748495 0.09845731506252182 9042917.302451545 0.1706177438048011 0.11716878437091627 0.17004720440944227 0.11428082937879139 0.1334443398327301 0.09480772517587305
730 1118208.0 0.15111026317565782 0.11207937592486811 70306.8580771336 0.0984341779683377 9116021.110000055 0.1706285416940646 0.11717120998987031 0.17005508318290327 0.11432035287812924 0.13346640361331383 0.09488942344660917
740 1133682.0 0.1511249815572569 0.11209110067162968 70303.04202130201 0.09841165786333182 9189049.234444456 0.17063013864126614 0.11717141712757902 0.17006283595215088 0.11435882793324134 0.13346626157712072 0.09491396677526624
750 1149725.0 0.15114360061065216 0.11210222204295428 70347.08252335843 0.09839096050808453 9261897.91933495 0.17064410673344318 0.11845462417596396 0.17007053732127383 0.11440994850276845 0.13346988426179907 0.09494989853847598
760 1164673.0 0.15130074082864348 0.11351065316877026 70150.6988323328 0.09837265528365641 9334266.804483987 0.17065328198975271 0.11873860833839447 0.17007809147672534 0.1144649622148804 0.1335693112197077 0.09587355271984795
770 1185245.0 0.15268639060932473 0.11369612535435561 68259.45692000688 0.09835481942395721 9404766.750469517 0.17066136479281202 0.11873910248519921 0.17008565661360575 0.11452039846821851 0.13456312962095218 0.09603291070280233
780 1210481.0 0.15273896993621958 0.11408026056866685 68268.00441230072 0.09833783909970076 9475168.058780072 0.17067044780824056 0.11874442563628985 0.1700931522898809 0.11457451200784893 0.1345965543504846 0.09641772996953457
790 1227219.0 0.15288052942871255 0.11410042050691022 69381.28665440377 0.09832122968285409 9546593.563607994 0.17053350357594177 0.11871645576599349 0.17009991699552898 0.11462709686672332 0.13464454697435518 0.09646380749309766
800 1248795.0 0.15681692314164145 0.11426291619336987 64587.51262980139 0.09837539716405433 9604388.224164462 0.17126668365444955 0.12099751491542887 0.1701128570387316 0.11470669567121437 0.13785381905526053 0.09654286620609145
810 1263452.0 0.15732731430561134 0.11840789889082631 64059.4433055181 0.09843475731601277 9660991.691745939 0.17134225190939034 0.12227552107808012 0.17012790172992157 0.11479253702512997 0.13799992499852606 0.09815343919414393
820 1279743.0 0.15923513802608524 0.11869414504138671 61818.28680625434 0.09851086764255862 9713014.920544464 0.17172388272476635 0.12192804975728375 0.1701445395655663 0.1148820789249825 0.1396422817654261 0.09833734616573515
830 1292945.0 0.15940084530951068 0.11888350777493908 61702.164847850116 0.0985896009438983 9764638.356878847 0.17186213489604615 0.12216015021026598 0.17016458494429124 0.11496856682779075 0.13978571441184473 0.0985349506415523
840 1310440.0 0.16073839746193452 0.11969284139187047 60219.699851384576 0.09865525899131576 9816114.298932835 0.16938314258587947 0.12152979916283836 0.17015519524651895 0.11504632821166073 0.14122153651608543 0.09937023590862971
850 1321746.0 0.16081839461058645 0.11977480434787155 61548.5069234038 0.09863690983263787 9880245.728608292 0.16750392331290104 0.12107553588014917 0.17012956521292474 0.1151170521916981 0.1412408454231236 0.09942857698944133
860 1343896.0 0.16753496620719374 0.12028149471842484 54818.53254638482 0.09867930931401356 9928688.600878952 0.1693580991001479 0.1175501340360697 0.17012304120826127 0.11514500400563986 0.1443033968613538 0.09966220736642772
870 1359631.0 0.1676330582390702 0.12051877867421437 55415.86936732517 0.09874719504483939 9974266.699715551 0.17074491378255882 0.11770803749754082 0.17011716513928568 0.1151706225204937 0.14435906041649654 0.09998457555733573
880 1384143.0 0.16804553236237754 0.12107656337536475 55076.76443662209 0.09881362980781228 10019678.900307052 0.17068047652530635 0.11756288187631805 0.17012402281276706 0.1151986454712189 0.1445066746369284 0.1002031787674812
890 1398944.0 0.169627864649855 0.12376506858601706 54348.97959841434 0.09888271733662438 10063901.469508464 0.17095034700987952 0.11809766201622621 0.17013329571620914 0.11523119136835046 0.14533095258620493 0.10148073403399321
900 1408452.0 0.17011825181727072 0.12385610003047956 53883.42774826854 0.09895026362318518 10107820.311334882 0.17113562343312824 0.11810508508550317 0.170143393545527 0.11526305905193404 0.14561768448253024 0.10156206895514505
910 1426513.0 0.17022757368322758 0.12386627283286904 53809.28467658426 0.09901592877929218 10151950.004952945 0.17114141803015465 0.11757627943714963 0.17015435100797172 0.11528905111409862 0.14567439139905405 0.10159004225232195
920 1437356.0 0.17225947100023334 0.1319057303625162 51929.06531651346 0.09908665337715104 10193155.013564738 0.17089856725301303 0.11926040630127886 0.1701632236749506 0.11532716341059503 0.14673583140299493 0.10370757166911386
930 1458706.0 0.17441621649763037 0.13217348402066764 50100.68478811542 0.09915719323164573 10232218.173161477 0.17222434937348974 0.12284694455956713 0.1701845701198678 0.11540785869755694 0.14767008499895995 0.10372789792171673
940 1471826.0 0.17668708638494718 0.13227090785853193 48266.01960700263 0.09921943120002708 10270370.914976921 0.17131232431370497 0.12255012451377616 0.170197522054566 0.11548407348600916 0.14777069445328395 0.10382706110815006
950 1486920.0 0.1767696754772089 0.13228209815405675 48640.32506701006 0.09925393376604595 10313330.671952272 0.17105639065057396 0.12263451387817609 0.1702059973070066 0.11555843847243188 0.14778707660249582 0.10386812081226553
960 1503371.0 0.17706347078334247 0.13237092858603314 48915.77090953221 0.09927509499482001 10358746.968010731 0.17088631875430452 0.1226260935157419 0.17021394425994724 0.11563202886616669 0.14784424035887156 0.10394035753563248
970 1519761.0 0.17919825073922463 0.13240706730013724 47210.10955271155 0.09929618468034004 10402366.640764028 0.1715063746734167 0.1224255374533279 0.1702221461895148 0.1157036488172026 0.148778192951088 0.10397480870989954
980 1539471.0 0.18368595405262705 0.135670827375156 44465.47706987783 0.09929448918987119 10447139.486498786 0.16988184533945055 0.12250520828172182 0.17022254465234873 0.11577372616349392 0.15074279504204358 0.10454425851690682
990 1555382.0 0.18370652218121397 0.13568406596691138 44861.48628773977 0.09923412960834177 10503344.826809885 0.16924288281437516 0.12249149025849224 0.17021268470573894 0.11584151796725246 0.15074054222059716 0.10459881898153649
1000 1573578.0 0.18419286365509038 0.13574158245328666 44975.2057622919 0.09916656145882477 10561103.11256503 0.16896936107326607 0.12215186494766193 0.1702022362211867 0.11590697772735857 0.15085507821674968 0.10465760663609514
1010 1581967.0 0.1849681299532508 0.1362683476990238 44860.588362486706 0.09909687409374292 10619238.354627397 0.16732294561250544 0.12152439614303251 0.17017816445076217 0.11596665338686157 0.1514502388095945 0.10516876288300633
1020 1596222.0 0.18967121705623285 0.136703216553387 41750.60755104533 0.09902963248661976 10674421.871474585 0.16626103492639463 0.12150846217435568 0.17014395911041041 0.11602099405654784 0.15420522261343828 0.1055112256260839
1030 1605234.0 0.18986138673830838 0.13675190811676166 41672.0372395533 0.09896368398732593 10729319.256586447 0.16626018969719122 0.12150882218427725 0.17010628789364068 0.11607421961123854 0.15419268567665323 0.10556352540514241
1040 1623148.0 0.1899551980925849 0.13678760504530696 42418.78387750433 0.0988806691452502 10788454.498311164 0.16267176005485962 0.12186817173669036 0.17004341405799947 0.11613109739253044 0.1542168563213081 0.10562406615351731
1050 1638251.0 0.19020882170501377 0.13683814563691635 42315.18997540662 0.0987992206209495 10847250.521654654 0.1629451889333047 0.12183220395153184 0.16997528896317274 0.11618556860321662 0.1542600777037598 0.10567620445545356
1060 1645635.0 0.19166468878002374 0.13693875976441977 41459.946548514476 0.09873975793923322 10900762.655954871 0.162834592517664 0.12178811553568909 0.16990823739673877 0.11623865007460722 0.1558507850516284 0.10573828267337136
1070 1659670.0 0.1919296181386142 0.13706036933969296 41408.99154078427 0.09868470399698165 10953339.567492636 0.16597216931110673 0.12172284731129965 0.16984538031473073 0.11629048331642158 0.15579639521517188 0.1057785370777711
1080 1670800.0 0.19480234017448883 0.13716108480479683 39971.03194601521 0.09860298987973459 11010599.056854438 0.16586791131705236 0.12163873551539167 0.1698090619625226 0.11634039622731594 0.15733002037118068 0.10589312564212003
1090 1688677.0 0.19607865850740935 0.1392984944606731 39858.25441621144 0.09852276147371022 11067514.193626799 0.1657823586585568 0.12233585121921169 0.16977060288634854 0.11638917775734801 0.15760742640918932 0.1068147898974408
1100 1713244.0 0.19620676639760376 0.14354642683348065 39919.5156997905 0.09841600474067841 11130608.80800154 0.16352713633307916 0.12195110273402608 0.1697180289032924 0.11644207710331048 0.15781167524284556 0.1089640862066516
1110 1726315.0 0.19635488468614862 0.14397804158027477 39966.28895797688 0.09831144478117786 11193353.702387651 0.16356555110384768 0.12216173144817591 0.169662330849995 0.11649205713661401 0.1578350083659722 0.10923855318835468
1120 1749239.0 0.19689213853235824 0.1462744732484566 39774.86791540238 0.09821580746665548 11254009.042615175 0.16419408524239923 0.12264434187298985 0.16960846237373223 0.11654349389392721 0.15841759578017803 0.11098857738604652
1130 1758507.0 0.20079433408497455 0.1468519080848204 37698.79959056017 0.09815025973745696 11306225.815292208 0.16626927934516406 0.12252362073184114 0.1695654050136096 0.11659713762422862 0.16085881453432563 0.11111556155061635
1140 1771771.0 0.2008013923989682 0.14687214778644592 37702.32935351739 0.09808585196876625 11358231.080875007 0.1662745060002242 0.12252454989411961 0.16953654445554292 0.11664908364180078 0.16085049413432817 0.11115748248928323
1150 1782790.0 0.20252721213985989 0.1469409942034225 36761.8372401847 0.098030724020145 11407368.99862943 0.16588201769306038 0.12250496256691154 0.16950650292924166 0.11670005073909835 0.16181955233179698 0.11121765495516488
1160 1801753.0 0.20423554690976886 0.1490914848408927 35924.91184351293 0.09798899971142183 11452720.366682848 0.16619416553981317 0.12246626650046777 0.16947662858329152 0.11674988078359244 0.16298665512293312 0.11256541699906157
1170 1812680.0 0.20548306220439488 0.1491006078913359 35362.5191960581 0.09794798259437193 11497443.342273824 0.16614107987830168 0.12246646853437537 0.16944846224777582 0.1167987003804551 0.1628765769213794 0.11260658587134094
1180 1823493.0 0.20571554245044407 0.1491226784413235 35353.95785663465 0.09790765484063378 11542016.873786084 0.16546167291958644 0.12232020575839787 0.16941874171634352 0.11684628305517018 0.16297806571109205 0.11265316276930826
1190 1849831.0 0.20608339879498477 0.1508223253514739 35367.76311824799 0.09786857347741815 11586328.41478449 0.1649850435833157 0.12229782217654153 0.1693819168432485 0.11689208722295977 0.16303940267149197 0.11349006669839218
1200 1861789.0 0.20621786375415424 0.15102245868082284 35346.639597131485 0.09783015504784526 11630483.796093436 0.16494855415506732 0.12195062473586468 0.16934518178296182 0.11693594113887752 0.16320089921793265 0.1137076655309857
1210 1870393.0 0.206245919286956 0.15107236684929826 35345.18399761645 0.09779236642859322 11674507.062562082 0.16498310441891012 0.12195447228660697 0.1693091042650691 0.11697737599963379 0.16319905619594993 0.11375753026670396
1220 1889414.0 0.2063594578063254 0.15109561483853648 35292.1991380767 0.09775519225843471 11718356.372673912 0.16498670730335843 0.12195475715929315 0.1692737037985523 0.11701814079209626 0.16323696522654016 0.11380643318156472
1230 1902239.0 0.20646224346686626 0.15118116762696587 35258.01579909298 0.09771861767166586 11762050.704777941 0.1649867073033374 0.1219547571592747 0.16923887848177577 0.11705824328086296 0.16322180348362475 0.11387525904027207
1240 1916299.0 0.20786065447340174 0.15352037545982236 34616.717459884945 0.09768345312426836 11804867.19865667 0.16340423962653822 0.12191603917514503 0.1692033098352734 0.11709762233273549 0.16459784740136985 0.11586452142376144
1250 1927467.0 0.20887661907703836 0.15360211624248105 34125.633194998016 0.0976544467242664 11845791.357581396 0.16332632483193596 0.12186673242785583 0.16915633153788456 0.11713574471559082 0.16529263585543869 0.11593555667625649
1260 1943408.0 0.21618729122655508 0.15449638343362515 31277.066320462847 0.09763776891658252 11881126.840954857 0.1659456248609411 0.12214291256831172 0.1691335345931147 0.11717582470578944 0.16825493156002666 0.11623683097919092
1270 1956660.0 0.21648053384682042 0.15456252988094998 31179.28110922412 0.09763997301287095 11911775.155598942 0.16583281631092983 0.12188067898591752 0.16910783140100485 0.11721346061731444 0.1682925404025426 0.11629013176246883
1280 1978329.0 0.21658989645573454 0.15489649976870018 31283.516808849196 0.09764328451838185 11942262.988839906 0.16580874252304928 0.12182257741069147 0.1690821626290397 0.11724971429167624 0.16827758616618443 0.11651114012319094
1290 1998060.0 0.21877568237465028 0.1565427666596811 30469.004679751877 0.09765161465678605 11970710.813045034 0.16525962844415695 0.12181836799645775 0.16905294121032774 0.11728484258830635 0.16905118930285942 0.11728109488444488
