1 2167.0 0.09089898933972757 0.10368431896219138 265023.81385842164 0.09089898933972757 265023.81385842164 0.1328155352494049 0.1474843277466661 0.1328155352494049 0.1474843277466661 0.09089898933972745 0.10368431896219113
10 18576.0 0.09225693321406524 0.10489856160158315 255559.8631308264 0.09085254364752875 520598.50301562255 0.13233683053868664 0.1474773597061861 0.13264146080914394 0.14748179391376517 0.09182497426542822 0.10451459781484929
20 24001.0 0.10060755882066169 0.10986168422921587 202711.04450419682 0.09086802554492834 723251.1397822156 0.13340960747138575 0.1482743400063649 0.1333147569151254 0.14794605178064196 0.0988830340421597 0.10870374294709237
30 41101.0 0.100620834912424 0.10989129844374876 208472.58992032614 0.09087576649362815 931698.9591686649 0.13369301488992688 0.14844445758995173 0.1333554510589025 0.14808014704648048 0.09893865496748257 0.10876468321986203
40 54673.0 0.10077845425802828 0.10991107990967057 207876.07759190165 0.09090855676528573 1139469.0152489513 0.13369301488676213 0.14844445752893884 0.13343778369984388 0.14816900326171423 0.09905036405380349 0.108790614968821
50 67877.0 0.10081061676854144 0.10997222295851909 208923.66948687626 0.09090072053460219 1348417.1713601456 0.13361695162399595 0.14831814779863833 0.13348186328451278 0.14821310725683268 0.09909104026552167 0.10882337370222574
60 82701.0 0.1008310157853906 0.11003938324496974 209851.57270159537 0.09089512322697109 1558285.210790798 0.13362145097836028 0.14843413798187913 0.13350423019365912 0.14823603145302566 0.09911237031997878 0.10884142533606131
70 99868.0 0.10086876275509399 0.11010082850759466 209743.55964518734 0.09089092524624777 1768041.2266813917 0.13362334599632342 0.1477807514286573 0.1335208735585829 0.14825533629499335 0.09913911588958164 0.10886239801325581
80 114890.0 0.10201459385256256 0.11080878852731914 203207.40723558294 0.09071440122454288 1972238.3566645957 0.1334172658863101 0.14781201585869078 0.13352228428195317 0.1481975353112234 0.1002325932880916 0.10950853594394942
90 130402.0 0.10287442685394076 0.11083217627326791 203676.85006206017 0.09047144425954219 2177416.726795734 0.13504572707190768 0.14885448856879635 0.13352335808128213 0.14808918213506156 0.100850898572439 0.10948960380932705
100 140184.0 0.10693818221161486 0.11460335058743187 188732.36091632227 0.09055878576405864 2365374.7870467654 0.1354815423917458 0.15045583602556203 0.1337129226925308 0.14830764933084623 0.10357006965244818 0.11199777298041809
110 146618.0 0.10700664339870933 0.11488025384833113 190707.49418034425 0.0899755106993908 2564329.993480526 0.13509829786523841 0.15041802967934767 0.1338585584705979 0.14849982825076427 0.103690015230485 0.11219239847945545
120 157522.0 0.10717189794583538 0.11501076546093895 190093.0158519648 0.08949861973848276 2761372.3923310935 0.134669872637686 0.1488328304745293 0.13394684770983983 0.14860594404567437 0.1038285545937763 0.11230675696917788
130 174095.0 0.10719551388926557 0.11528800277659501 190115.83548001916 0.08908985605770445 2957573.1769097475 0.13467563923684506 0.1489440031414657 0.13400230456429493 0.14862835498287785 0.10390004639499037 0.11252051781446265
140 199797.0 0.10921538858781711 0.1156859606798739 181233.66205184037 0.08855086397880967 3150522.287072351 0.1340802883952084 0.14889084110041054 0.13402600334623424 0.14864839493006768 0.10511028810261865 0.11292525044941179
150 210972.0 0.10924837580457547 0.11571880646045851 181746.5180806522 0.08798005638051626 3345774.4496836695 0.13399554873884129 0.14869751095850828 0.13402791481325832 0.14866060997164202 0.10514530133059324 0.11293196981516292
160 222276.0 0.10930037859944665 0.11577370161517325 182050.59676387836 0.08747640261731619 3539995.910340587 0.1339962411768608 0.1486981832351321 0.13402594750664967 0.14866294371471603 0.10517571520978815 0.11291065797758444
170 249210.0 0.10996027448130397 0.11799264000057785 179263.68351973183 0.08710145146528817 3728531.6003255937 0.1339308415966914 0.14646533823714572 0.1340314476863098 0.14863110277175237 0.10557535028044879 0.11416976784808422
180 264870.0 0.1099702735468107 0.11808093906445033 179327.97027374635 0.08676625178874726 3916283.7712653205 0.1339426483688632 0.14645714850726313 0.13402649086541069 0.14851104297765064 0.10558120143164183 0.1140872964803549
190 276443.0 0.11022119186112268 0.11833520367246891 178164.95877593177 0.0864698558756129 4102189.1712605604 0.13395115826030152 0.14662392372591224 0.13402226615034585 0.14840689210555785 0.10576206279854403 0.11417646434992779
200 294999.0 0.11043493010012494 0.11878021450920828 177587.7176562333 0.08620174253334485 4286979.284736132 0.1339536074878643 0.14662510928476852 0.13401882349569194 0.14831823273496356 0.10582037560974175 0.11416040812495795
210 312578.0 0.11045770025450881 0.11881785462410427 177581.5814959413 0.08595800313128298 4471194.849228093 0.13395360771526096 0.14662510980356047 0.13401573269609995 0.1482379899321712 0.1058287596140246 0.1140693444727389
220 321102.0 0.11048000243006668 0.11887147010255586 181177.81562255012 0.0853300495825168 4676989.84147489 0.13132857285456587 0.146198823328243 0.13391789783312827 0.14814958073632337 0.10576728660020421 0.11395242250205233
230 337844.0 0.11073198408594338 0.12833545774990004 180227.97080245128 0.08476030331534135 4880552.8890444 0.1313854260431352 0.15082074072977739 0.1338081586808457 0.14824559464113715 0.10581165550242018 0.11918581450139926
240 358481.0 0.11126230761250293 0.12839788640959804 180083.12835207116 0.08424010351622564 5082559.300944098 0.1310399198461896 0.15137334536914954 0.13370060287686641 0.14835380313174218 0.10605958116995677 0.11920609537094633
250 370491.0 0.11162997961556886 0.12849200711025524 178509.13445921816 0.0837599190862727 5282454.8232081495 0.13103811739640286 0.15136633662582588 0.13359459167310359 0.1484740661588303 0.1060271901136817 0.11922316706190707
260 379441.0 0.11171438098889713 0.1287051210563984 178155.68449761433 0.08331548600814427 5481039.931634858 0.13104006774611818 0.1513673416289647 0.13349670682161144 0.14858491921949965 0.10597148600484337 0.11923171096567393
270 385934.0 0.11330324504929554 0.1304005928407357 171301.6525552024 0.08288959578691626 5675156.4032790195 0.130946627171802 0.1456673374650529 0.13340207000385954 0.14858532791660048 0.10720246929574541 0.1209275623727561
280 400228.0 0.1134914251587817 0.1320907944070405 176588.31866862928 0.08232139782674656 5885787.118527443 0.13057147311275658 0.14907743924109562 0.13331033190618494 0.14851596467844472 0.10728085592391383 0.122369531463726
290 415336.0 0.11359368523012808 0.13530535857262702 176478.019018959 0.08180041629661032 6094222.128421458 0.13064984182695957 0.15006577905057805 0.1332175595887854 0.14855224112062318 0.10715794397476557 0.12446006724917628
300 423396.0 0.11373574790993007 0.13552600656535885 175945.93504291115 0.0813299134900243 6299574.09360732 0.1304601676226722 0.1496741658101065 0.13312892598571166 0.14859490909820405 0.10706051073618206 0.1245242701015804
310 450008.0 0.11374923001000785 0.1355329401076545 179736.2158525276 0.08087692858858439 6507103.624486594 0.13046179451942277 0.149670418461502 0.1330432253097101 0.14862954893411945 0.10692422755214737 0.12441030360097886
320 463479.0 0.12800268431021286 0.13642839594371142 128014.80008275626 0.0808391231233989 6638566.4373071045 0.13606582611780163 0.14992567452153374 0.13313757443069069 0.14867217644832867 0.11566290630872988 0.12482585282941625
330 479946.0 0.12848611852898212 0.13664593029216765 126855.95464644584 0.0807996455674061 6769094.5173669495 0.13588994519801714 0.1499179343050068 0.13322111431090497 0.14870982300879473 0.11582913136020993 0.12480244662833888
340 493398.0 0.12884979637075575 0.13768944201518826 125885.29212347134 0.0807659337685661 6898153.836154755 0.13589602182231095 0.15067093986476746 0.13329961118856518 0.1487585149696704 0.1161540078434671 0.12538103188655886
350 499570.0 0.13478174880741603 0.14109266190801406 110084.23584273594 0.08088232923424726 6996055.452021974 0.13772968203396202 0.14950419860337585 0.13342179420456815 0.14878584003118975 0.11923095354505456 0.12687611509421629
360 515359.0 0.1350323480162895 0.14141598311907505 109644.89042364238 0.08098848919456107 7094555.227461492 0.13762731839514977 0.14947211030349217 0.1335391413869012 0.14880511694981213 0.11940847594143522 0.12692355447178005
370 528448.0 0.1350518861636761 0.14145651361712477 109694.70208167183 0.08108906178854258 7193750.991400072 0.1370990868877354 0.1497566203460647 0.13364791454994834 0.14882387036869468 0.11950205883677963 0.12686852944455063
380 549397.0 0.13638991504480624 0.14469106271109025 107452.51173262464 0.08097824303251105 7314773.202295914 0.136832569087719 0.15089284017493493 0.1337315661414656 0.1488780227290774 0.12011992457785894 0.12807537243101152
390 563586.0 0.1384303087820911 0.14991942518511595 102985.04969611779 0.08088568082851798 7429633.026134768 0.1361313321092033 0.15128948475754606 0.13380547762800385 0.14893425240626992 0.12152872378624731 0.13168169111206265
400 569214.0 0.13883899256998442 0.15976390457796888 102234.93105593082 0.08079329154960746 7543902.994160798 0.13592844676585908 0.15371972294489944 0.13385837961320823 0.14905202347852384 0.12178321914808161 0.13696580593660326
410 582575.0 0.13927232002406664 0.16023512064923934 101802.32623386088 0.08067282352356894 7661857.208830162 0.1353696608165876 0.1529743513920791 0.13389782791649135 0.1491510103753682 0.1220102451284129 0.1372241468842147
420 595405.0 0.13985880812576013 0.16076662267546304 102043.76145929607 0.08055795866153223 7779351.532634226 0.13553564305726984 0.15389711053263488 0.13393395583584586 0.14924840009394758 0.12217640182110545 0.13737347494538918
430 614321.0 0.13987737397437125 0.160831836755848 102157.15353930116 0.0804483149295881 7896322.191402336 0.13553720546005388 0.1538999018530558 0.13397115376134563 0.14935632249089528 0.12220031979416227 0.13743802379492995
440 629384.0 0.13998657412537877 0.16086384980016802 102027.46432168207 0.08034371991149171 8012577.209023577 0.13557000725731658 0.15391419360138875 0.13400740894921742 0.1494596755922613 0.12226349751821197 0.13748958554643137
450 644872.0 0.1402753842691255 0.16095520962606133 101625.00622630547 0.08024367250287778 8127945.536164465 0.13556539325678493 0.15380685942600789 0.1340419590782044 0.14955628452384848 0.12230388478904991 0.1375400291795642
460 664430.0 0.14091875041364013 0.16328465171093662 100546.9306284027 0.08013388807869296 8243992.967588829 0.13567255486932248 0.15263873012104157 0.13408000635577122 0.14964515804579398 0.12255994170705399 0.13842880709926936
470 680887.0 0.14123805092461666 0.16332123473466667 99926.53175317046 0.08004046275625083 8357164.266041744 0.13486801283532868 0.1534748718219519 0.1341129597331461 0.1497119988667733 0.12265089540486841 0.13841942963973852
480 693436.0 0.14169421012523617 0.1692052672780872 99257.10911605349 0.0799423895654471 8470590.278458355 0.13489234444755355 0.15359848701925696 0.1341287586073622 0.14979074326840655 0.1227729780103999 0.1406987962442776
490 705862.0 0.14193422126811492 0.16929273110068888 98950.08825519918 0.07984823930227551 8583259.188613245 0.13489480533856948 0.15359880918183927 0.13414434533778796 0.14986829865057885 0.12296996067847527 0.14079807360194493
500 723597.0 0.14196038012543916 0.1694859883449717 99026.3465005125 0.07983926894696355 8683511.21807001 0.13489479825769324 0.1535986425982788 0.13415932448038614 0.14994275761111323 0.12299194335978615 0.14102260201879105
510 731907.0 0.14555558274702476 0.16957035021653455 92667.35048539026 0.07981781142328827 8779402.335644793 0.13690431717556495 0.15182933827500972 0.13418919956154424 0.14999954495597995 0.1240372859463417 0.14103087409473364
520 749275.0 0.1456565366928194 0.16965171605588222 92897.76724790274 0.07979716361748751 8875396.280634748 0.13689332147983874 0.15182071013163395 0.13424122642602163 0.1500345847509031 0.12412126643115086 0.1410505503355349
530 761395.0 0.1457007133785666 0.16978079083371458 92895.69880941589 0.07977728054523493 8971276.583083512 0.13721404943674817 0.15192487662740972 0.13429177420501665 0.15006851023243722 0.12416391122935114 0.14113388094129278
540 772405.0 0.1475715782443516 0.170460766138976 89683.21362632865 0.07976847646680396 9062327.471987104 0.137144701425232 0.15179839527207545 0.1343452792252764 0.15010190862425868 0.12527401807492655 0.14169325180411527
550 788927.0 0.1483278199718309 0.17154931707354862 88382.76344656652 0.07976427170911593 9151372.550396755 0.13726716312776477 0.14844833123334447 0.13439795583157133 0.15008147226358912 0.12558095150193432 0.1416030707388934
560 805895.0 0.1483502355809728 0.1727896423393598 88395.89823671835 0.0797584673885815 9240684.109004494 0.13724686785976545 0.1477553356288677 0.1344487385771718 0.15004000815245333 0.12563344547635621 0.142674456327993
570 821146.0 0.1483869799023321 0.17325461463407893 88705.76025738791 0.079752863217031 9330270.494768715 0.13724686785976553 0.1477553356288724 0.13449774259262867 0.14999999637445716 0.1256891763908666 0.14284896047231513
580 838917.0 0.1483882185062419 0.17326509857735103 89318.38698275891 0.07974744901739748 9420432.681501685 0.1372486461011108 0.14789943118083562 0.13454508726877926 0.14996359405520035 0.12573170344492673 0.14278196223639808
590 855809.0 0.15711770880980083 0.17383953401684032 76630.75052492517 0.07979985377686137 9487830.68893526 0.1388717209324457 0.14307629095897995 0.134607805315421 0.14986572525359257 0.13130010694616848 0.14297642683085124
600 866054.0 0.1574057022490118 0.1739934326924985 76412.78223006407 0.07985068075317693 9555286.785635779 0.13887097980648475 0.1430757903143668 0.13467876321925684 0.14975275463779375 0.131386979574547 0.14290034112652242
610 879176.0 0.15764174926305935 0.17405559341471494 76419.23092195303 0.07987531716959725 9627290.908949455 0.13872150677278286 0.1427705924434988 0.13474582490896342 0.1496415574002471 0.13151500755425521 0.14278863267664088
620 890312.0 0.15834189677091487 0.17799358659318187 75628.8749104918 0.0799031881485228 9697895.145052565 0.1387824365796726 0.1435145124775464 0.13481032310803506 0.1495357882145782 0.13198804262038885 0.14532687712391865
630 896663.0 0.15836118550817635 0.17810558717111585 75657.80397921926 0.07993018815935696 9768693.838362906 0.13878177140184683 0.1435138666673894 0.13487327050004894 0.14944036182949008 0.13205174470167935 0.14535990622296285
640 917878.0 0.1589311926971917 0.1814806047138166 76451.05419591744 0.07995635740062697 9840492.700195434 0.13659386211182686 0.1444166040010095 0.1349172663108658 0.14935818712994386 0.13202957110714034 0.14616556951958978
650 929839.0 0.15981215414066285 0.1819897075824707 75982.37342048025 0.07998385991567433 9911569.689382937 0.1362495318194339 0.14388473814801697 0.13494049482377676 0.14927820798335625 0.13274920154856673 0.1462925013134274
660 939561.0 0.15983147455044205 0.18272894734169826 76051.79898167533 0.08001062989141226 9982858.247255728 0.1362315609739676 0.14408745310632187 0.13496018996231637 0.14919783908998233 0.13277734102703473 0.14669224753938043
670 950693.0 0.1598502518928104 0.1828434650701907 76123.27233637526 0.08003661251492261 10054369.173428513 0.13623156097396796 0.14408745310631332 0.13497913736934547 0.1491216783450692 0.13279454723587406 0.14665358960157543
680 958507.0 0.16000363029334533 0.18293370979582638 76157.16181582851 0.08005397286865618 10127426.742762228 0.13611008302289487 0.14383389230179028 0.13499666178259884 0.14904569077399843 0.13285638673717554 0.14659647136792497
690 965771.0 0.16000647264397724 0.18293440160913346 76194.27203566257 0.08007083721228307 10200614.175361974 0.1361101900817864 0.1436570440550258 0.1350128533740596 0.14897002971270834 0.13286802064657316 0.1465066156574671
700 976991.0 0.16156423413917462 0.18405675093715826 74853.27543639581 0.08009275387201929 10271507.075377004 0.13674182679584995 0.1424812210285804 0.13503482836510242 0.1488828204126575 0.13315762693164343 0.14708210385818699
710 990303.0 0.1646050939896108 0.18416451460402414 70915.39014849949 0.08014797147402884 10332196.953613738 0.13770726164665692 0.14250072428728078 0.1350629103466213 0.14879286614533718 0.13478881164142223 0.146991039500719
