1 1120.0 0.16295256054590598 0.12963679594626654 44724.14802743019 0.16295256054590598 44724.14802743019 0.4584860450628191 0.3699010296371268 0.45848604506280993 0.3699010296371308 0.16295256054590543 0.1296367959462615
10 8931.0 0.1631426174689616 0.12985620237618384 45666.677141449094 0.16249764009231332 90384.963245303 0.4583657669186528 0.36978126625549934 0.4585153334736616 0.3698405005088539 0.16292036631614198 0.12942491384331317
20 23126.0 0.16632294287179486 0.13215432660524015 43618.768485220295 0.16090343975429913 134171.4306976238 0.45558911720277784 0.3693646603214236 0.457885186400523 0.3698851134189838 0.16524550869119298 0.13097058458322827
30 51386.0 0.17716528259381684 0.1336031810436172 36450.08593910558 0.16042755174866127 170851.8777864369 0.4554432527408981 0.3630500603296102 0.45692465603604765 0.36886653595114355 0.1736310988123399 0.13152331946814785
40 80011.0 0.17897234839802878 0.13614069459114436 37117.12009761832 0.15886072607638013 208837.03887673843 0.454573374752056 0.3619900325983817 0.45667908527300816 0.36711764637675165 0.17416653384615804 0.13212771679874402
50 95394.0 0.18478097826355064 0.14725933242895975 34303.42836684043 0.15769197100586585 244128.83184905333 0.4475423378558917 0.35834939778059827 0.45556445700278925 0.36567487600179344 0.17795764052883045 0.1397654420941005
60 108125.0 0.1848508949146184 0.14735422448774296 34545.570454153734 0.1555841603511621 280931.4342325361 0.4432183850568378 0.35656637787020096 0.45394682298399824 0.36444864409105854 0.1769716377247484 0.1398040665498194
70 120357.0 0.1910714975791086 0.15451353649932964 32162.97511954365 0.15261911904095304 318271.51881250873 0.4423001547426567 0.34971877986819017 0.4523932626901211 0.36290923954110565 0.1800261652900223 0.14350245436514042
80 133604.0 0.19872563283060043 0.16474910637032447 29066.949642233714 0.1497086305969522 354574.94367979857 0.43941859556090157 0.35269181730896443 0.4509652621989805 0.36164588396367814 0.18556827088842248 0.15168715118887438
90 151165.0 0.20586594784553333 0.1669444243721661 26631.2865511301 0.14720394137659 389030.1571036574 0.4383253831715511 0.34905418779102376 0.449605549471292 0.3604138947013529 0.18910696778414063 0.15289390534438752
100 167992.0 0.21390026192719783 0.1674819169505139 23833.715849533506 0.14571629745121548 418244.29388500395 0.4391847477149635 0.3476725616820574 0.4485416724972947 0.359176086878082 0.19551600231039637 0.15323225038286986
110 178132.0 0.2140139357133238 0.16752121724948552 24129.798986187972 0.14415513011557834 448383.5444496941 0.4385915946340241 0.34739784062649376 0.44769535225744467 0.35814138140233054 0.1947061997271108 0.153159207918331
120 194178.0 0.22466879471654821 0.1698337003196242 21094.981326291745 0.14271236798020104 476334.22741104517 0.4478862510611304 0.3553563694663177 0.44713233794686125 0.35737057090963514 0.19939778401679084 0.1541181371591744
130 210581.0 0.22659595460200252 0.17247648261958481 20643.754241084407 0.14144751510121567 503386.2457449842 0.44611579827983916 0.3581172684434238 0.4471351271235437 0.3572045753940816 0.2002168421734524 0.15569596554373205
140 227735.0 0.22747341487344033 0.17256071792695216 20714.655293596043 0.14057281009890976 528540.4186971335 0.4439620821580308 0.35246213886479455 0.4469548935009944 0.3569223273982463 0.20072160588060373 0.15569721011048543
150 240048.0 0.2305090073905269 0.1753842393620835 20230.891415978593 0.139536339018475 554518.8313340838 0.44879129712726595 0.36459091076398203 0.4467561897025282 0.35687221710703965 0.2023756552521135 0.15742181722369844
160 261209.0 0.23404878517696873 0.17611904360266625 19622.6379190559 0.1387741874150279 578536.3937168795 0.44860791134909905 0.3598648876016239 0.4468583574233529 0.35714225789819537 0.2043322403941637 0.1576526555429973
170 275771.0 0.23557816813403382 0.1825509585495611 19539.860575188668 0.13812807073583472 601880.4493395907 0.4404969643266948 0.36091754465057696 0.4468708685214984 0.3572086485022005 0.2052264375989368 0.16118380358918122
180 296894.0 0.2564270928621814 0.19985737813438995 15368.977231616935 0.13692703762330294 626899.4915657889 0.44631655227223876 0.3632512772306754 0.4466559022717286 0.3574970668253578 0.21645359628714328 0.17344462875113847
190 313677.0 0.2566825527466257 0.2021512076514661 15347.359836577003 0.13584604839432118 651244.1635174205 0.4463830949419769 0.3642231959984026 0.4466415016486141 0.3578495828842036 0.216319818859363 0.17470636209994522
200 332432.0 0.27049040966051335 0.205330882618358 13282.062827249465 0.13521031844646986 670275.5970842323 0.4460895147940838 0.35857109525706965 0.44663929921541146 0.3579743214352969 0.22604748601272026 0.17661855976653448
210 357991.0 0.2765505499142488 0.20860497048990947 12615.134966199952 0.13456599072081618 689049.409155111 0.44246517214641207 0.35265353092447377 0.4464299424121764 0.35781481710200613 0.22830436676037394 0.1780464968863543
220 368947.0 0.2817424240066869 0.21005475989467928 12138.068149590597 0.13384216564689516 708492.9492643353 0.43915599112844994 0.3600513193284705 0.4461429225170682 0.35784321428672816 0.23244475467567874 0.17910717554177186
230 389769.0 0.2819833267103646 0.21014083132849223 12280.420027995864 0.13317865932913422 727568.9617191849 0.4393830639507489 0.35965166689788547 0.4458407432065939 0.35792839069809124 0.23208196418190324 0.17894989580970466
240 404780.0 0.2833300847276972 0.21188289699360802 12295.800367004647 0.13260414238221904 745833.0439405589 0.44144261830588705 0.3589533272919715 0.44558380912458234 0.35791728379758597 0.23249538419606855 0.17951576269045816
250 418989.0 0.2873069928313776 0.2274941367333763 11839.5084333082 0.13245139037779505 759242.1246141344 0.4426603583369465 0.35168274668494154 0.4454471520035317 0.3577796934984709 0.23480629333573946 0.1879518731842022
260 436651.0 0.2895624428115604 0.22807558323718666 11611.575963520458 0.13240691528684478 771312.0454812545 0.4377761804078096 0.35119658502325024 0.4452785819906197 0.35753638650966146 0.23633138157643677 0.18818439807380133
270 449647.0 0.2915294445916845 0.22822356280370223 11481.026017091239 0.13239175964695166 782950.0098959032 0.4479230013445698 0.35786023201287576 0.4451478573370264 0.3573884210627999 0.23675737355242862 0.18810526117787116
280 465302.0 0.2956090411246949 0.24276376464967236 11028.69324181512 0.1324610903818149 793250.3609923165 0.4335512699681494 0.35281108085142093 0.4450881146307941 0.35735672783786054 0.24014129397337355 0.2000291785115989
290 485746.0 0.30048552824597896 0.24293969823025077 10514.893935947155 0.1325628519145041 802670.3268984328 0.4335420248289639 0.355103661071907 0.4446809768666736 0.35725503484884846 0.24296795203480864 0.20001724385015607
300 501551.0 0.3134474086767161 0.24579882008877665 9329.660002171015 0.1330380238242623 806814.2745214236 0.4390718408995088 0.3545909641099708 0.44444192443509706 0.3571691723468626 0.24790067375506922 0.2009988773852087
310 527714.0 0.3195660717959454 0.24963323072015453 9069.890718345927 0.1332259685457697 813741.675774127 0.4400479876395066 0.3601234084345096 0.44429198136704423 0.35714908771959475 0.2520136151376856 0.20269371737837608
320 548066.0 0.3326773799457404 0.2522880064372548 8059.189601832784 0.1337537146167433 815723.4407008725 0.44122141025791856 0.35604729111377303 0.44418051802274683 0.3571929880588279 0.26172679224762696 0.20441944535326137
330 556007.0 0.349549428267915 0.2574957861868618 7037.267569644721 0.13456404502465413 813286.9294888737 0.43907300680179334 0.35923144407271546 0.44413502799417764 0.35720222281585645 0.2723569207104588 0.20732095275379106
340 565042.0 0.3515274724425265 0.2608821487040327 7012.944403989212 0.1356508140678547 808439.5281119003 0.4409174257138646 0.3588470263968794 0.44401313854477126 0.35729742544894877 0.27402302250085375 0.20864081601727097
350 580226.0 0.35243851067984144 0.26404102198731955 7012.682866647464 0.13668062862929264 804545.9485358717 0.4424097775090226 0.35740490172678574 0.44393676624363376 0.3573127507186691 0.2745418701371912 0.20988931685044954
360 593551.0 0.3634017533510949 0.2681085987175134 6447.619193532234 0.1374005883356179 802874.1932084247 0.43500959909765397 0.35759082169166123 0.44377370456386894 0.35732669254684235 0.2800312970343549 0.21198810988894493
370 606568.0 0.3680479091021727 0.27088036079835875 6216.872834214638 0.13808265542582082 801400.1069919518 0.44013117204941976 0.35839139509236134 0.4435768965934351 0.357336565076081 0.28020419994758605 0.2120474182872352
380 621548.0 0.3682785394300978 0.272249255379746 6211.959810860148 0.1387336736862976 800407.5787463911 0.43782619192102473 0.35809141372568964 0.44346818367741586 0.357361783196223 0.28023418987978577 0.21234778962403297
390 642277.0 0.3750033256387676 0.27447955637314436 5901.979118007684 0.13937680179810927 799148.6709643448 0.42937546053651887 0.35023356192089755 0.4431305145714246 0.3571935013885919 0.28129910037740674 0.21240073401099832
400 664822.0 0.3803255471087226 0.2759120617837675 5692.231016646539 0.13994677397567726 798444.7154132422 0.4245874613227263 0.3498257696112749 0.442820443430633 0.3570543640954229 0.28365161218683344 0.21260545415891907
410 681181.0 0.38925063305014135 0.2769999510809257 5345.726974325394 0.14056249851718183 796846.0760259054 0.42425984250726406 0.35105511080639074 0.4423772293483284 0.35689195558812664 0.288574333225228 0.21331601605188788
420 693516.0 0.39011115365942883 0.277787084163068 5419.902031183172 0.14103566105652537 796962.0793224241 0.4251888956494507 0.3525681953683758 0.44199472659102995 0.356801554194369 0.288977142756026 0.21379709027697105
430 707327.0 0.3904380274224832 0.27831581905553826 5417.0552932037135 0.14135766975468847 798741.6743322372 0.42146882454178203 0.35416404047729666 0.4415615898737828 0.3567211395468201 0.28910452527925357 0.21408158900182142
440 724408.0 0.394468628359309 0.30406055557977946 5282.512639142589 0.14156655680701283 801620.9290556 0.4176052795893531 0.3595812384550671 0.4410247331378789 0.3567543644754931 0.28967408525820953 0.2265802279136715
450 739492.0 0.39576471776554795 0.30479142556655153 5284.353467713102 0.14171537033716125 805189.7274242089 0.4172793059562004 0.3623428491593873 0.44050817260639213 0.3568342957305396 0.2909005488350357 0.22727190045128784
460 757365.0 0.3971582103214796 0.30534906578908827 5253.7144236854865 0.14188555450744164 808492.9518223119 0.4200943497366 0.3805457696017772 0.44002007272124727 0.357069205949197 0.291162668935615 0.22754298447178326
470 768984.0 0.39741698839680883 0.3094356349807062 5283.67630820026 0.1420096991607263 812355.0316437188 0.41889914963918495 0.37777921699208405 0.4395913455726905 0.35755231886902006 0.29103652176620076 0.2296637011287413
480 785844.0 0.4002119248224251 0.3218320651324423 5199.6209723672955 0.14191874089821915 818637.2131045664 0.41915328163892535 0.3811586757894814 0.4391630979732058 0.35800972074523857 0.2928972830270009 0.23427031334751477
490 802644.0 0.4075921880088471 0.3349260109927035 4964.305277976406 0.1419283991547241 823485.8034294716 0.42010355337223815 0.385932618695483 0.43880399101524603 0.3585681675113062 0.2975030427858564 0.24381875894565633
500 828534.0 0.40813427206396274 0.3394548251273519 4958.808766515482 0.14189828458955084 828807.8231482692 0.4201920791331551 0.39080771319417273 0.4384302729801548 0.35914319045552145 0.2973577268095074 0.24475958542384293
510 862607.0 0.42016576003928024 0.3422813609361015 4550.45368868917 0.14204944672201217 831520.8619372916 0.4307088291294111 0.3909484704222466 0.4382395134233347 0.35976452334999476 0.3013107615882805 0.2452229284951622
520 884415.0 0.4339852206080765 0.343230747965842 4141.734186060816 0.14239439665283302 831455.9719959908 0.4411777187910846 0.3940850641502271 0.438223194985999 0.3604085883681578 0.3042814066267367 0.24603054945084046
530 900246.0 0.43413308116896504 0.34375363972579465 4143.135364262363 0.14272579359911883 831595.2397668883 0.4412244566838976 0.3939058788496259 0.43827901475226533 0.36103976068218024 0.30433790517853104 0.24664508159061416
540 919039.0 0.4416450552303065 0.3531495901087029 3957.40846693089 0.14315254881489692 830433.1998370653 0.446804794380742 0.3999528965838481 0.4383976675028863 0.3616945293046368 0.30781466046237693 0.2496917973457193
550 933070.0 0.44251576784450264 0.3548310286064516 3940.7989344351377 0.1435160237664829 830019.9207510953 0.44631277404346653 0.39712376858579945 0.43854865575475743 0.362378774287356 0.30804708098597267 0.2502451682627716
560 940527.0 0.45419122622282226 0.36209111997518373 3684.3898447494057 0.14387082319316583 829378.9137271905 0.44995563431300695 0.39940277391787565 0.4387280868391446 0.3630303177209907 0.31416413507183516 0.2532235377680308
570 956661.0 0.46760155590447205 0.3654561297827171 3409.659768218363 0.1442620873910696 827956.3678834265 0.46353343777155376 0.40478125772303036 0.4390374092206729 0.36371689526271583 0.31845651092542954 0.25410703380107846
580 971180.0 0.46854206599223835 0.3671913861353837 3437.023215411752 0.14454536840900026 827890.4809189664 0.46470122280512627 0.4051005882944698 0.4394619473522488 0.36442413727136275 0.3186748921013844 0.25439742929339426
590 987774.0 0.4693219998440512 0.3682929620861393 3446.4043893118524 0.14471334502309635 829243.1990583767 0.4635240674284253 0.4077181951378554 0.4398624977134953 0.3651368763215063 0.31900752240240876 0.25537200212202216
600 1010344.0 0.47119032261704974 0.36940171832884194 3417.4791021290316 0.14497309789756055 829477.7053341147 0.4634885133200369 0.40649134625360683 0.44025821868644793 0.36583924561619396 0.31994397910635974 0.2559075959702218
610 1038715.0 0.47341201224919854 0.3725244269101326 3371.141861250067 0.14489801296566854 833815.1812740912 0.4552418996141811 0.4062661843113805 0.44060082404613593 0.3665022217406113 0.3209660744384343 0.257541393374935
620 1056079.0 0.4746612970642001 0.3739576778250542 3361.3312858077215 0.14482735904320987 838088.2190314607 0.45580457898393084 0.40745192504971134 0.4408369390514014 0.3671415672428991 0.3214125876828962 0.25911221946958024
630 1071863.0 0.4854435706824401 0.3970554568348408 3227.15491818746 0.14492649206154956 840049.8960644974 0.4580339410044874 0.40636627552271 0.441084498310113 0.36776342965179276 0.3274931699619325 0.2688415939557188
640 1093160.0 0.4900195222780242 0.4039266153295404 3172.1314314825295 0.1450448094336701 841712.2400339608 0.45594784382388487 0.4075400016009701 0.4413407642587524 0.36836648776920383 0.32888507245097276 0.2714329812471901
650 1105940.0 0.49262889242336827 0.40441090563701315 3138.297572466247 0.14513421692907624 843704.4200838496 0.45560470049477864 0.40667994660069984 0.44156790016731173 0.36895780654921106 0.3298921519974154 0.2717146034651949
660 1120235.0 0.4935555877208833 0.4092152251321386 3134.0982775962248 0.1452166335315516 845783.3390649168 0.4556868168454423 0.4055160989175621 0.44178206029042766 0.36952842067095865 0.33020302977280674 0.2733191832834524
670 1132876.0 0.49384678189339953 0.4094783646125969 3167.1363308387945 0.1452960841847167 847939.198348207 0.4504419877092873 0.4041428780172256 0.44194919799569765 0.3700629372098493 0.3303971342383189 0.27353927196760536
680 1152126.0 0.5020897331806577 0.4124810601876476 3025.026192506252 0.1454800301472344 848633.2038896753 0.44441801138797987 0.38548982640971874 0.4420169702377523 0.3704432273543225 0.3370362206231657 0.2744727141517364
690 1173161.0 0.5054721580350147 0.41761989927575327 2972.396844092423 0.14581170831134746 847511.1931813349 0.44535041163129935 0.37852038274172856 0.44205824830028917 0.37060619487699265 0.3382692849047253 0.27608294170960773
700 1185383.0 0.5070502435850431 0.4445525471512124 2980.398197120583 0.14603619895238668 847696.5385075714 0.441448498015529 0.3745955736082039 0.4420517883581069 0.37066302438949844 0.3385120412196071 0.2875263532129684
710 1206894.0 0.5162295231665324 0.4511571003207136 2852.1160354751205 0.14623023458802928 848097.0776000265 0.4579147080691371 0.38302958071231397 0.442140823784826 0.37076685273076565 0.3394650845511233 0.28983438730573474
720 1223830.0 0.5261511750517421 0.4576940396290424 2704.462055940031 0.14640566820508552 848550.1227848754 0.4603914147507805 0.383332783101839 0.44237377467482863 0.37093722660736783 0.3445070448211315 0.29203328761070807
730 1244297.0 0.5284672380319523 0.4591356743981316 2674.446357867327 0.14658294351438003 848954.1679231697 0.45908303114349247 0.38331134936197414 0.4426178725248352 0.37110795265274005 0.3454523483955887 0.292614435759073
740 1264710.0 0.5405103233745262 0.474032450789063 2508.6344059108546 0.14675696328625265 849198.3375217398 0.45816535398691194 0.38252056278712865 0.4428331521637212 0.37126787643264664 0.3480646335372558 0.2943054597242593
750 1284067.0 0.5568893870509164 0.49244739215962874 2334.2755493057266 0.14700726656948704 848260.9030218833 0.46232619490019233 0.39326334030066074 0.44306905301658156 0.37152574295133023 0.3533071876297796 0.29738099321937805
760 1300560.0 0.5841145347919066 0.5012550312811677 2036.5166015259697 0.1472340916157615 847228.7444841407 0.46875475015618007 0.3944153295593735 0.4433916818608245 0.3718213664343753 0.3614198719073076 0.3021506398961865
770 1316505.0 0.5872448814878835 0.5057958653269483 2024.7601479752193 0.14744323031264006 846432.1722084832 0.4661981674420808 0.4018734592183408 0.44369580046877055 0.3721986133410664 0.3640165340142014 0.3035778072162745
780 1331261.0 0.5915882234509986 0.5126783995082801 1984.6952183046076 0.14768104110821675 845225.2801348537 0.468398946855365 0.4071156011296017 0.4440012141937908 0.37261844917592407 0.3651567942747041 0.30805679445058176
790 1351526.0 0.592389877616694 0.5139211783665834 1980.0335360902716 0.14796883140071757 843396.1601667441 0.47086168780965976 0.40888911300719855 0.4443400214832569 0.3730771630834831 0.36577882982139986 0.308893456722688
800 1368511.0 0.60570383410933 0.5158045659388107 1859.5625151529357 0.14834400348790092 840312.0772363088 0.47621505330200603 0.4100893031689932 0.4447259409455736 0.37353649560856056 0.37757727220809656 0.31108831482325067
810 1386534.0 0.6076734143320114 0.5167911961090383 1841.9078930191508 0.1487070778071866 837401.6459992506 0.47466518151484005 0.4078836499724354 0.4451010838491189 0.3739734394309944 0.37821062048303816 0.3120213787968017
820 1398512.0 0.6141158484989699 0.5258090024617471 1825.900461362028 0.14893910383615266 836157.1190304629 0.474298483204274 0.4229014351622418 0.44546065661903517 0.3745054479951287 0.38089865724539484 0.3148280944459571
830 1410909.0 0.6260449724574726 0.5300737959701123 1730.0725047810654 0.14917806886396226 834707.1210392377 0.47626869244573883 0.4245573708440665 0.4458313814305718 0.37510617286665177 0.38841215816733454 0.31738656278405575
840 1426849.0 0.628081697363476 0.5305983091077472 1715.5424881358592 0.14932664197644197 834430.4005892662 0.4727755110213886 0.42293192631045445 0.44616815181325314 0.3756828040108054 0.388921862073394 0.31760663928756666
850 1452272.0 0.6312845085707659 0.5412347902748172 1693.3405314012475 0.14938358145688194 835351.7585345738 0.47222660965529106 0.425363020474764 0.4464688321273212 0.37625445977324967 0.3894142458525976 0.32127276011335454
860 1460903.0 0.6321301698781292 0.5423945995277252 1688.1486148627857 0.14938958854237316 836957.9902238419 0.4707380565354009 0.4253251090267777 0.4467607459601578 0.37682110493516313 0.3897475958976543 0.321957658894017
870 1469503.0 0.6327566906654664 0.5445442784670553 1687.3139380012246 0.14943119945836472 838080.6472833919 0.47130928681213385 0.42407435226062673 0.4470402056555274 0.37736723040219844 0.39045060046772545 0.32189280409519766
880 1481759.0 0.6422981647355354 0.5492062708796516 1617.6465310689543 0.14946590539984203 839223.1784011652 0.4728378750840791 0.4239032256300534 0.4473193574451731 0.37789707266714256 0.3940155338392033 0.324879644876803
890 1501657.0 0.6602639115916632 0.5619133459257695 1504.485460653925 0.1495052473100495 840181.9893397951 0.4770659688732575 0.42400012111987734 0.4476436974256634 0.3784142622883499 0.40176118586649917 0.3263070501219043
900 1517203.0 0.6653071707822338 0.5690143881918598 1470.1526518687615 0.14953392546464958 841252.5083120666 0.48150260103618897 0.4214991516213223 0.44800830532682634 0.37889490336995935 0.4028725697083123 0.3256950547499911
910 1530210.0 0.6661062101423257 0.5719549437168431 1468.1024437188632 0.14970881562429036 840331.100469828 0.4677480896637461 0.415238493560077 0.448233594501816 0.3792849929061804 0.4028658290043231 0.32616708281252177
920 1553743.0 0.6677833029724716 0.5739337805524259 1463.7907374352733 0.14987937976978422 839473.4654397445 0.4627374000101429 0.41642102530128383 0.4484054310099006 0.37968295198822594 0.40313311869188456 0.32664032396269826
930 1570738.0 0.673021482003517 0.5782414130393042 1437.5183443892822 0.15006717204423856 838363.8477960193 0.4634574455054232 0.41124261456783884 0.4485538790261743 0.3800638967222145 0.4052878789535227 0.3280921279174796
940 1584022.0 0.6756475565791235 0.5822131174099497 1421.4874125010072 0.1502422382564793 837413.6700026433 0.46449073730755136 0.40638368071421377 0.4487146960395918 0.3803702430625916 0.4053020441983542 0.3285862858371502
950 1594162.0 0.6828359894824039 0.5880387287198109 1391.6744657806846 0.15034547273669777 837393.7056178607 0.4634077413952219 0.40505391028555043 0.44887261507331194 0.38063130320641914 0.41029243927575637 0.33101149638761335
960 1610911.0 0.6868829493480508 0.5884992356515698 1375.6322210586868 0.15043014586069733 837609.3418451961 0.4608917404594565 0.3994778775618816 0.4489944391036325 0.38084416246772484 0.4124614957532904 0.3310956756688459
970 1628497.0 0.6894788443256682 0.589829939731848 1373.3723733191487 0.15044517776458627 838775.2798434179 0.4584718726111603 0.40293033877446305 0.44908404366163235 0.38104560938108906 0.41303233715663784 0.33150693640639517
980 1642880.0 0.6945778379442333 0.5979038914578846 1348.3637854741917 0.15042526059725422 840400.6074889362 0.4569028699088305 0.4029758607925754 0.44917011276597374 0.38126898521389946 0.414432971854348 0.33395791872351577
990 1659493.0 0.6969096665271168 0.6106550944487199 1337.87476908415 0.15041860212541325 841831.0973261936 0.4550233984870402 0.40084012484604536 0.4492365224996681 0.3814877576210374 0.41611468926136286 0.3371886588288303
1000 1669037.0 0.7023842103650607 0.6125925019246943 1310.5294794304295 0.15045635940877575 842617.4534584121 0.4501650540753294 0.394636216990004 0.44926041438157266 0.3816377168191535 0.4197293134256527 0.33829425238272637
1010 1680759.0 0.7091346669369477 0.6182194294582603 1281.9280358190179 0.15034042780136517 845546.1619609944 0.4497089369119704 0.39705020317551565 0.4492669515942979 0.38177424113276276 0.4210362093995009 0.3404898277264146
1020 1705817.0 0.7099244845995649 0.6216588400326872 1289.6213112804442 0.15021975731140524 848554.865000816 0.4502740862116199 0.3959585739242698 0.4492745034089565 0.3819173919079141 0.42112218986240135 0.3412401469651353
1030 1715124.0 0.7136937301459122 0.6361525309268559 1278.2290773230693 0.15011589430677932 851316.8559463728 0.45002586502033703 0.39727123494302197 0.4492792623538836 0.38206399327533463 0.4216156379841464 0.3453441961950833
1040 1728752.0 0.7156162191444896 0.6401104989952973 1277.1503710367592 0.15014644670416732 852164.0739808398 0.44608241957339173 0.3886427027979707 0.4492717422468412 0.38219091803842464 0.4225452085154958 0.3474411603466189
1050 1748518.0 0.7180295253801278 0.6451088276152268 1265.654193220707 0.15017253946537545 853062.0135539632 0.446239143464416 0.38893493074597274 0.44924038268418803 0.3822496731503654 0.4226209379492462 0.3471745916931786
1060 1761899.0 0.7193926714905083 0.6545158714537045 1271.2754595501758 0.1502511422619401 853235.8312691104 0.44664482917651666 0.3877951906587376 0.4492082672384573 0.38232905295310654 0.42268926519998806 0.3506974222413961
1070 1778433.0 0.7314374217655824 0.6770316932947225 1227.839923114656 0.15032833946944735 853380.6853641561 0.4493079537167299 0.39394196934736386 0.4491833667348261 0.38240579395065816 0.42505622686792066 0.36109200006913655
1080 1800510.0 0.7334355312265396 0.6813495342742941 1218.1969955749573 0.15039090721099463 853719.8555430458 0.4380933662897945 0.398364078307636 0.4491200726172602 0.38253606079545555 0.42452525549046033 0.3614812353377754
1090 1825170.0 0.7407408296870932 0.6839685503561204 1185.1662867125358 0.1504430414979593 854168.954850689 0.44069045615003893 0.4008091173178018 0.4490332928458948 0.3826993686866491 0.4262376693741554 0.3630944968155277
1100 1838286.0 0.7479471023564424 0.6862804298920389 1161.2980606760505 0.15046292824260657 855047.5624181628 0.4411326185629542 0.4006211655291248 0.4489521984170449 0.3828598504025739 0.43076395676799945 0.3642004567153592
1110 1860403.0 0.7750120649496404 0.7037837082851744 1058.6425670945364 0.15043105941706303 856569.1938646929 0.4477272361335959 0.403565563217172 0.4489114357404279 0.3830305346220993 0.43895857829190366 0.36962626365529294
1120 1872511.0 0.7769408822970989 0.7076857455781237 1053.1935703394406 0.15039880988716434 858091.7282610483 0.4485202883372217 0.40265198021051146 0.44890381722248457 0.38321143572044497 0.4392860577447601 0.3699986681807148
1130 1883478.0 0.7770832416490824 0.7079588468822551 1053.3678506539288 0.15037284941487458 859522.9397680027 0.4484173533637512 0.40257101446354454 0.44889969806365126 0.3833827511217933 0.4393049878355965 0.37039787898312554
1140 1906916.0 0.7788331568284906 0.7100623160816844 1049.839162613454 0.15035123902705996 860887.5267160018 0.44777818994223617 0.40149034513469084 0.44889335045855355 0.38354811379300296 0.43923156503382293 0.37171796066214485
1150 1919474.0 0.7789393638844204 0.7102611506356298 1050.3236371126395 0.15034094945856769 862087.5690679898 0.4477320950876995 0.4013632772012853 0.4488835522822139 0.383703187744038 0.4392606437232494 0.37190820395187363
1160 1932022.0 0.7856319243151735 0.7282375728876057 1032.9216188540427 0.15038060651334653 862545.6450380046 0.45019977888404983 0.40230691099143273 0.4488765256352245 0.38385866287624937 0.44089784252733677 0.3747810527924402
1170 1942272.0 0.7956036171931821 0.744446080105517 996.5850880097803 0.15037991788629052 863552.3136945807 0.44894082975141153 0.40738424925000366 0.44888155912788635 0.38404028173037225 0.44433761247616954 0.3798054763311054
1180 1951635.0 0.8031835449835704 0.7518049237659556 982.0806667188676 0.15033582779950047 865185.1232836572 0.45114426067632224 0.412372000591376 0.4488910159737891 0.3842595949224122 0.44413886189372437 0.3817110664741202
1190 1974286.0 0.804652278161215 0.752669218642882 980.400195124319 0.1502813465191337 866971.9051702657 0.44863207554759155 0.40953194368141443 0.4489036872280044 0.3844865729282622 0.44406002586601234 0.3822266030853262
1200 1991256.0 0.8176111501730666 0.757663014477396 935.2189928610096 0.15024269016979283 868482.9622379106 0.45376067563816974 0.4047675823518995 0.4489205875320768 0.3846810789752118 0.44889295051944866 0.3847138640028664
