1 1413.0 0.12643232878828628 0.14112744938256877 77025.3404378681 0.12643232878828628 77025.3404378681 0.3872619193347806 0.4396211450000738 0.3864851952656004 0.4393181642374451 0.1264323287882862 0.1411274493825691
10 15717.0 0.1272685134131185 0.14725362155196706 80087.08578484526 0.12464713621611664 157074.41028829315 0.3893051927089262 0.4483638735461685 0.38734692774201523 0.44220821191451987 0.12664221762271613 0.1456141483486936
20 23391.0 0.12746710813881204 0.1476119012642786 80631.9953084897 0.12393503280386693 237680.0168828021 0.39096328869951236 0.44811042452661043 0.3883320365325262 0.444991315477574 0.12649710995429952 0.14497318978867063
30 36401.0 0.12857767948452167 0.14935374633760043 81567.09732523463 0.12345002344992223 319207.2412602393 0.38933729030910924 0.44762077971173325 0.38877018203548114 0.44581298272670294 0.12734673535537513 0.14623550604294738
40 52254.0 0.1293210921842889 0.15419190160328522 81726.6428303993 0.12154004136805985 401722.37772381405 0.38932972294671614 0.4475312651107169 0.38892629337379037 0.4463246134207305 0.1277476992556721 0.1502136284716181
50 72708.0 0.13014120691406963 0.15971093139315812 82250.62118071824 0.12000353127880466 484759.1674817041 0.39029754124639104 0.4499429026012169 0.3892115709212247 0.4469816331789898 0.12829272741679756 0.15480644613582295
60 95484.0 0.13034734914913698 0.16055096589671558 83292.24019627592 0.11875201911438957 568683.6180175393 0.3890241407024557 0.4480153555559393 0.3891985274203085 0.4472895110520485 0.1282705317938587 0.15579119952477957
70 105328.0 0.1304419471102781 0.1606034145504314 83286.86131576195 0.11781198678835698 652475.1615014273 0.3896270066988279 0.44856277716117715 0.38919221257217307 0.44740817840724767 0.12822948245326313 0.1558650785535456
80 126834.0 0.1414055669250136 0.16127908412796255 65898.66551435838 0.11762310476154376 719007.1602396275 0.39380470293435743 0.44823237813881134 0.3897172657581155 0.4475452286900456 0.13573822081741643 0.15614573321528863
90 138349.0 0.14182686666454525 0.1636929853102343 65497.06602238898 0.11714077421079014 786381.7201081588 0.39545386204208716 0.44253855354175076 0.3902190586153061 0.4474085434645055 0.13602593467142504 0.15775443220091195
100 144827.0 0.1418434224638569 0.1636947962292203 65605.160526234 0.11652884626939874 854600.2150556978 0.3954189769274671 0.44274666505037524 0.3907268172084942 0.4469379848745056 0.1360293764166119 0.1573828546850438
110 158653.0 0.14527659775242496 0.1673401624763476 61357.83443673847 0.11557876733798739 921933.2779444496 0.3906444889956768 0.4419334029435361 0.3907620695134895 0.44649459542968617 0.13909494121032595 0.16011553144704255
120 169152.0 0.14620263944435494 0.1743182221547929 62884.836606804805 0.11479425354536864 989535.9507476062 0.3907928799668058 0.4445213213148421 0.39076130496810757 0.4462903262230934 0.13936698655897398 0.16463315782428475
130 187524.0 0.14679307046017728 0.17666534242617016 64659.45198817062 0.1139687579296775 1059163.475948133 0.39173711060673716 0.4472020382306106 0.39079952029981485 0.4461588919070049 0.13957431112564678 0.16549597811345834
140 205565.0 0.15268413234726594 0.17923649755502175 59660.112911378244 0.11295316672677605 1127685.7262280397 0.3955194809624883 0.4442184808197848 0.3909535174333197 0.44612509812646983 0.142693935751401 0.1666002425688166
150 219550.0 0.1557343938821752 0.17955625772889725 56252.89918804251 0.11202692588021348 1193547.5892040762 0.3979895628393818 0.4417581673356911 0.3912983172884049 0.44599984543894805 0.1421562575554232 0.16652814111430117
160 230937.0 0.170728783689602 0.18376910574714383 43245.47941175791 0.11172825057352542 1241024.9441081507 0.4123404687760653 0.4445004215265749 0.3921643530573616 0.44583486881015383 0.15026625569581803 0.16917382038907153
170 242168.0 0.17083580039845972 0.18416416651980444 43348.3077304963 0.11146763197709769 1288087.8525192905 0.4129169830845989 0.4486158813563682 0.3933526337236219 0.44587908646983376 0.1504845630463608 0.16919346569221622
180 252248.0 0.20687275350586426 0.1951825510154735 24417.31325303835 0.11301102019090407 1283429.2502764824 0.42095314504573833 0.4536738834595165 0.3945638757847424 0.446111164142917 0.17779187626478132 0.17645597514804695
190 268331.0 0.21003531303209627 0.2011432231090523 23382.721399796927 0.11434974128427429 1281764.590408769 0.42316635393837787 0.4554867245797688 0.39601654059359015 0.44657261599613857 0.18013097837332778 0.17897703744585103
200 287042.0 0.2107405476290658 0.20164714882568074 23219.929801203874 0.11556614013895103 1283055.630899458 0.4230070139145707 0.459270686631639 0.39736352665705216 0.4471303130382601 0.1810665627290161 0.17925186136201898
210 304229.0 0.21255168483757936 0.20342960754975528 23174.70425840253 0.11671229417211094 1286439.2534672222 0.42088872329779803 0.4580208616438191 0.3985085326156173 0.4476443570802749 0.18270194534065404 0.18023790085065972
220 320568.0 0.2232825690313497 0.20693956862156926 20286.913392606304 0.11771189605599483 1288009.115810838 0.4231396994265608 0.45564687067632265 0.39955184499828805 0.44807676324934387 0.18959225761044127 0.18175492431989426
230 339313.0 0.22374996344285847 0.20986104353945603 20206.167758677646 0.11832497134892798 1296526.3847067351 0.42634467542934135 0.461616188427966 0.400728857835008 0.44863185308893516 0.19002883510200566 0.18355337907609082
240 359639.0 0.22463491247505238 0.22029321680083983 20002.370359697987 0.11891396969845601 1305476.4945193077 0.42662255111066777 0.4663962860128855 0.40179781425462924 0.4492834815232951 0.19076394576519143 0.19034132591557595
250 377188.0 0.22474981688260068 0.22039842280292843 20062.009262964602 0.11946095020358014 1315490.7497094283 0.4262731402738754 0.4710852060981878 0.40277297645337395 0.45003850636918724 0.19108195393529218 0.1904782753534951
260 394480.0 0.23106774892427456 0.22636595620284436 19016.872297428865 0.1197382202442502 1329093.7983425239 0.4224399902069769 0.4768061082724951 0.40360950098034715 0.45094916544810804 0.19550558259491 0.19460566706708568
270 402119.0 0.2337703586464032 0.23355207479085938 18405.111503032516 0.11995117156525573 1343254.652841715 0.4227241631835176 0.4767435595675332 0.4043083077341426 0.4518810767329657 0.19745025007217834 0.2009696546006628
280 424077.0 0.23735643907492704 0.2639376020875375 17803.283167602996 0.12025050409453669 1355103.4333705858 0.420593356759608 0.47584838113021355 0.40492410853845423 0.45300370536459816 0.1984778712820117 0.215742634262007
290 438675.0 0.23744471014893143 0.2640248034529018 17947.781129665975 0.12052988112186558 1367576.999076995 0.4153639730016232 0.47611169635178024 0.40531876196120403 0.4537946401011723 0.19863503626600681 0.21605673018541321
300 454115.0 0.23892318623199904 0.2673186086840782 17639.667800261097 0.12088322779579633 1378389.652121525 0.4144055988455929 0.47930576008446224 0.4056237886252071 0.4546234156735889 0.19978177016663387 0.21850113330586046
310 466727.0 0.2391732415207968 0.2674323753266092 17593.314664449033 0.12121822947142648 1389573.5365874774 0.41476442584166656 0.4803081192999597 0.40591190137883587 0.4554328350136682 0.19994561753303153 0.21884100956148891
320 475371.0 0.25606835568497355 0.2692587001365561 14537.063600810045 0.12141263071566445 1399845.4854153253 0.40697503221378023 0.48231885596129515 0.4060347861990802 0.4562245011151164 0.2116953092748736 0.220132375410041
330 491558.0 0.25690458845941416 0.26938091205056297 14829.91543233502 0.121543608940307 1411827.0860796033 0.41062975477882996 0.4849534836922802 0.40609935956876203 0.4570389582882475 0.2121589913871783 0.22036541761365067
340 508864.0 0.2569645894961961 0.2699398356652275 14885.28856013655 0.12178591311224005 1421589.5400366948 0.41535500865210756 0.4908701976252929 0.40626242886351627 0.4579010706952416 0.2120532624175407 0.2207609243705975
350 527647.0 0.26398311167701766 0.2717298928766085 13894.25681194115 0.1222058653349797 1426612.5723178966 0.4137801372465595 0.49719822839367206 0.4064745562874617 0.4588871001328654 0.2187311848588976 0.22265336271218109
360 547280.0 0.2689738044235356 0.2726526127522557 13156.276161791988 0.12267991609408734 1429688.3417568752 0.4186433624801377 0.49486341364237474 0.40670537996499884 0.45998501764584204 0.2210257905150983 0.22323591914394325
370 556567.0 0.27122283914074374 0.27740020453441466 12878.134137591238 0.12301752339369344 1435242.948089736 0.4196584507853419 0.5003971276020603 0.4070408328295616 0.4609996914075659 0.222558643927023 0.22604991795008725
380 570064.0 0.2714553873337184 0.282011281646871 13042.941328776888 0.12332492223318987 1441721.7156995423 0.4172974378249223 0.5048982996867403 0.4073458642160546 0.4621214054643509 0.22271588725704833 0.22928954395033285
390 580425.0 0.27798161370500835 0.2912997804848859 12313.210656775354 0.12358573149233576 1448289.8678188159 0.41730798472826003 0.5043502555603872 0.40760066810435097 0.46320735583060607 0.22624576754013892 0.2359504140250107
400 589375.0 0.27803017357378584 0.29217737612335976 12370.545286165552 0.12374862901665855 1457050.4133869763 0.41871608818173844 0.5032736292840457 0.4078742340172758 0.46420473459719663 0.22628645742349957 0.23625442353132503
410 603215.0 0.279034054149783 0.2966510246616838 12344.551810883175 0.12391671168680762 1465694.359988392 0.4181312629742982 0.5032787312528805 0.4081421120699246 0.465152881073636 0.22750120507389046 0.23808751725962968
420 611474.0 0.2812013494652898 0.3034991878349912 12228.848369430314 0.12404407689299286 1475098.874853552 0.41391950305163017 0.5013408650658224 0.4083192518461146 0.4660307614737563 0.2290181147619842 0.24237148337628192
430 626207.0 0.28155982525091633 0.30450345048426747 12197.820913725665 0.12416565277162422 1484607.3707941275 0.4140341892734358 0.5013600012728495 0.4084497289314972 0.4668501122268459 0.2290477431491012 0.2428416576841893
440 634903.0 0.30132906858346725 0.3141302187441587 9969.159821723357 0.12415155850413279 1494929.0410147079 0.4078690178788596 0.5008281551992321 0.40858055878519045 0.46763582006650567 0.23803990456061438 0.24804693980978168
450 650194.0 0.3015528338372706 0.3142492214408197 9954.026027334681 0.12405579294426936 1507314.1098014286 0.40646817748222525 0.49442953237429577 0.408548484963168 0.468310214027939 0.23807034850823322 0.24820736549300118
460 663770.0 0.30234730999628695 0.31449996208615066 9896.570650945596 0.12396477108956205 1519533.5553333247 0.4064684352950389 0.4944400553734226 0.4085033529556236 0.4688768158618972 0.2381859736141191 0.2481684570438467
470 677881.0 0.30271786264381273 0.315602952521021 9877.982084922634 0.12399505576552898 1528652.10859356 0.40527072420400634 0.4936660008218324 0.4084532256566795 0.4694136748311351 0.23842056717916457 0.2490606514518284
480 690868.0 0.30789185264438734 0.31694450478757497 9414.965034673001 0.12414534992312003 1534305.9441396524 0.40756918304840234 0.49366729189725894 0.40842528688945373 0.4699179026494375 0.24195159765006127 0.25071785159885057
490 710721.0 0.3135199364034002 0.322202665152825 8916.450641282592 0.12442467299463304 1536270.1329048085 0.40161637175865855 0.4915715301896564 0.4083691915602803 0.47037150476550105 0.24385466504184197 0.2532646273105937
500 726053.0 0.32129504121357527 0.3248360523380691 8303.17989305179 0.12470857139079625 1537358.6476972192 0.4012741190017624 0.47553001996216904 0.4082313527764647 0.4706784127912365 0.24852442829384722 0.25494931326597725
510 746809.0 0.3240901412468067 0.32859603730496995 8096.037147679619 0.12491073551151377 1540239.3603420309 0.40163704018095503 0.47216298196742335 0.4080949207144288 0.47070137961411657 0.2492089143013043 0.2572880789620658
520 764901.0 0.3248218093351931 0.3286858025569048 8042.656467548921 0.12510527079748723 1543280.90523908 0.40162517732551484 0.4734675808950472 0.4079723320986934 0.4707432905431423 0.24920762266079793 0.25732333983544575
530 775892.0 0.3257595951169276 0.35385771393007404 8182.89723874984 0.12527424667316392 1547163.260540382 0.39940073040003377 0.47307945641591465 0.40784500443649846 0.4708084593300999 0.24920223833600608 0.2727090002867363
540 797823.0 0.3264791533396723 0.35445876010834887 8132.3780025745045 0.12543722996063905 1551158.0634048034 0.39906241925632846 0.47513268618419985 0.40768457334924973 0.470875819275265 0.24954634878376603 0.2728378744074048
550 817505.0 0.3310857135506256 0.3565858170763355 7809.953990685949 0.1255443835827979 1556186.8635784714 0.3929581491564107 0.47506189751512407 0.40745057765276566 0.470952266340656 0.25232407875934393 0.27446399294010376
560 826214.0 0.35178311142122703 0.36738121677382124 6606.740134128115 0.12585710922151633 1554479.0830326574 0.4032108548025998 0.4718970597159704 0.40724488081376325 0.47098355940232395 0.2607583715701884 0.27884894490893003
570 845891.0 0.35311844873980935 0.3676398610567924 6539.027594730457 0.12608530564446208 1554907.2077789463 0.40183032634539856 0.4700972340153615 0.4071575339023603 0.4709771154434697 0.26113530982720295 0.2788730896870833
580 860194.0 0.3539566938563094 0.3682163593527005 6504.544951944743 0.12630912466076574 1555451.822986592 0.4015732769126419 0.4704741436260953 0.4070642781496144 0.47096493342766665 0.261754375629601 0.2791525927560467
590 866614.0 0.3567685484667525 0.375513070247749 6352.143297650029 0.1265823317358992 1554588.9349334955 0.40388525475994 0.46758582650548647 0.40699554544486394 0.47093486194563955 0.2628049933337401 0.28157596024000753
600 879668.0 0.35714962790414584 0.376043432289084 6353.719225065417 0.1267797797336208 1555707.9201139642 0.4002182975013693 0.461416442070848 0.4069275951889454 0.4708610162618777 0.26289738244735794 0.2817647289570121
610 891552.0 0.35960080835736496 0.3975759769620721 6300.222115715269 0.12701726801000512 1555784.8248499862 0.40011886828345156 0.47330239830888937 0.4068151946202281 0.4708836377440587 0.26434579320576856 0.2929528603357187
620 914033.0 0.36318153492072597 0.41520151231391156 6135.578196544839 0.12712253461513764 1559089.6319562932 0.39969606373263167 0.4688126722040979 0.4067017651789081 0.47086396291376714 0.2667923273472933 0.3005414518683873
630 933238.0 0.3698023631957719 0.42599240685052225 5857.588293489857 0.1271619049914107 1563863.4614357688 0.40662985136473767 0.4740623099425113 0.40668685983311653 0.47093018628714595 0.268369124071745 0.3018721458416283
640 952219.0 0.3702330613065933 0.42616280359538494 5840.28577532877 0.1272001122668148 1568652.2845460624 0.4067497575394228 0.4734573702488635 0.4066867330472283 0.4709751215286672 0.268547920070619 0.3019743178951898
650 966023.0 0.3703419449023966 0.42826352696958075 5862.425629328497 0.12723319878681338 1573605.7369340602 0.4065473392341284 0.4734413393963286 0.4066854582424326 0.47101366771101993 0.2686313705752942 0.303400971038049
660 979894.0 0.3727827357142192 0.4291102704151084 5925.908222736999 0.1271755362903572 1581134.4862543512 0.4065569788170599 0.4726118270831595 0.4066804192607635 0.47101904808895745 0.26968545769971897 0.3038364245528163
670 996436.0 0.37321226032794724 0.43595216562370387 5923.617208371027 0.12711454344467296 1588758.307044874 0.40620584009479943 0.4730049578528319 0.40667640412853784 0.47104636538532985 0.27021468579253016 0.3063517327924579
680 1012746.0 0.37457503885747423 0.44501422179667466 5866.631295238711 0.12715894826468918 1593405.4257136455 0.4063849573991663 0.47749933328710914 0.4066703035304189 0.47110148038834904 0.2715271672194636 0.31381882758908924
690 1034910.0 0.3753023786960364 0.4454268838846707 5872.7734108497025 0.12720208437556207 1598095.619391357 0.4064722879132011 0.47821569471616654 0.4066670348631158 0.47120233050083327 0.2719223898828607 0.31386459169278025
700 1054902.0 0.37799642278882345 0.44860526045376764 5759.337807388416 0.12706113137522165 1607881.0300288023 0.3994093777821605 0.47308879593110137 0.4066239206929721 0.47127345475644977 0.27335172950169906 0.3159207162499981
710 1070737.0 0.38111597419958876 0.4528935161266227 5633.793601507779 0.1267109940719896 1624012.257240042 0.39462558627740824 0.4716462222323138 0.4064621628380722 0.47128400331876463 0.2759877538787313 0.3180022687203055
720 1087030.0 0.3911207692521981 0.4571706602655235 5239.731709828142 0.1263791042452639 1639479.6000721115 0.3954536646524265 0.4737518662299117 0.4063096695936778 0.4712969549328703 0.28001437444368094 0.317959397933832
730 1097344.0 0.3942245300389895 0.4582408790078001 5130.136048921788 0.12610269134091268 1653196.609966304 0.39444110152334777 0.4718756285768251 0.40615241481548753 0.4713125196965492 0.28288004675527 0.3185494361060738
740 1110632.0 0.3995779262394708 0.4614455639898978 4992.2336248716465 0.12582021600729468 1667117.2125397918 0.39882797569386746 0.4731966388274414 0.40601709522927437 0.4713260578929781 0.2836398480735318 0.3189055281020787
750 1123972.0 0.4004240266932127 0.4642271095966523 4969.719481832043 0.1255688612784741 1680080.6411247062 0.3970453155825537 0.46181099351844584 0.4059174811065603 0.4713185974472002 0.2836697110000426 0.3194383105607585
760 1135724.0 0.40500662554630046 0.46849111843434016 4809.395079413434 0.12524838094610657 1695366.352594371 0.3968284109616704 0.45641455123174085 0.4058000296655644 0.4711660696578918 0.28682763633916686 0.32314345382059945
770 1155369.0 0.4311236310550882 0.4756078445770847 3980.4106700990274 0.12511740435257485 1703727.1836247654 0.40885376106118365 0.4557591747417735 0.4058223264616231 0.47097365496220955 0.3006165968011902 0.32990853529194647
780 1169786.0 0.4548188012864238 0.4885500035671174 3423.447510155241 0.12520227699066494 1704298.647185736 0.4184003937552361 0.457149873701456 0.40595661244122905 0.4707875699210568 0.3118842799165607 0.33484356805736787
790 1180583.0 0.4552150903795089 0.4916554057468372 3417.0976232497883 0.12536034278011754 1702471.7152201547 0.4208610215309287 0.45960428366814393 0.40612326303505714 0.47062436322892187 0.3123410805158913 0.3346561203112831
800 1202706.0 0.45754749691076996 0.4927732995529192 3393.1920816263164 0.1254156370199577 1704011.1159398693 0.4215992298908493 0.45747276119875174 0.40631005344724935 0.4704720403166556 0.31564635755575704 0.33549565605726267
810 1213382.0 0.45921259657339897 0.4940455091004125 3364.2792070709443 0.12550003953010894 1704557.899478649 0.4221250453915421 0.45728755291537454 0.4065029021694923 0.4703114638080865 0.3155859293611451 0.33607215268477814
820 1227916.0 0.46578560529495994 0.5081486293711351 3253.307925077605 0.1257749253513103 1698852.9897274035 0.4336355890865301 0.46751562600340485 0.40675300207932996 0.4702192665663033 0.3173935369665792 0.34219525106272386
830 1244985.0 0.4677318026074831 0.5094805596514744 3215.4753699676253 0.12603433798124203 1693651.6967793189 0.43440544049913293 0.46632459841207796 0.4070826159334953 0.4701769825149745 0.31850698623091395 0.34292536487806013
840 1265659.0 0.46899120439226366 0.5103902470467869 3190.6796031991707 0.12628764678458715 1688674.5322979097 0.43511033989070236 0.4656176995219246 0.40741167770103753 0.4701240281866737 0.31899008719289074 0.3432477130023922
850 1286444.0 0.47031589665403833 0.5115121491095084 3179.753657112023 0.12653469410977794 1683943.5272639296 0.43625395609976764 0.4661726938466854 0.4077400083722805 0.4700720944513368 0.31922746416532854 0.3438966391884179
860 1303136.0 0.47278250897725 0.5118755894503646 3139.3480532484987 0.12681337319041863 1678253.809801476 0.43567604733592996 0.46559072178304767 0.40806740961477245 0.47002260045347066 0.32091387154571965 0.34389532780064574
870 1320433.0 0.4866241656888214 0.5174509557413702 2908.665016906927 0.12715855537248014 1670252.213493395 0.4343511960057856 0.4570118279716827 0.4083413849279315 0.46990742145955033 0.32291789805827564 0.34653219426593457
880 1331194.0 0.487533582395204 0.5199524338637754 2897.9830388997584 0.12750685641037476 1662266.1076148963 0.43068487299362895 0.4516221433326358 0.40861417274712913 0.4697173256001241 0.32276494940395367 0.3462967407199064
890 1341934.0 0.49864183469177553 0.5471216875223477 2715.3054155756913 0.12782119289755187 1655074.3839529443 0.42190432648701587 0.45234270099585905 0.4088330799475172 0.4695147744785179 0.32706191400301426 0.3585749958022906
900 1363853.0 0.508027858904809 0.5619468353489051 2597.769902905479 0.12812152808757446 1648196.829038134 0.422678038124058 0.45787166059677503 0.4089795578896583 0.46934263071368043 0.32861850324640934 0.3671533947184388
910 1372173.0 0.5127614060154869 0.5630178482748316 2547.284635586681 0.12840868910427417 1641720.872909103 0.417598778989172 0.44772392294102725 0.4091052225789779 0.46913789100203923 0.329789016392168 0.36739447567033623
920 1399371.0 0.5136165374589242 0.5656992560839821 2549.0509334365424 0.12847639356697907 1642095.5247280968 0.4078979501380079 0.4458565165828493 0.40917803406516073 0.46890437265642515 0.32973899510382815 0.3691321073542324
930 1411690.0 0.5184421517017171 0.5755655916594572 2498.233185766674 0.12833772421659848 1649173.509026364 0.3919235180656498 0.44140009606698544 0.40903224129064364 0.4686214960742055 0.3318313316447275 0.37184273149102415
940 1424321.0 0.519007366035774 0.5756836521083337 2504.9033251771643 0.1282020854536039 1656175.3354429535 0.39205185889778216 0.4414233364865183 0.40885110841811395 0.46833233735930074 0.3315692839358482 0.3716132663344669
950 1434779.0 0.52816538675493 0.577275186579306 2383.1786528187686 0.12806947185264828 1663005.4343053917 0.3784563885795775 0.4338193549749642 0.4086188138306285 0.4680241150701271 0.3342168139483619 0.37182795743311137
960 1457253.0 0.5325738656853228 0.5825990293419612 2343.976811748861 0.12791737227848676 1670496.2763422306 0.38655997851426405 0.43487091037963516 0.40838858998863575 0.4676728627273774 0.33503946454219236 0.37285207472018256
970 1472368.0 0.536803930886291 0.5939116169444629 2296.854815917721 0.12776879449787695 1677858.2143769062 0.38948178568207353 0.4377389590724058 0.40817906682589916 0.46734813312588447 0.33678004141132406 0.3779148564131774
980 1493551.0 0.5406072093761677 0.5983009654544699 2253.8042476367095 0.12762477312161505 1685056.0030829438 0.38560199282327595 0.4380362166807167 0.4079766237199979 0.46704722533491 0.338090914991985 0.3791364939615908
990 1510093.0 0.5410184928001024 0.5994580525868833 2300.929950589305 0.1274845625907754 1692177.2619792835 0.3827772206854466 0.4341493955204031 0.4077299098807255 0.4667269435379433 0.3378543462819942 0.3788612168158253
1000 1530034.0 0.5428407062314771 0.605473622892888 2291.0604340004393 0.12738066580585056 1698042.6765710106 0.3817287389394737 0.430587391819941 0.40747321524052865 0.4663710783989222 0.3385850642342592 0.38160972524140313
1010 1550614.0 0.5456349418945142 0.6093331769727566 2268.7048572248577 0.127385392442307 1700150.3101029063 0.37992050041662084 0.4211152081110743 0.4072053751681233 0.46596327033237916 0.34100483110982766 0.38231524032164177
1020 1570686.0 0.5531327838719864 0.6111921822174766 2195.909367690449 0.12741757708837073 1701248.179611925 0.3788954616990836 0.42152899421321954 0.40694083993781255 0.4655267305739088 0.3435047822359194 0.3827308399250414
1030 1582392.0 0.5554959381746007 0.6135202360765754 2178.382326886648 0.12740790463102822 1703758.4953208654 0.3792563774839944 0.4204731632528896 0.4066704527982529 0.4650910438258014 0.34380087331595865 0.38282409322706484
1040 1598903.0 0.5556025350945805 0.6142971611069934 2179.0584950033794 0.12739841641096844 1706263.2458666363 0.3834067596649189 0.41456101017492286 0.40644472630943207 0.4646416946077679 0.34368536387681176 0.3829860713899559
1050 1611820.0 0.5873384176700887 0.6223327115216332 1849.2577177096298 0.12743564609118843 1706811.8088559073 0.3967792126670811 0.4263161537100336 0.4063134010115815 0.46421667918982157 0.3569350349712322 0.3830567356948976
1060 1627138.0 0.5892738734909169 0.6380266417225687 1839.9215225238909 0.12748570443001586 1706906.5837312639 0.39723845970659366 0.41164181207325173 0.4062279403006695 0.4637680264869965 0.3570834051426438 0.3893555488944757
1070 1644314.0 0.61270193606126 0.6501026174577912 1647.449336361166 0.1275076876487125 1707775.6010340424 0.3911825007371998 0.4110989799608087 0.40609932566267787 0.4632767693511704 0.3683213062306857 0.39360228989264395
1080 1662892.0 0.615538822039533 0.6510808319046605 1626.94568402389 0.12751039756907356 1709306.3115601167 0.3910432695666167 0.4118805431262293 0.40596063619073525 0.46278366332871645 0.368719106906162 0.393569894965915
1090 1681037.0 0.6174052821255018 0.6511971956859113 1613.2086203179456 0.1275130266530139 1710826.0721493517 0.3912642059460233 0.41171603790303984 0.40582470195389897 0.4623160638413756 0.36883688929536385 0.39316758972344057
1100 1698408.0 0.6192814758490929 0.6867233977472894 1610.6927344145574 0.12751307412944615 1712435.0767635957 0.38904777025068177 0.43068773061975774 0.4056916591322185 0.46201053230151373 0.36955009957189033 0.41044161430276527
1110 1715947.0 0.6334046245165642 0.6928555809241906 1511.786927026496 0.12750262126371853 1714321.6033998993 0.3922872294915174 0.42950481431840465 0.40554009516855694 0.4617268281358765 0.37403353962905717 0.410920958149961
1120 1730341.0 0.6378809626926675 0.7031408990236302 1482.5012200575436 0.12749503858564643 1716076.5255234668 0.3892052165581755 0.43264169093812366 0.4053980695967833 0.46145557814288607 0.3755548080261449 0.414189671908075
1130 1747184.0 0.6392742513264469 0.7105102135155839 1479.2120556351833 0.1275324974482539 1716215.9149191387 0.386077200685375 0.4313236807247153 0.40523770479542315 0.4611881405476528 0.37630557828414013 0.4152677694922746
1140 1762251.0 0.6405765126705504 0.7165667104284892 1471.660529277357 0.12756922341025703 1716374.720211144 0.38508291285247753 0.43285110372767355 0.4050720806201839 0.4609334986819026 0.3768078487814945 0.4183556737748398
1150 1772890.0 0.6439341442991271 0.7272156530470455 1450.895066711936 0.12765722918954334 1714696.6734390776 0.3825536037855883 0.4038961584737875 0.40489260111661785 0.46065970116289906 0.3792458126296785 0.42317444834035534
1160 1792373.0 0.6465872693921465 0.7428068497832844 1434.1362984591924 0.12774707128826224 1712942.104469238 0.3825340093110591 0.40338561957548014 0.40470008111831357 0.46016809909078965 0.38068833478231934 0.43172585709412353
1170 1812580.0 0.657525462094435 0.7463215874302267 1385.8238689286911 0.12779554767987955 1712597.6374575798 0.38136489627251086 0.3976649081162563 0.4045087328089501 0.45967225280496005 0.38521925725775996 0.4327392097151482
1180 1829440.0 0.6586322405737138 0.7471197626329072 1379.992179317865 0.12784308673665798 1712282.5169564968 0.3815978832825526 0.397108903940414 0.404314332079471 0.45914336377137427 0.38521673287538544 0.43228694118311933
1190 1844782.0 0.6721499139741891 0.7765485077884591 1299.5761797119553 0.12781729601949848 1714513.393504471 0.3897352510808971 0.4170088337837236 0.4041699940130629 0.45872026108159775 0.38972190017858777 0.44056703376990014
1200 1864705.0 0.6777821760002201 0.7840967606771052 1279.4968497795037 0.12780562979427412 1716214.5184427332 0.38422039181606693 0.4191361093252323 0.40404627304205504 0.458397266210721 0.3902984740776301 0.4413662278523076
1210 1882266.0 0.6801719395605952 0.7855096579834973 1272.0204008065812 0.12781249726731078 1717238.5933683028 0.3839318903036954 0.4188027329476224 0.40390780468372794 0.4580900678607733 0.39175943585667256 0.4417778497391393
1220 1902574.0 0.6820768673676451 0.7886597734659417 1264.4696818533248 0.1278517275348185 1717091.1078195584 0.3838654654245381 0.41639634197551245 0.4037442092078366 0.4577648838614976 0.39191526134498805 0.4432473456942479
1230 1919653.0 0.6862597405658392 0.8021527880960988 1242.4245621153664 0.12790943357867043 1716259.7178721824 0.38219767431441704 0.41713533724225144 0.40357495053511133 0.45743256717899183 0.39452532563864945 0.45065161851827645
1240 1936836.0 0.6898219326417148 0.8038302937907754 1230.8162001518244 0.1279465235109231 1716155.810836565 0.3822524658476331 0.413298218565161 0.4033943430483318 0.4570806566210553 0.3943712555598307 0.45052560020581894
1250 1949419.0 0.7006712273674301 0.8056698605182868 1176.789931184388 0.12800420820545527 1715254.5584467677 0.37893551041619555 0.41527139093529253 0.4032235451275458 0.45674082710998987 0.40069216489647014 0.45146859478880125
1260 1972338.0 0.7046695340953931 0.8133946011987385 1157.0340810537812 0.1279380527701775 1718825.027188858 0.37270799447188685 0.41645751591086644 0.4029979640644927 0.4564188802765963 0.40245207089861856 0.45571744615971393
1270 1984472.0 0.705131904832221 0.814895968699457 1158.9424298408899 0.12787295377175392 1722363.3554535112 0.37275504148757416 0.4153639729010898 0.4027602712110242 0.4561008233850731 0.4023719940809282 0.45557951035703953
1280 1997161.0 0.7063343058404709 0.8167329440738293 1154.7624120220116 0.12783558929607255 1724883.2206648642 0.37210393935614744 0.4165267193261171 0.40252203518822416 0.4557900940278144 0.40254074608147566 0.45566658040905683
