1 45.0 0.05907166318293644 0.07637374677084616 903746.5610184508 0.05907166318293644 903746.5610184508 0.11967567948911555 0.12896667857336308 0.11967567948911555 0.12896667857336308 0.059071663182936406 0.07637374677084638
10 13614.0 0.0617433579653697 0.07666261916525584 791961.6241255085 0.06039997292433186 1690792.4102291209 0.11989701119491541 0.128961292694064 0.11985672494193245 0.12896201074216446 0.06168835136402341 0.07651834174779212
20 27960.0 0.06184554082391783 0.07692897303359322 826724.7245848202 0.060681762175293724 2517323.114855062 0.1198583206557065 0.12891306304379146 0.1198701814006993 0.12895440593978136 0.06174561480984595 0.07663191455125326
30 47064.0 0.061860679007487825 0.07693015219848016 826997.7278071494 0.06082265680077466 3344230.198941039 0.11985889401845276 0.12890302314877589 0.11986633133328678 0.128939476120138 0.061716767086881986 0.07660005005598584
40 59978.0 0.0620135640449694 0.07701427232399082 822351.1949487331 0.06090719357606321 4166449.710000922 0.11990566539528298 0.12890304332329688 0.11987250581378094 0.12893058995210027 0.06177235528956808 0.0766197693620008
50 83055.0 0.06620953930989355 0.07876158144893593 676947.0855713764 0.06160594943249631 4825069.6697727 0.12131846734504342 0.1294803065305986 0.12001754281040315 0.12898208867306954 0.06464053133494257 0.07780491531906325
60 103539.0 0.06621721984675723 0.08290187591103226 677784.8526273374 0.06210543023983244 5490312.6212682 0.12127275381295956 0.12908838853571727 0.12023009397520738 0.12905778043802987 0.0648268894796619 0.08117765138018748
70 124088.0 0.06655137965171272 0.08328121680725036 669838.8903976616 0.06202002673267145 6163663.46959875 0.12127944069880192 0.1290959227090517 0.1203776107342494 0.12906284638503845 0.06511756582773726 0.08146737415522089
80 148237.0 0.07064368903188412 0.0834398591502217 562824.3637154595 0.06238123949753168 6701997.30465905 0.12213931335749856 0.1291287296947058 0.12061011619718 0.12907061550605559 0.06816115120851442 0.08156139817021288
90 162935.0 0.07064370544686878 0.08345239828997073 567655.769392208 0.06267020970941986 7251068.417292945 0.12067079820779097 0.12955073340149612 0.12063292207911214 0.1291187383109744 0.0682952709009002 0.08154467942151283
100 183581.0 0.07064389366629392 0.08346551598905105 568011.5990001927 0.0629066398827829 7804153.550502349 0.12067080917515595 0.12955079698542238 0.12063667295097688 0.12916151450892202 0.06840100809822168 0.08152977751800503
110 198439.0 0.07088941482387537 0.08381066764416639 576358.1125356731 0.06315519219890736 8366911.9483796805 0.11800838118056534 0.1300513464650461 0.12042431107324608 0.12923720687897303 0.06864701903579747 0.08161351715893474
120 219996.0 0.07150489265600499 0.08387186477070357 562436.5712696428 0.06336550569716651 8916268.98701368 0.11816916348098642 0.13022340480081193 0.12023411835558916 0.12931498577836892 0.06897102652614118 0.08163773351662375
130 237933.0 0.07251856895760461 0.08802868444543563 557955.2843272258 0.06355763718987611 9462052.475032173 0.11961018583057559 0.13314305115442535 0.12009732769832351 0.12942987986622007 0.06956065922613701 0.08379558194027198
140 254563.0 0.07254168120498343 0.08810438446709085 558501.4262141826 0.06372413288949667 10010177.258099083 0.11983117465770775 0.13198930119178198 0.12006435112636411 0.1296402141342096 0.06964558148114015 0.08390674015277938
150 270181.0 0.07765575954673355 0.09399385032787697 459881.05772223294 0.06417990022595596 10421577.183177289 0.1179007780641573 0.12778424788789425 0.11992132249901956 0.12951745998074998 0.07342189505147866 0.08821889738200998
160 286543.0 0.07807483125487387 0.09406731006958462 453338.222585184 0.06459654837732565 10829981.692647304 0.118481517465646 0.12810981047794842 0.11982423677852383 0.12942524160460953 0.07371896167367428 0.08840064669646949
170 297205.0 0.07845728388241692 0.09424446912766545 447611.37374222133 0.06488516008751224 11243229.56692584 0.11812682890777167 0.12809577269763683 0.11973529313491044 0.12934790529051401 0.07397911600534572 0.0885917512083793
180 309578.0 0.07871708132936121 0.09491141542172783 443550.00832282787 0.06514540898929556 11655392.306736348 0.11812186275363272 0.1281326317210832 0.11964616492592503 0.12927898972354535 0.07427023746764407 0.08918124128333792
190 327900.0 0.07874103106563976 0.09491306143400945 443909.0601004138 0.06537963300090055 12071522.6870291 0.11812221256594593 0.12813272643744972 0.11956636768686027 0.129218973459447 0.07436829888891607 0.0892736922659157
200 346348.0 0.07876055911943848 0.09499698635131842 444256.9816277161 0.06558719175590026 12491416.344678152 0.11807129179121055 0.12809204339711747 0.11949205246293619 0.1291630713909549 0.07445249729120071 0.08938533878430319
210 364814.0 0.07878749559674922 0.09542853103117911 450344.80021797033 0.06572825445822307 12925246.057876788 0.11663638983070813 0.12792214053658307 0.11938392447061152 0.12910748952539275 0.0744842005856586 0.08964399999669795
220 390661.0 0.0787982988793965 0.09543378320439473 450565.5509242561 0.06585705083860478 13360878.232902518 0.11663643034550127 0.127923605029296 0.11925960093527156 0.12905392526384757 0.07446100725637636 0.08970207870518959
230 404506.0 0.07983182016405559 0.09571809675818584 434459.94224296685 0.06600468840356724 13776511.966353495 0.11685849023692546 0.12768770740227736 0.11915361298006064 0.1289977123711753 0.07505656985097275 0.08995130521251159
240 415059.0 0.07984721070150909 0.09573367146340932 434601.0918471588 0.06613948803540085 14194057.21517814 0.11685759875189662 0.12768476166714435 0.119058342870263 0.12894323316753847 0.07505146852550992 0.09000405800861548
250 430904.0 0.07990498805987095 0.09574943592152443 433753.78967835935 0.0662639184647857 14612057.437771346 0.11685763635801777 0.12768476859727643 0.11897066412136778 0.12889309491597006 0.07506369575780819 0.0900544968013554
260 439298.0 0.0799103570922361 0.09578976358162938 433854.1254472198 0.06637913182532723 15031437.338565886 0.11685768327460729 0.12768497278372007 0.11888970682104523 0.12884680592934572 0.07505489529635945 0.09010242790173012
270 447819.0 0.08155109578524178 0.09874556004970408 410173.0802862879 0.0664090960243829 15436470.890367988 0.11606091636609474 0.12772676404834882 0.11880983779259385 0.12880561551739106 0.07647136906578517 0.09239265601673727
280 468865.0 0.08230886284210077 0.09902838551416136 399350.911951102 0.06645606814952532 15827333.20437478 0.1160510288386044 0.12768561399119688 0.11871169472493426 0.12876590425331727 0.07680659763507984 0.09255690304640468
290 480831.0 0.08231001477181019 0.09911328652799281 399641.54873729136 0.06649990879965822 16219090.215357335 0.11605102883860384 0.12768561399119502 0.11862026290753462 0.1287287808766121 0.07679078897736615 0.09264693388713685
300 500554.0 0.08233118573335663 0.09917220880651484 399556.4772454141 0.06654092102075031 16611284.494594354 0.11727375437277933 0.1275679545518552 0.11853897073229527 0.1286937425437908 0.07678241994027364 0.09272259821588275
310 520001.0 0.08507989116893871 0.09922453030316515 369002.9992384917 0.06665152551067363 16957743.132745523 0.11727375437278521 0.12756795455184286 0.11849828853424019 0.12865754357298873 0.0777769789687338 0.09273735261968627
320 538320.0 0.08510341338154363 0.09922622997964295 368826.4422015221 0.06675542669817736 17305493.421705555 0.11727375437279547 0.12756795455184272 0.11846014105257496 0.1286235999897754 0.07782114995884412 0.09278215889823635
330 555015.0 0.08510614028750679 0.0992288770011906 370324.76175482146 0.06685321605112204 17656323.238054935 0.1172741044779382 0.12756947825011453 0.1184243091318913 0.12859175341153797 0.07785490503352045 0.09282691834282636
340 567005.0 0.08522702013834417 0.09925888883885127 369425.5286603257 0.06695052314251126 18006467.743776917 0.11726001327746084 0.1274863817944974 0.11839033111523715 0.12856031412354915 0.0780664429609076 0.09291020103333897
350 581605.0 0.085234332334518 0.09944650332000503 369956.1762828378 0.06704242428437886 18358391.6018786 0.11650275406005431 0.12780875540631506 0.11835597376833898 0.12853080778086481 0.07809827134991155 0.09297741320814404
360 596088.0 0.08948041322709209 0.10107802045377225 320406.1862256688 0.06712306765254078 18656200.80174956 0.11642190266254206 0.12790405066237562 0.11830352836998796 0.12851216222998182 0.08134969890647714 0.0941208234882033
370 612974.0 0.08949093344071768 0.10107964452219019 320579.80729555356 0.06719952114983974 18955478.908533044 0.11642426616958536 0.12790591915081337 0.11825287005653506 0.12849581691813577 0.08134854155218288 0.09415908229016859
380 624956.0 0.08949140988564461 0.10109056122029753 322668.69333335 0.06727205395496952 19258292.446374327 0.11645489277901659 0.12790696253065087 0.11820567905187583 0.12848036142240127 0.08134123947522663 0.09419941896221477
390 643227.0 0.09307129081140446 0.10119479919511107 286924.4104249887 0.06738249119119528 19509434.222661406 0.11743497199159185 0.12754901821504402 0.1181809508074662 0.1284583714764683 0.08321901160516519 0.0942073880356558
400 655590.0 0.09312270198202144 0.10123430109646703 286637.5449490944 0.06748761654744276 19762165.4512128 0.11743497868744278 0.12754901839075916 0.11816234801145556 0.12843569434216143 0.0832228101154149 0.09422614335449817
410 663500.0 0.09316573242079487 0.10126242829305591 286432.9616363808 0.06758749462477316 20016525.34493542 0.11742648471114427 0.1275111114507121 0.11814454574969471 0.12841365536939398 0.08325675530843892 0.09423524328453567
420 673970.0 0.09317449496446145 0.10128875009460377 290134.0337208378 0.06765125240877197 20286044.43667347 0.11737206534841951 0.12748269239579924 0.11812673511461803 0.1283918129399659 0.0832757403317946 0.09422265358872377
430 683378.0 0.09330697651742728 0.10144283356413507 289298.42379248136 0.06771155516599137 20555803.367319383 0.11737861648712063 0.12746535659085179 0.11810930017070488 0.1283705718235691 0.08335052370801226 0.09426365232178298
440 694591.0 0.09378485310000466 0.101712588792134 285108.83838530374 0.06776917780066768 20821818.75779975 0.11737860909823412 0.1274651039201698 0.1180927312959198 0.12835004253631105 0.08353124709152503 0.09435730457934763
450 706226.0 0.09404629333747516 0.10172063564817443 284672.6609226882 0.06780375865417382 21094758.159303267 0.11760528147277935 0.12865935214451762 0.11807991443754393 0.1283463042829432 0.08362285625645348 0.0943438684733461
460 726559.0 0.09408966720338677 0.1017294626223774 284415.4046602567 0.06783686798199885 21367944.054731365 0.1178906224531994 0.1289808186089254 0.11807024388132788 0.12835379227088356 0.08363973672223386 0.09433005383075585
470 742337.0 0.10118162338099325 0.11156322969639364 232947.58048004736 0.06785206618758483 21594004.935062237 0.11532887150405928 0.12885588095170922 0.11804489773444285 0.12833759821371696 0.0872482917658147 0.0992508075747394
480 755310.0 0.10123441015994254 0.1120184212657873 233101.54515545265 0.0678545305294952 21825980.665772837 0.11529639214643625 0.128763756260438 0.11798829644334288 0.12834799026776564 0.08730639950826176 0.0997748647567003
490 764461.0 0.10153986751709178 0.11296967064093462 236309.28433347226 0.06785228982588047 22063301.784408007 0.1156260196461807 0.12838986095025967 0.11794611846264327 0.1283559847307319 0.08753735813295901 0.10048014530697437
500 774541.0 0.10155802559861779 0.11298885766016616 236431.72402415785 0.06785013699299575 22300705.20405875 0.11562637135504611 0.12839123250609596 0.11789981506881425 0.1283566713393931 0.08752203798912132 0.10046920656571702
510 786769.0 0.10420972191718185 0.11629560948765269 221945.92946662405 0.06782326270804277 22535914.189940024 0.11548015662660262 0.1290487610801418 0.1178484499777307 0.12836792232882835 0.08901509420299986 0.1031080719241973
520 807439.0 0.10428582110597151 0.11986212206615425 222843.92449634225 0.06780426059786747 22768059.329738047 0.11369735547466385 0.1312922904912134 0.11779272445659389 0.12839390846426446 0.08893737484571583 0.1040121471673266
530 827201.0 0.10430880950094867 0.12009167901254812 222759.75634830017 0.06778596226955053 22999789.229092762 0.11369762662835514 0.13129688950836768 0.11771560332603549 0.12844857829142936 0.08890963259275549 0.1040729551025446
540 846553.0 0.10490762549451887 0.12047975226739373 221027.4648589837 0.06775839096065481 23234576.997184616 0.11369037077430148 0.13117442713208682 0.11764123998486728 0.12849952154028835 0.08906526969783123 0.10422412320172375
550 865768.0 0.10940791912918796 0.12061128973245387 195300.93292022203 0.0677723571237681 23422271.897054695 0.1144085511344799 0.13117659999262327 0.11757864397167479 0.12854809205112203 0.09119334028928491 0.10417113101758693
560 894585.0 0.10941248926522801 0.12067394514332644 195373.99411311618 0.0677858332460704 23610315.113757133 0.11439768782217641 0.13116580357729737 0.11752211671377066 0.1285949267801768 0.09116508184567142 0.10422589569776189
570 903997.0 0.10972231322246483 0.12070626438388192 196591.90828491026 0.06779824241899396 23800197.410632357 0.11438252561628535 0.1311750442125625 0.1174663352293535 0.12863996866618624 0.09121261644123262 0.10424295745176912
580 917906.0 0.11030074207624686 0.12157950655707987 194074.2197443914 0.06780723024456475 23989345.065661404 0.11439238513847298 0.13210478636037654 0.11741337587948383 0.12869004031107037 0.09132021620252617 0.10440014394131407
590 934876.0 0.11033006618607924 0.12167493876513742 194202.2149473418 0.06781591847594987 24178790.345814127 0.11439238513846282 0.13210478636037112 0.11736225928488113 0.12874781943203994 0.09131109583153797 0.10444371815392878
600 953727.0 0.11033474238921262 0.12168816894115679 199144.54470403673 0.06782432184728955 24373447.27486413 0.1144653186682692 0.13209490452800998 0.11731357188791809 0.12880357961710348 0.091283928146699 0.1044648318516416
610 969429.0 0.1105405729105161 0.12518265458537914 199042.18216206282 0.06778872036025486 24592274.83389084 0.11388370456178463 0.13407166276405 0.11726410476943858 0.12886715418391112 0.09140130363995247 0.1058475580143143
620 984640.0 0.11226524397679485 0.1265677955075195 193257.11263039446 0.06779111916386309 24784203.455776893 0.11564917215212667 0.13423991135675445 0.11722154251893209 0.1289497441570001 0.09204298597905437 0.10680848036415293
630 1003987.0 0.11239759036486438 0.12666922691753787 193332.26166736518 0.06779162467134484 24977255.433081724 0.1155731795400823 0.13420759376422414 0.11719590501715342 0.1290332562328985 0.09210963695615318 0.10689473139635086
640 1016759.0 0.11242605645300652 0.12669705627467923 193671.68143283093 0.06779076779502864 25171401.997119877 0.11558465983724034 0.13421327939853078 0.11717066444815498 0.12911402311456543 0.09211501863901783 0.10691646906374008
650 1041425.0 0.11246279713451032 0.12678397947325779 193632.7381767253 0.06778981508065433 25365562.925988954 0.11557585510606531 0.13420704364667008 0.11714621608364884 0.12919216813884046 0.09212570819660916 0.1069724729456219
660 1058191.0 0.11251546468266423 0.12680349758023876 193450.76288852896 0.06778889080551508 25559526.628495324 0.11557585510605167 0.1342070436466579 0.11712245873149164 0.12926803614954877 0.09212738597477738 0.1069879300888691
670 1079102.0 0.1127770377556941 0.1269853201547825 193512.44818696444 0.0677967621448227 25748712.50411161 0.11617034773862561 0.13391295698426306 0.11710738563034497 0.12933770181472573 0.09225375415771143 0.10705166205198442
680 1092799.0 0.11726501676098898 0.12703195922289742 173114.02787176354 0.06780323702619591 25917866.567835793 0.11662711676512752 0.1339148882614771 0.1170956890666832 0.12940491882826521 0.09545098600248346 0.10711656138116926
690 1110656.0 0.1173449413796686 0.1272423688357998 173053.45789484176 0.06781499857939921 26083763.323403507 0.11662872058916936 0.1339006957805223 0.11708891726907061 0.1294700387842035 0.09547261233021555 0.10720208563442507
700 1128175.0 0.11786653303310989 0.12725423392818944 170978.00898997224 0.06783658483372593 26241600.806540214 0.11658890720921267 0.13351312744757593 0.1170819548433093 0.12952937343703166 0.09566555598899916 0.10721384849881518
710 1153163.0 0.1179959330029336 0.1272889925188915 171607.45859838548 0.06785764056331561 26400450.18354465 0.11754010281388942 0.1330840368343733 0.11707647219247497 0.12958481726302606 0.09570627966595081 0.10726449577501872
720 1175817.0 0.11910455221956942 0.12741589955857296 168348.94261711888 0.06788930792136917 26549512.544362053 0.11754492235377388 0.13308452000869703 0.11708300882403005 0.1296333683412396 0.09635179878826644 0.10725062763566527
730 1183281.0 0.11920906287375438 0.1274329085639388 168132.9698262459 0.06792011940488075 26698892.301370744 0.11754697879930859 0.13308517243112536 0.11708933261222186 0.12968058039350638 0.09636565383525411 0.10726338220357234
740 1197123.0 0.12299494982869245 0.12914933945900187 153424.59961355178 0.06798144819382212 26813144.367073 0.11812569125290384 0.13335933171205394 0.11710254219442019 0.1297298496767981 0.09800713489035982 0.10790662818216776
750 1201084.0 0.12315104840246685 0.12923964501531837 152895.67260216465 0.06804116306726504 26927920.284093365 0.11812569125291641 0.13335933171204847 0.11711616601677023 0.1297781783323939 0.0980789009500364 0.10795277247426513
760 1216912.0 0.12491503448542024 0.1323334162348285 147317.12039266783 0.06808147933961474 27048366.26322019 0.1181665329161814 0.13359932356213425 0.11713011245997156 0.12982860962496717 0.09942539706666521 0.11066696793242542
770 1243948.0 0.12496022700431539 0.13244980582804908 148760.59298907456 0.06810091654828827 27184069.15292184 0.11865819841192632 0.13366032196818037 0.11714448650586197 0.12987773842037445 0.09944616227642576 0.11068494056197302
780 1263509.0 0.1302229444604266 0.13252140571489973 131565.78224327974 0.06815996961155942 27273769.353170972 0.11792395781228229 0.13626409005262588 0.11716292809159942 0.12992950487820093 0.10311053502183452 0.1107307338034203
790 1279103.0 0.1333067201714058 0.13494786329661534 124208.0065021674 0.06816793102769017 27391925.571400225 0.11677062113676254 0.13626349768132234 0.1171602745175359 0.1300096056965663 0.10628035044631441 0.11275272032387429
800 1290693.0 0.13341450795685406 0.13500753561438533 124021.70620305481 0.06817569586564487 27510042.529753625 0.11676997773298689 0.1362622342946397 0.1171554033033716 0.13008766938651573 0.10625914291539747 0.11281728445357089
810 1304230.0 0.1334547094476197 0.1350375892251852 124144.0587016085 0.068183271317308 27628431.787632924 0.11676998801957339 0.13626224923008826 0.11715065085561488 0.1301638046256676 0.10627166413938657 0.11289176089964396
820 1320150.0 0.13535731826129152 0.1373605009538973 121234.22755236382 0.0681906642279672 27743974.749895826 0.1163715108415906 0.13554223310517186 0.11714261689123766 0.13023259995730618 0.1062580793652753 0.11318197380763664
830 1332370.0 0.13558819423742913 0.13785662513315064 120699.68432609066 0.06819303770562497 27862836.969627354 0.11635609011579198 0.1350114935642757 0.11713333105960573 0.13029412608984964 0.10633715531480857 0.11361921139827602
840 1357466.0 0.13575281942711548 0.13796402228935378 120868.06738255317 0.06819535533674961 27981912.51801307 0.1163560901157838 0.13501149356426045 0.11712408919344855 0.13035021844983086 0.10634890601318372 0.11363906962657684
850 1375363.0 0.13587497027238654 0.13809658504998146 120563.65371030476 0.06819761906947601 28100723.003530215 0.11635554841916455 0.13501105164611676 0.11711506111061419 0.1304049908031996 0.10641102153884673 0.1137243083311476
860 1383722.0 0.13922101551249683 0.13909754635761082 112772.29129542151 0.06822321476071139 28193260.9941284 0.11630446913157141 0.13499629398381263 0.11710606088967658 0.13045844542092253 0.1086295202338624 0.11461612450151108
870 1398957.0 0.14263078708317753 0.13918057410182472 104962.96650579634 0.06824202721498006 28282733.745099798 0.11535741942612873 0.13361643353368802 0.11708706409592949 0.13049628353164744 0.11155858133285335 0.11466500566635458
880 1418058.0 0.14269279278168442 0.13919846005710315 104884.11104670083 0.06826041691746744 28372486.435401373 0.1153572648589219 0.13361643336468745 0.11706742977379234 0.1305316995344844 0.11155064272536167 0.11467014006822128
890 1427320.0 0.14278959159434798 0.14159160294567036 106284.10617447423 0.06827526314594286 28466624.383621242 0.11570974461413112 0.13213246452473246 0.11705099818461275 0.13055463320486815 0.11158996250530805 0.11554350644463757
900 1442625.0 0.14344248766210999 0.14181478668399486 104993.0494819128 0.06827786721426161 28569457.54006724 0.11569604496621308 0.13201528650897756 0.11703604082295692 0.13057161911493162 0.11233701176949909 0.11579088457509491
910 1457554.0 0.14351683457452993 0.14192460075035382 105061.84764105619 0.0682820085932259 28671089.925185572 0.11569794144919644 0.13203732988546565 0.11702135055427745 0.13058768395401993 0.11233769043792527 0.11579678321431351
920 1464702.0 0.1435781781520124 0.14194124058087565 104974.40444488983 0.06828606091027699 28772707.99262368 0.11569804715226968 0.1320379556110389 0.11700698140623418 0.13060342454581148 0.11231692977213792 0.1157921321053849
930 1482356.0 0.14365638123701358 0.14200379463717064 104825.6603343884 0.06825631927451252 28902779.549195066 0.11517783554364698 0.13203810993477622 0.11698956933224385 0.13061883402857233 0.11236093123264097 0.11580958656937827
940 1497216.0 0.14397307612403024 0.14592751285503908 104303.07465182607 0.06822208897817683 29036364.468176287 0.11329426888290149 0.131567301744592 0.11695860000161609 0.1306242897521716 0.11268999873285135 0.11789403570873905
950 1516605.0 0.14410936115379125 0.14887299065858173 105351.34184944455 0.06814263167287686 29211697.235941134 0.11367938666085622 0.13171543923854592 0.11692411552303539 0.13063576277081176 0.11262642468951761 0.11826580857532351
960 1544563.0 0.14411439668481946 0.14887526391355807 105419.07387206638 0.06805703942476699 29393235.33881417 0.11218959001630514 0.12743481287012784 0.11688570138006256 0.1306336346844247 0.11258503018708003 0.11825164850483388
970 1553227.0 0.14424515018990125 0.1490402430565522 105174.34886854645 0.06797319395723078 29573430.78964329 0.11219079762384514 0.12743597811440577 0.1168373464264424 0.13060070389541048 0.11254185266260543 0.11819871031903041
980 1564322.0 0.1442978931706041 0.14906131748553558 105171.71535474497 0.0678869843808779 29756343.148450628 0.11211099574548485 0.1274139345675243 0.1167893248270053 0.13056826851137857 0.11248239476253422 0.11815461949158078
990 1579139.0 0.14444842069482333 0.14963110611284747 105079.02673932754 0.0677976965536583 29942657.156724945 0.11203082266096293 0.1273102283935741 0.11674139431031402 0.1305353871972488 0.1124702416512429 0.11806698479823659
1000 1589370.0 0.14455056495286728 0.14996600066446733 105174.97041670803 0.0677108535575397 30127192.126463503 0.11203003084846332 0.12732839055968803 0.11669432395363656 0.13050329596468105 0.11247715065757426 0.1182227756298802
1010 1599731.0 0.14747656628219724 0.1511974019281072 99800.26063031079 0.0676393936332594 30293510.567789186 0.11279462519396297 0.12674586522992837 0.11665383505167239 0.1304675438207215 0.11391439770547358 0.11885929864644372
1020 1621814.0 0.14760260981149378 0.15204658775830548 99570.72096979352 0.06756922612601686 30458743.519221272 0.11268574564340109 0.12686670100435885 0.11661517982222484 0.13043203917065496 0.11383059550565841 0.11943590423574242
1030 1629776.0 0.14770400206603698 0.1533082849188318 99477.808489579 0.06750611320031565 30617310.180342294 0.11269053434237114 0.1269842178068148 0.11657710568165501 0.1303983627495537 0.11395810102555284 0.12073433556762132
1040 1648386.0 0.1480529774809365 0.1533499173394708 98921.51644321067 0.06744290291833566 30775836.974379387 0.11275097524834936 0.12693205854603604 0.11654000289449092 0.13036536525451772 0.11406787111965278 0.12069399970466227
1050 1663759.0 0.14868784795935786 0.15458574444200654 97823.73607085797 0.06738273779702822 30930809.371361922 0.11221269778033875 0.12610010922813653 0.11650014644326613 0.13033011914967488 0.11439995307068078 0.12105084899666507
1060 1677145.0 0.14892597902221158 0.1547476680215181 97658.15274808068 0.06732369725742746 31084790.49420405 0.11221400236785764 0.12609997495190017 0.11645975233995587 0.13029024998327324 0.1143975900564155 0.12100461535132835
1070 1688312.0 0.14893426595970755 0.1614743160404568 98799.9338285285 0.06725033039882719 31254280.599288255 0.11166654343696251 0.12444854583265416 0.11641790799246794 0.13024509520076516 0.11435005012812552 0.12511535254327893
1080 1700349.0 0.14903622598202504 0.1615291625729623 98660.61853581238 0.06717830972111868 31422682.241687134 0.11157466353728433 0.12484082584365698 0.11637386882727635 0.13019183054328598 0.1142877273122749 0.12508821938101303
1090 1720165.0 0.1491267932215524 0.1628373479990711 99364.52604771256 0.06709793307314714 31600551.090042554 0.11102919433941155 0.12422840147198032 0.11632638018441903 0.13013885438457753 0.11427244741728626 0.12596458308995817
1100 1734204.0 0.14919923030950352 0.16291507061699914 99249.81377102397 0.06701900465306697 31777302.812868826 0.11102856633614623 0.12422756774399576 0.11627826367781782 0.13008516639235118 0.1142542696666945 0.1259413770712681
1110 1742267.0 0.1493093468125277 0.16302072142617466 99079.74654733465 0.06694148566905965 31952920.00347117 0.11107845770723614 0.12425226251482653 0.1162312177521333 0.13003253176577362 0.11422467266528741 0.12591182988451818
1120 1759505.0 0.14981554127712665 0.1632346440603406 98996.50778311484 0.06690361723016336 32088326.853150275 0.11082225932061666 0.1238049434884215 0.11618287084738853 0.12997695073318988 0.11455036082394027 0.12602523161702392
1130 1770418.0 0.14982077340345887 0.16323492071959206 99002.50472758498 0.06686641314984418 32223180.83620217 0.11068407294070601 0.12545717158687097 0.11613535157095393 0.12992384034914978 0.11450456577338623 0.1259636069340841
1140 1786474.0 0.14984506292166988 0.16697358261557718 98984.3975691851 0.06682558606758382 32361747.30806232 0.11068255252408625 0.1254578525454106 0.11608757107182088 0.12988470704281901 0.1144651308525951 0.12728692937380257
1150 1796722.0 0.15043509666565497 0.16882669147118404 98448.10423763614 0.06680904743772333 32475971.587061025 0.11076294572992168 0.12595307938646308 0.11604112067382442 0.1298492829622714 0.11470249750861101 0.1278250857588066
1160 1812525.0 0.1504478188400912 0.1688315573734095 98437.1951925163 0.06679279151948439 32589931.429713927 0.11076223174950198 0.12595287551523332 0.11599565482406723 0.1298157230224046 0.11465876536224284 0.1277866545269258
1170 1820661.0 0.15093896446414917 0.16982893499703902 97582.02479161088 0.06676981097559467 32709723.56471446 0.10994983961808227 0.12498012113264227 0.11594749411407355 0.1297785819062777 0.11488394711189549 0.1281374573904452
1180 1827100.0 0.1515677332938465 0.1701419851495731 96451.1317119323 0.06676160173460485 32814059.082855638 0.11090444447870958 0.12639880040565712 0.11589832617568349 0.1297403539222046 0.11539277515674232 0.1283471427523742
1190 1846548.0 0.15181904558403586 0.17014960027745063 96139.64913971534 0.0667535293142982 32917968.647231303 0.10925967421725172 0.12637983257627286 0.11584396712884795 0.12971215420206786 0.11534064926936761 0.1283189392160258
1200 1860405.0 0.1522721415214723 0.1701813657989232 95334.83182588352 0.06674559032242637 33020982.425213095 0.10935066105218771 0.12638019194359817 0.11578990425837894 0.12968440848669205 0.11541356727832801 0.1283006999698354
1210 1878813.0 0.15227288597307473 0.1701947430572176 95510.00258881826 0.06672330684941444 33138340.980017003 0.10891201226667446 0.12637943930734977 0.11573419577484424 0.12965711911106478 0.11535885638202201 0.1282686073734397
1220 1903422.0 0.1524411726801632 0.17034981493018292 95275.22664857701 0.066701385709297 33255165.05914863 0.10891053752657913 0.12637814218785692 0.11567830995790516 0.1296302642632089 0.11538512420953333 0.12830175719409548
1230 1912698.0 0.15255886980789612 0.1704750815020148 95110.23077545271 0.06667980647124601 33371534.89025266 0.10891087545717693 0.1263155288768026 0.11562333204852848 0.12960353231973232 0.11537493085758253 0.12836853234757095
1240 1923706.0 0.15263827836604654 0.17071354182270615 95511.76719064388 0.06663370765490235 33513538.51708703 0.10841313087471187 0.12595199397342635 0.1155681214989519 0.12957641861859057 0.11536263874600249 0.12839989071226182
1250 1943972.0 0.15272676866599377 0.17160962134111607 95398.11770322072 0.06660562113745908 33636879.28364555 0.10732097354563619 0.12573806491132436 0.1155091897671741 0.12954710684251644 0.11538234611239068 0.12926091867948172
1260 1952447.0 0.15274787371836118 0.1717510711089265 95411.58949271173 0.06657797692737712 33759837.80030274 0.10732096777217609 0.1257377250021444 0.11544425542284223 0.12951689978427444 0.11534154755124579 0.1293186330150356
1270 1965367.0 0.15276346067736024 0.17176060357781536 95442.97607610589 0.06655076465807767 33882437.6260842 0.1073209423205618 0.12573755116079025 0.11538034279273882 0.12948716550469516 0.11527993901943766 0.12929145956655377
1280 1982317.0 0.15284341717713792 0.17187796089581256 95304.55680442226 0.06652428264625945 34004224.905456625 0.10731919769121902 0.12573811984860117 0.11531741191590124 0.12945788238868225 0.11523942951070998 0.1293390866005296
1290 1996599.0 0.15302384202336153 0.17206192726799993 95060.76728016356 0.06649820805000764 34125437.38167788 0.10731919769120109 0.1257381198485913 0.11525545828131804 0.12942906935583878 0.1152586645488602 0.12942767780422534
