1 1312.0 0.07678483545310398 0.05238218710597819 381811.1057959816 0.07678483545310398 381811.1057959816 0.20137552523945387 0.16584773611408976 0.20137550743026006 0.16584781556523048 0.07678483545310381 0.052382187105977814
10 26382.0 0.07903164290469257 0.053739766050010955 354600.310977252 0.07772275380765559 735748.9247579904 0.2025727197006682 0.16656884073888367 0.20235310653603478 0.16624806373516593 0.07884027485680546 0.05346959381480767
20 42153.0 0.08031162148276705 0.05404845680991196 340886.3426276221 0.07820491774822308 1075879.1509355211 0.2019397392164409 0.16652036792403077 0.20220920683093366 0.16638030450214633 0.07980285621147967 0.05378975108012286
30 53984.0 0.0804050692387386 0.0571766652324791 340617.8043979073 0.07725922999693767 1420287.2612376052 0.19347605425005096 0.16565712568100846 0.20105535544046674 0.16614677352683396 0.07963850090712106 0.056401351378131105
40 81497.0 0.08049676509673649 0.05720440411225465 353558.41289874446 0.07664487886542515 1775315.6759043783 0.1943273424742151 0.16513883458546885 0.19931074855388933 0.1659684690889626 0.07932386331408922 0.05649504449959837
50 101674.0 0.0860701703787041 0.05755603604930122 291336.26743897866 0.07695224551105466 2063286.8205240124 0.19770953402483943 0.16633591605323111 0.19865808809339897 0.16593463447848875 0.08270876814338683 0.056744875818820706
60 119066.0 0.08614520740917277 0.05761511506976151 291601.0151369933 0.07723010862126893 2352006.815763617 0.198290527970296 0.16652910599409762 0.1985835570153715 0.16602639973588232 0.08288279993844389 0.05682342623696657
70 131666.0 0.08947376464628091 0.06142956802118813 261378.76748274517 0.07788333772415965 2603520.169794797 0.19914920415987208 0.16737557191568517 0.19861123954376073 0.16614690431138754 0.08548878919983359 0.060277718459795473
80 153831.0 0.09526205127001848 0.06243948027984128 219616.18221969402 0.07805443767525487 2817839.5974268946 0.19414464413334628 0.17056306051806505 0.19833250839560612 0.16663879469259946 0.0881946310137631 0.06065353666846416
90 169172.0 0.09550235059830216 0.06521268426825168 219173.52394397673 0.07786288582334752 3043578.8464896115 0.19810272240434007 0.17197566638551254 0.19820207587360386 0.16723420405404976 0.0882147892332356 0.062322836298241924
100 186773.0 0.10003207836617685 0.07176914980699421 198214.172659583 0.077680034689555 3249612.091825084 0.2005199825912439 0.17416394338239868 0.19825495437138493 0.1677916745896933 0.09160935043940617 0.06648019515462945
110 202644.0 0.11555023200685223 0.07980203470425504 129284.62091850351 0.07810070727476218 3351190.0395708326 0.19870241514771894 0.1725106065700742 0.19823491015499164 0.1682496638399358 0.10028263700999385 0.0717487701079929
120 209081.0 0.11593620401776539 0.08061411603910586 130071.16489153936 0.07845260568921936 3458650.0772272428 0.1982954859639043 0.17171808427691615 0.19824445545622718 0.16854916364525585 0.10062259192051215 0.07220326234530873
130 222097.0 0.11716174833387089 0.08076507865466662 128666.18782821769 0.07871555898832269 3570372.304354063 0.2030980171599052 0.17193350416293682 0.1984700462234091 0.1687934916916135 0.10127726432970025 0.07225234748374867
140 233014.0 0.11718505016605846 0.08078860396616823 130243.596037228 0.07873594881671532 3699273.4130234444 0.20257933580621085 0.1719226914148828 0.1987614015952354 0.16901502218611064 0.10132956709578687 0.07229491033417006
150 243598.0 0.12283331432778538 0.08104121254705969 113207.3336566403 0.07901539938147512 3792478.126639019 0.20344261882035639 0.17210414516228945 0.19904993462182288 0.16923799681606877 0.10543782521712779 0.07237223148371642
160 264263.0 0.1306149007732701 0.08840169318494975 94844.07727969774 0.07957515021631756 3843846.688315339 0.20478353963481177 0.17670515790702776 0.19939253336915325 0.16959002020151717 0.1084303790624112 0.07518351432136745
170 274821.0 0.13065945200262893 0.08843777107531105 97758.53848859476 0.08007220330692683 3904997.921409611 0.21010988111110124 0.17885103835989022 0.19979874635657463 0.1700178305871616 0.10869369166300807 0.075323658943774
180 307523.0 0.14411358387915907 0.09139007421339809 73006.17221679723 0.08098107681707567 3902141.5425943206 0.2144192781435724 0.17565825343043237 0.2004445054242768 0.170453212568817 0.11206267665367814 0.07607798022575828
190 326450.0 0.1473859979803259 0.09159691988153269 68893.24345756759 0.08183409011282912 3900202.286807927 0.20899188556099701 0.1750086249701196 0.2008818503221655 0.17064671224291816 0.1137974858093273 0.07617737979385808
200 337714.0 0.14862291263519395 0.09827817453307927 67438.62330760661 0.08258561812383165 3906375.1786959083 0.2087849145826353 0.1749633946900677 0.20128402172483723 0.17085637262347295 0.1140260477722675 0.07913934784406808
210 354500.0 0.1487166341177202 0.09832030315738334 67843.5434258432 0.08262443338063177 3970768.3107730495 0.20545228656026626 0.17422080577498253 0.20151037454402115 0.17107408760161621 0.1145023593319296 0.07923261464045507
220 365685.0 0.1531963624669655 0.10943718757472405 62197.2928690346 0.08254065762776781 4040934.895027795 0.20503353643270195 0.1786455436639594 0.20179783958607314 0.17136962273641096 0.11723075183659314 0.08674670540884104
230 385502.0 0.15370880864926284 0.11360965344164672 61684.94603385236 0.08246643865052646 4109735.207474621 0.2024696093595902 0.18216311579948072 0.20187044065552215 0.17170780761006346 0.1176539960067422 0.08974049797992839
240 401178.0 0.15868653581993736 0.1204929660603899 56942.88669893784 0.0823579718936368 4177623.261287192 0.20507344504196864 0.1830179145462157 0.20190951608655425 0.17216150007638809 0.12076991629031321 0.09538653999981458
250 418387.0 0.15921521960869303 0.12100599547527802 57796.09411688851 0.08252441004624715 4219494.9023230625 0.2058443856777686 0.18425159830147586 0.20204235286659444 0.17260768843560131 0.12130959294179357 0.09607022958891001
260 443632.0 0.1601725183916488 0.1299241709656416 57153.32615621782 0.08239986904758168 4289234.589584725 0.2033620145374688 0.18196830319391236 0.2021156956784176 0.1729786280047312 0.1218161402109074 0.10026185352424663
270 467854.0 0.16061562961740938 0.13040532883211273 57167.953664612854 0.0823000671231549 4356513.361793461 0.20290966850101755 0.18136506370329986 0.20214971535364096 0.1732933602569157 0.12210306173362384 0.10025698133418709
280 480631.0 0.1606608587991846 0.13135995205391882 57484.65341866406 0.08218596026267168 4425630.478391306 0.20421712552327786 0.18151437538375778 0.2021832605977542 0.17358271818079316 0.12222674306106117 0.10046497679428308
290 488769.0 0.1608209524439356 0.13157238348840294 57442.28739674995 0.08213803354522896 4487920.087402958 0.20403610029836156 0.1815203769096563 0.20224707726434124 0.17385613390975682 0.12250837735222377 0.10065809556875809
300 514341.0 0.16564049305570855 0.135879389935115 52839.2143100845 0.08220280626230281 4534044.314543266 0.20379667163979037 0.1861443469636996 0.20230200175679994 0.17419005393757464 0.12661268633925232 0.10453268428559813
310 533416.0 0.1659870700390295 0.13666811729226278 52597.35567356127 0.08225394310419558 4581329.730877009 0.20443496972527142 0.18688857650905066 0.20235791892409394 0.17458313709337053 0.1268544507796292 0.1050497419487232
320 542638.0 0.18028539865321488 0.1403257629866318 41470.98033820467 0.08252245902019462 4592778.386932453 0.2046303558191491 0.17402129108471334 0.20242680525228246 0.17456330843461942 0.1342040911023146 0.105341670130679
330 555941.0 0.1803132094702612 0.14033470283099653 41646.39363764601 0.0827665402268953 4607476.618314839 0.2049210234225275 0.17402143541543758 0.2024985112015154 0.174546936124618 0.13426836764493535 0.10534320600609083
340 569417.0 0.18051566764478377 0.1407745194591031 41581.33580439004 0.08294808440618037 4629003.91508241 0.20161844442500704 0.16736910821583478 0.20248766155130876 0.1743627158439559 0.13429141894581173 0.10552129663753977
350 585602.0 0.18156236623038635 0.1457632842780685 41067.05684349705 0.08288016984005628 4677963.739946507 0.2039755402707179 0.16779253470564442 0.2025034989433123 0.17416988161140998 0.13467482350280963 0.10662472033075204
360 607880.0 0.1817360599551215 0.1477350038303242 41521.27295452458 0.08281875771627331 4726604.935790195 0.2042313272340587 0.1704746786628558 0.20254622653863172 0.17403588925412464 0.13467995080838252 0.10717838038704729
370 619700.0 0.1833615140630965 0.15376039178378326 40606.183978045396 0.08276511006236634 4773505.861418404 0.20468339484553677 0.1717641936744804 0.20259670593209542 0.17394520601075653 0.13513779049020755 0.1096079625953816
380 637279.0 0.18366578471516817 0.1570234534479972 40850.90466111258 0.08270783370833233 4821085.631379929 0.20372403419697027 0.17240121267076025 0.20263108135179791 0.17389018479304913 0.1351716519601698 0.11048999477488482
390 657511.0 0.1851686604502502 0.15830855329211815 40013.4374240116 0.08274700003106164 4856548.575559135 0.20349590052964772 0.17031666877224985 0.20265631009787277 0.17381601564971977 0.136135104606633 0.11116546646567005
400 668050.0 0.18593360128832412 0.15842149213621823 39804.89015990054 0.08279007236347637 4891353.1026854245 0.20453390337155142 0.17228539034123128 0.20267836766921896 0.17377336240568717 0.13613503138566047 0.11110208913430109
410 699463.0 0.19287996566807913 0.16038985600867772 35732.60778567221 0.0830004704357855 4902494.333327039 0.20453051943589023 0.17219986320471967 0.20272107915561766 0.17373511077327056 0.13908080764463604 0.11194487738576493
420 713210.0 0.19363342224935157 0.16046660268909327 35726.78828257717 0.08314692237912677 4921017.832110546 0.20611083055305543 0.1746170901778933 0.2027973528374774 0.1737506193504241 0.13945001290318787 0.11191168271499942
430 729058.0 0.19619144748337278 0.16072174578109696 34844.721303732586 0.08308367389728692 4963733.252163597 0.20026946295627673 0.1747746280905291 0.2027658386659799 0.1737733593598313 0.14117961753231204 0.11185046453593661
440 742890.0 0.19704908730671924 0.1630478320631231 34883.50521996652 0.08295456151055448 5015001.701619079 0.20260216757660413 0.17822823511104757 0.20272168294942552 0.17383294986978323 0.14139910588318375 0.11311496532477681
450 768160.0 0.19727504783826127 0.16311395541828472 34849.684365353714 0.0828179927241729 5067353.807672463 0.202805164259726 0.1782209178850567 0.20272107114164065 0.17393032073230902 0.14146620098830012 0.1131580388801284
460 790055.0 0.197849746450017 0.1632551576571545 34664.82843213842 0.08263973152620742 5125346.937643843 0.1964609589485126 0.1781868978437929 0.20269615711683447 0.17402243701857667 0.14137845203097701 0.11321129566266434
470 803207.0 0.20087972355902636 0.16447568910141855 33219.09416934637 0.08247739027872826 5180307.371834594 0.19594641350717748 0.17659956988533843 0.20255702389261462 0.17408652332414473 0.14231934749348857 0.11397457664307
480 814450.0 0.2010179792096276 0.16469082335702245 33823.851979284715 0.08224901924955694 5245317.500259478 0.18981181299500463 0.17612247399289785 0.20230780614476154 0.17413604557399942 0.14227651893696122 0.114036172389103
490 827373.0 0.20146903211603778 0.165371762140766 33715.87661855087 0.08203352454614388 5308794.431099913 0.1898801246488404 0.17678686826247836 0.2020531456164292 0.17418704203347904 0.14217471595589357 0.1143398710602601
500 852452.0 0.20214754530485934 0.1656679696919335 34085.52055669537 0.0818176676400562 5372947.19151454 0.18997352065335948 0.17683618273017845 0.20181142269711966 0.17423979048258348 0.14256930594542566 0.11435877829638229
510 869687.0 0.20263882005400663 0.1661629621192645 33912.78101066222 0.08176234231106075 5414320.107136568 0.1910629039282675 0.17656244954040612 0.20159686597047596 0.17429354763977148 0.14287086643371055 0.11463113301835882
520 902737.0 0.20271837789597075 0.1663696890732091 34373.965879565956 0.08170907843016971 5455850.063650554 0.19014053141818674 0.17656847461804848 0.2013830420997414 0.17433812675248292 0.14281522511805897 0.11461623974034851
530 926331.0 0.20432777078657405 0.16768652577353627 33873.09698004541 0.08167134112633032 5494818.261060131 0.19171408228092898 0.17663429577452675 0.20118235395768355 0.174386562394285 0.1432962719408043 0.11475239275767005
540 946101.0 0.20762531362939657 0.16809719562259864 32510.44609138827 0.08168594556029377 5525349.008533459 0.19408979656269132 0.17663070342660006 0.20104776952094525 0.17442797026612622 0.14494036864776175 0.11488639110688119
550 965123.0 0.20812658054973454 0.17044239824593732 32608.328187908526 0.08166123736670754 5561344.631023153 0.1986661237805888 0.1771321373477401 0.20097698152257562 0.17447628136810686 0.1451437797719304 0.11737023161453454
560 977816.0 0.20838861442273796 0.17816101079238092 32960.94354881111 0.08169788323107224 5589412.029808417 0.20360235741431892 0.17684878228247766 0.20098829018227715 0.1745257835771572 0.14520563099393377 0.1222599120053402
570 990319.0 0.21043208840856711 0.18094035229365313 32336.558403581384 0.08173531429441382 5616713.325367713 0.20960934560488667 0.17454076282647096 0.20107645038935756 0.17454613142874773 0.14642939871763685 0.12380120709398088
580 1009671.0 0.21071597380168586 0.18361468248532226 32269.920113539465 0.08179678614377996 5640801.958613905 0.2096751612035649 0.174485225086955 0.2012238956004562 0.17454568058315797 0.14661248564770968 0.12478552827640813
590 1022392.0 0.2140227155337485 0.18548368768915324 31561.038543192975 0.08170525625941671 5685370.975635977 0.20880161274812054 0.17315836412344654 0.20135956903279 0.17453198203101414 0.14784946946366334 0.12475376989512336
600 1041365.0 0.216228801489973 0.1855787849765077 30664.096253856893 0.0817430274776333 5710822.602232301 0.20886321016240306 0.17305918627461714 0.2014835195277704 0.17450804287871158 0.14846556520231183 0.12472214308335942
610 1064933.0 0.21675581862212406 0.18677941049482338 30588.5155684205 0.08165149542717252 5754663.107297197 0.20688870397679288 0.1729047658412206 0.201593931900389 0.17448307598111182 0.14864477888800592 0.12560783923424318
620 1081004.0 0.2289878351359163 0.19297064909616213 26439.718447843206 0.08159505644341289 5789718.693079828 0.21696440210654372 0.18185372535467906 0.20171351957416658 0.17448675795023424 0.1522777152238847 0.12749352324238356
630 1100911.0 0.2290542991626176 0.19322929840675065 26464.32552314281 0.08154038117789572 5824549.4205327695 0.21680570031663712 0.18081512325638768 0.2019549668500496 0.17460186147644968 0.1523904868593624 0.12766718039548933
640 1116915.0 0.24473222644965237 0.20102719199703004 22087.164252058144 0.08146797301773817 5858516.469353283 0.22229179310445496 0.18607398161850988 0.2022040037947004 0.1747161732028671 0.1555630106994389 0.12920963942894517
650 1129045.0 0.24676164066588943 0.2014312936580105 21628.02110696776 0.0813963645414904 5892012.519587393 0.2218984718426232 0.18604429561227206 0.20250821782766315 0.17488959761062886 0.1563519278177649 0.12951721231006455
660 1140005.0 0.25692395307472604 0.20153854952738132 19531.011297011188 0.08144685434102893 5903159.939069047 0.21877168158365898 0.18616643223400153 0.20281285182073214 0.1750601058107314 0.15999124930366324 0.12968773937646536
670 1168227.0 0.2571409531371611 0.20156388086191115 19536.768220499667 0.08148017971482704 5917154.071166328 0.21934904674017933 0.18616796085792658 0.20305349353959182 0.17522564720811287 0.1602664847663595 0.1297765448413127
680 1189057.0 0.25732940480514566 0.2017543795515906 19522.09601108294 0.08151704663157495 5930560.4546038 0.21938242655023565 0.18613738711473288 0.2032931613686664 0.1753865874927805 0.16045344911671933 0.12996960192099746
690 1213201.0 0.2653697917422003 0.20367143280547043 17986.728539274543 0.0816013907794341 5934423.1115998365 0.218689683530162 0.18591751117518082 0.2035218304153835 0.17555658648353129 0.16241163280377416 0.13083260988799594
700 1229819.0 0.2670760130554507 0.2060806620301413 17816.63609511884 0.08169431813812801 5936743.767899506 0.21827735201135454 0.1834991674175184 0.20374137280304958 0.17569283834556138 0.16299600242223822 0.13144271589997067
710 1245228.0 0.2682917457551493 0.2061552020579816 17722.457514524995 0.0817866883004753 5939115.948066998 0.2193238383668154 0.18340138106210202 0.20394446928299992 0.1758020285209956 0.16312399749746292 0.13152080868253294
720 1260658.0 0.27648899252732545 0.20812374090031444 16460.668902291054 0.0819367099216573 5930621.6262609195 0.22203705267023466 0.18201682477011022 0.2041926755240678 0.1758925489127394 0.16732562409984258 0.13182314234989664
730 1279994.0 0.27733179988678536 0.20999326774539406 16352.720727327145 0.08207699824681501 5923722.186856733 0.22023010183211592 0.18162418382207082 0.20441595319149142 0.17597035364813998 0.16769441359448806 0.13309835408883192
740 1289498.0 0.28022352177254994 0.21474942552225368 16243.844633132794 0.08213036633500473 5930961.447787518 0.22494716012469507 0.18147526470506942 0.20467287711256388 0.17605489665499488 0.16893170418412473 0.13760417313579448
750 1302231.0 0.2806425045701356 0.21589545843511004 16252.886378412091 0.08217245208134277 5940113.756105371 0.22322823051538493 0.18120763754199318 0.2049382155509522 0.17612831027827158 0.1692041491742323 0.13817841925939267
760 1317721.0 0.2808390462495238 0.21650446612597574 16335.291292934573 0.0822097925823563 5950164.268161585 0.2231261080249248 0.1815258649358194 0.20517726068431977 0.17619777223827143 0.16940655562895837 0.13835476461559112
770 1329604.0 0.28396114127695077 0.2192048059216069 15829.173953610909 0.08226834601144296 5956130.68784146 0.22288958372389384 0.1816381461708705 0.2054069272939715 0.17626489317996377 0.17061014184522813 0.1384958910767179
780 1348940.0 0.2844905333627901 0.2202482905742023 15764.604026741434 0.0823113398450346 5964636.722156982 0.22198414528481694 0.18202192056977615 0.20561942211841708 0.17633863901950828 0.17095887835573434 0.13892646560180077
790 1362474.0 0.28488287497090453 0.22348657389659987 15918.081958192754 0.0823558984858716 5973073.705931548 0.22300546193187912 0.18179951092033303 0.20584347046036275 0.17641384907783894 0.1710344316178011 0.13902510439699264
800 1378603.0 0.2982801394915524 0.22647833463663494 14115.382164123283 0.08258716399373336 5949219.056478298 0.22392879049522127 0.18073586397343203 0.2060879268254021 0.17646339117060178 0.17517616338748668 0.1398065265946596
810 1396419.0 0.29853816500860353 0.2277503131935762 14130.141504114597 0.08281278887945215 5926715.140248392 0.22388790551534235 0.1807190389161738 0.20630790988204004 0.17651589988832542 0.17530927473827349 0.1404212161722086
820 1409854.0 0.3001960074547064 0.229241236739722 14066.919177433605 0.08303070855022542 5905695.376793443 0.22343746242188156 0.18074416206745983 0.2065191292604579 0.17656793762596718 0.17612673233748732 0.1416752656910057
830 1423586.0 0.3003691999021253 0.23081447596645163 14067.983343310756 0.08324314789050924 5885901.168778607 0.2233741320939869 0.18096689205399977 0.20672364204934324 0.1766204410128685 0.1763702403080083 0.14279608522863896
840 1442529.0 0.30166586901428116 0.2314425786279619 13959.447473520358 0.08344464219729553 5867916.710941992 0.22059909748548015 0.18095888040810754 0.2069197773674176 0.17667210762524999 0.17644969579702993 0.14293724345591605
850 1474760.0 0.30229623222420804 0.2320885239406035 13922.54177370627 0.08362994288493829 5852600.280356334 0.22062090418500493 0.180924761271528 0.20708065842751197 0.17672169621534448 0.1767947962976784 0.1432238610979826
860 1497297.0 0.3025382114762492 0.2322946659358302 13954.362209966483 0.08366647130368435 5860577.845047753 0.21710510008236908 0.18223056643163357 0.20717609901721223 0.17678088875720954 0.1769467621368843 0.14328998578089386
870 1509653.0 0.30424238641629064 0.24590528090704328 13747.850386624048 0.083708473757535 5867450.175963458 0.21663712446809938 0.18723137312365984 0.20728635242141905 0.17685050617607884 0.17828323432759155 0.15124442880135486
880 1526423.0 0.30489429210600544 0.25762722476113276 13742.417315585697 0.08369821546078975 5882894.588326665 0.21541713911815183 0.18455201618885364 0.2073827051620253 0.17694774664483554 0.17835617913180957 0.15407296966674308
890 1546620.0 0.3068495899319792 0.25787483988307663 13631.05475978039 0.08367540056128643 5900334.935322318 0.2153831245438911 0.18451299294719548 0.20747417126606424 0.1770330696926644 0.17862479553456911 0.15411063758413246
900 1559906.0 0.30707883341148684 0.2611223788117653 13730.228501177777 0.08366628983359424 5915579.057633684 0.2138824790513811 0.1838271346069896 0.2075541368058941 0.17711257692744445 0.17855969305457758 0.15619387790568637
910 1578791.0 0.3091382829371117 0.26132968257132494 13805.390250696439 0.08368007668715144 5927112.376326 0.21143831748402486 0.1797033709047512 0.20760331626591857 0.177168226388932 0.1803870658758466 0.15631784391909442
920 1594122.0 0.3094842617312011 0.27269462312166703 13811.321781859071 0.08369855911422527 5937885.126006623 0.2109708121652504 0.1796434736677159 0.20764158386272805 0.1772111394660027 0.18053050909014376 0.15888248954740422
930 1608510.0 0.30950658035283224 0.2728718521933373 13872.952875997069 0.08371410341029377 5949205.840727199 0.21072004923009968 0.17671686004441803 0.20767684218422292 0.17723111096649977 0.18052789583222714 0.15902958489110774
940 1618358.0 0.30967809117653755 0.2770585235203167 13864.654170829406 0.08372917147367602 5960597.711851322 0.21069950994557995 0.17607140696753784 0.20770885387762758 0.1772214979795394 0.18049662141110562 0.1594744505810289
950 1630476.0 0.30981255157401544 0.2782919240137203 13858.83248543137 0.08372155666191951 5975715.12918669 0.2106903234409791 0.17657036412204666 0.20774018617677836 0.17721183354826095 0.18052547539847003 0.1601736979096119
960 1649360.0 0.31110602733138015 0.2783801116208787 13826.061000223452 0.08371409289868889 5990776.052600209 0.210852149101143 0.17665789239073465 0.2077708651298204 0.1772051546390364 0.18040578518492603 0.16016979806285636
970 1667608.0 0.3115416498188017 0.2983718725409474 13792.3715747616 0.08370753530508611 6005654.206567838 0.21072604457114713 0.18379034539123817 0.2078015808834015 0.1772189983401495 0.180582634122294 0.16614490340754928
980 1690842.0 0.32960347238431226 0.30126047286799246 11645.923223979908 0.08368977468390978 6020383.780083269 0.21162109203982132 0.18435305155637371 0.2078380904559828 0.1772900266161855 0.18528989266231058 0.16826970438971023
990 1703025.0 0.35405015178152033 0.30161645344282806 9427.455384854453 0.08372311182990011 6023836.829061737 0.21183464954906245 0.18441396503915378 0.20787465316606665 0.17735768248706177 0.19152159659239815 0.16837184932249236
1000 1717030.0 0.36370904719967717 0.30355073564670415 8730.641639598301 0.08376218356258762 6025486.475416901 0.2211078877538392 0.183912033019395 0.20799756685081072 0.1774327998433385 0.19353421298029308 0.16934571950944552
1010 1732212.0 0.3683706823985682 0.3069234140008041 8472.301989304846 0.0836567710755552 6053731.012796186 0.21771909227216177 0.18316406004222385 0.2081071121020194 0.17749492494975783 0.19475845844171658 0.17046364176660322
1020 1753051.0 0.37026782204549913 0.308251450289748 8360.055983111171 0.08347976973758903 6096004.897857228 0.2146708835880861 0.18310795887199846 0.2081926369447052 0.1775512583445351 0.1953614452779482 0.1711550020292172
1030 1766602.0 0.37350419650233974 0.30922110393023344 8168.229399839738 0.08329348749638614 6140358.280530319 0.215155277487441 0.1775641799510542 0.20825851700622752 0.1775780249838886 0.19528458561265818 0.17121323127012078
1040 1780000.0 0.3742035912572744 0.31195224065226546 8166.226018015955 0.08312099327495615 6182267.013063166 0.21557401946465032 0.17773167828683983 0.20832843480689375 0.17758307219489247 0.195491170493112 0.1719242737128208
1050 1794322.0 0.37587404465244484 0.3125044575064652 8068.272750812417 0.08296768112338085 6220527.652362195 0.21604009274953864 0.17663568353042178 0.20840068497028444 0.17757973046335968 0.19656360214516364 0.1721072682486044
1060 1805006.0 0.3760150329964278 0.31945232944656543 8115.447716764544 0.0828295677174215 6255955.825663803 0.21594062505800685 0.17361635250575735 0.20847202593248537 0.177551847567458 0.19666702589872317 0.1731811707632079
1070 1824711.0 0.37689110591918257 0.3255717311886569 8094.574901406439 0.0826836501154322 6293168.483336325 0.2178785863724059 0.17789592115478875 0.20855098997334817 0.1775312775071122 0.19673646442781953 0.17283626567919888
1080 1836966.0 0.3791589052064646 0.32582539789428044 7959.870631991457 0.0826054763674174 6316662.823104041 0.21684028253468765 0.1785752798147972 0.20861501305396613 0.17753736584933075 0.19808061622010473 0.17295896120779802
1090 1844371.0 0.3801176498477404 0.3259167784493176 7973.608900745841 0.08252860490511954 6339966.013976254 0.21628840531317628 0.17835952700362687 0.20868628085274293 0.1775439360659913 0.198403008130934 0.17293025783352847
1100 1852383.0 0.380338869109241 0.32623249743650595 7976.082828925458 0.0824520301933691 6363271.938923727 0.21629424922610796 0.17836100714280767 0.20875534902994775 0.17755135212934803 0.19854207283846348 0.17300126407931662
1110 1867350.0 0.3843130230744791 0.3272353331568405 7779.962049763149 0.08243708289232564 6374025.633779976 0.21884026365588144 0.17789536284369573 0.20884299262448852 0.17755471278379284 0.20045711378269152 0.1734028444636528
1120 1887654.0 0.38579240719487473 0.32765436026110334 7708.040079304398 0.08242544781275854 6384051.773781964 0.21913313561773917 0.17799570820914518 0.20893312916704398 0.17755896714307864 0.20065682477400518 0.17345109735851427
1130 1902896.0 0.3870355611274018 0.3304996748527727 7663.484479201992 0.08235833994155152 6405275.656513929 0.21903044623516035 0.17656239005733457 0.20902196230858192 0.17755132110690494 0.20146644866000038 0.17455970774362897
1140 1923484.0 0.39442136859227633 0.3315309242680551 7260.9709215436105 0.08233520566325317 6417217.659563086 0.22000250100293559 0.17564048806249866 0.2091212880673404 0.17754099652414598 0.204352210443506 0.17508237298804202
1150 1936158.0 0.3951453664364228 0.3324360375527988 7282.568853685757 0.08231220632411655 6429157.354531724 0.21846482795742092 0.17144586958273128 0.20920716288813884 0.17749960830098635 0.2047394248605815 0.17511112599738887
1160 1956983.0 0.3956527815594194 0.33910576710451257 7284.898096975046 0.08228577591953884 6441804.4655309245 0.21394581694730122 0.1676686445007287 0.2092515090652518 0.17740666207462866 0.20482284902582226 0.17695836146630475
1170 1969780.0 0.3992077497924116 0.3393839803625406 7197.036444786352 0.08231167358831513 6443795.5336692855 0.21543132835666576 0.16756731500713518 0.20930358581771924 0.17732307699044803 0.20537852079919172 0.17690658668620815
1180 1978140.0 0.40039239260569803 0.3398801891321056 7143.831648401471 0.08235877718822018 6441521.606500642 0.2147464555615665 0.168233570145679 0.20935266260307386 0.17724453215082114 0.20602940529527414 0.17721720460021492
