1 4079.0 0.21851011578352822 0.16765900485690235 14939.855596965806 0.21851011578352822 14939.855596965806 0.5282024019543947 0.42834376114459566 0.5306495660293061 0.4319487585112738 0.21851011578352797 0.16765900485690166
10 22021.0 0.22062202721179208 0.16844130466217236 14566.940710153393 0.21900002576377986 29504.760491936642 0.5354691802747787 0.4293387859921793 0.5293274886365015 0.4291558495977879 0.21974814829208636 0.16790424317275227
20 43156.0 0.2360706436389697 0.17522049371911272 12005.315500051986 0.22294677731174453 41292.92768056557 0.5420497475891777 0.4314176449780417 0.5346077608445624 0.429897763592855 0.22891045056362125 0.17020043875423052
30 60731.0 0.25934516761044263 0.18799750388148662 9108.806970673728 0.22931968711746364 49532.43072609884 0.5478478877688654 0.4306245022864833 0.5364271992560509 0.4301844319973623 0.24020250963705922 0.17864994490534156
40 77894.0 0.26531515776321496 0.18883792234650223 8621.421146058485 0.23369711654111008 57513.715059173155 0.5532065464529906 0.42675574931965676 0.5398667565763772 0.43006174216738835 0.24790300213377664 0.17995480964251306
50 96730.0 0.26572789600557484 0.18903575879704754 8587.93818310021 0.23552270380255466 65815.93753960625 0.5491015238252047 0.4341297198076572 0.5417099450774409 0.4304585514273463 0.2505243757870744 0.18059116137189835
60 110566.0 0.265876328683875 0.18907501409698657 8961.26060709741 0.23539858891928533 74796.13504051868 0.5486380323070494 0.4340713586220407 0.542847096885279 0.4310511154317084 0.25186906559642347 0.18092767310258384
70 126223.0 0.26588915889684106 0.18908992423455534 8985.832439926253 0.23530550275683335 83795.9924644133 0.5509678669357894 0.43413087981509785 0.5436962269708842 0.4314752781263495 0.2527369940752612 0.18115252019027825
80 142287.0 0.2706796913316438 0.2030632248777181 9208.479724972609 0.23542599644808082 92989.94195016299 0.5538305108915831 0.4270138076885582 0.5450078754107385 0.43083220726146415 0.25601807988910635 0.18760232103566749
90 153891.0 0.27682148956426894 0.20504815087104858 8975.456095427178 0.23623735479018357 101871.8234254584 0.5561225634845243 0.42631998499675866 0.5461991237325836 0.43031161384958294 0.26079809359667705 0.1887401688260535
100 165539.0 0.2772936118928372 0.20575623758399686 9088.689457507282 0.23687446358452569 110896.40066097025 0.5572006261754908 0.4261423558063071 0.5471885482081358 0.42991288437754077 0.2615399808531897 0.18943422842406707
110 187845.0 0.28494272865029013 0.2077176268452506 8408.39964780631 0.2365340583631875 119388.49633640713 0.550309168048268 0.42600894745395307 0.5480007158737906 0.4294989403559687 0.26776163079251514 0.19120809793930485
120 204418.0 0.2884975211247655 0.22340964075302286 8189.094283081902 0.23567603252446553 127849.99233554512 0.5455489730329208 0.4253760316023342 0.5479014850567935 0.4292257055712961 0.26857035137515256 0.19912328547474636
130 222948.0 0.2960767688960753 0.2282284201994584 7715.227502799705 0.23514884507362782 135765.80519579392 0.5482791285143834 0.42538373171700095 0.5478312735556103 0.4289692959844707 0.27210044875572925 0.20309518720554637
140 241338.0 0.29817191483803307 0.231515210019568 7612.839293082898 0.2337270195882821 144064.26157230893 0.5427392783414562 0.42503506791484097 0.5477247962453461 0.42871323239851183 0.27293508284995216 0.20511980991554832
150 259845.0 0.3019048189451281 0.23193440162634196 7426.364293737306 0.23245110164996455 152166.31444144985 0.544262353882846 0.4274430475607383 0.5474682554046479 0.4285732451784534 0.2743148447754336 0.20564803781824778
160 281532.0 0.3053318510643429 0.23888338951066534 7236.599589532552 0.2309736914203101 160309.5333679563 0.5402178172240073 0.4266649991977885 0.5472526328842655 0.4284999900127076 0.2758321001970458 0.2109556010649182
170 292542.0 0.30535396207346177 0.23891375203066034 7282.138694474841 0.22953724553721144 168503.9638819145 0.5415970576510741 0.4265727753194325 0.5468620440406072 0.4283913584663937 0.27496169127114733 0.21104662217774756
180 310250.0 0.30621289664785034 0.2404496046808858 7322.072428531456 0.22806676504829176 176807.6351337971 0.5392714516725151 0.42983310910701206 0.5464502965247223 0.42847054919728006 0.27443422978313253 0.21139101889837747
190 326517.0 0.3069694375637653 0.24164779306410275 7305.834401161108 0.22682663098727018 184952.3499042808 0.5414191730294229 0.43429436173785146 0.5461862001053943 0.4287756130871449 0.27408733259396506 0.21139734126353496
200 333088.0 0.313719594198477 0.2599336564835338 7121.79258582643 0.22563238875677333 192965.2672838428 0.5454518110825862 0.4566411025362543 0.5461160305726235 0.4300366945837378 0.2757225891199839 0.21565480010815727
210 343378.0 0.3418769397030668 0.2746189457799104 5500.678451625308 0.22576270013225927 198337.38740605395 0.551352502402137 0.456891529789314 0.5463576766129091 0.43139281674180074 0.29548709121805894 0.22428707177123705
220 367677.0 0.34382883758146354 0.28532417884894956 5636.229350285455 0.22568384660648216 204050.66473755785 0.5525130078208663 0.45764207879962143 0.5466285456916602 0.4325746906503221 0.2961081228471827 0.22915183962664523
230 384686.0 0.3452050496258996 0.2940432738561023 5614.848974350222 0.22560914547766134 209739.09379684503 0.5521386238200943 0.45941272977948794 0.5468290144320753 0.43369052318427465 0.2966664234123937 0.23410204555447553
240 401575.0 0.35136989955012704 0.2967572568269462 5335.970078804282 0.22547243437447625 215223.5095405122 0.5459788408330364 0.4571896608054636 0.5469725936020824 0.4347295449296765 0.30057495928588945 0.23748906324748145
250 416067.0 0.37616022989646686 0.3004553164781124 4438.79272208672 0.2255790599631434 219519.74972560044 0.5463505317308239 0.4584392509294543 0.5469799572282883 0.435648844797545 0.30911826642107126 0.2391981225617572
260 431788.0 0.37681114494048784 0.3014796356932506 4429.359766841685 0.22526328605755286 224395.66795952752 0.5445225134353046 0.4575080896862353 0.5469411306378317 0.4365157898237585 0.3092017859149298 0.23992080925742576
270 450488.0 0.38405785119519914 0.30474223558128005 4207.920310819212 0.22503554205140194 228941.79299587593 0.5495177729015517 0.4553845563939419 0.5469736028693704 0.4372491389861889 0.3112791684345423 0.2426959183857399
280 463147.0 0.39303950139132626 0.3069360560186556 3971.9802278870657 0.22498283977881356 232995.15333497993 0.5470702941917568 0.4469291449160784 0.5470684443431136 0.43784793982825193 0.31623622670880286 0.24401532406913695
290 485132.0 0.39671515976702515 0.31573636168534025 3916.6385355952557 0.22537408606433856 236334.7031945382 0.5515352104898286 0.45185600933783554 0.5471933032433626 0.4382509183108507 0.31668508721666827 0.24695697525134158
300 502091.0 0.4003318685674909 0.31756098194163906 3835.9572950101383 0.22549396823840326 239984.6578191566 0.5514683950320154 0.451750061651805 0.5473329324810776 0.4386900606654477 0.31915753325919255 0.2483529656358026
310 523767.0 0.4145654003812707 0.3198000502087464 3485.301318711251 0.22597961186179072 242686.48700008247 0.5388763632631377 0.45155293207227376 0.5473358869654374 0.4391104083000444 0.32523387558396755 0.24991725652569888
320 538968.0 0.4175042318467163 0.33429556374352226 3424.55562591916 0.22603069775221438 246023.38410995816 0.5324081642207249 0.44448872035727477 0.5469622889876067 0.43931332174134674 0.32683037217677197 0.25905046477994065
330 558674.0 0.41780824164731006 0.3343723516451641 3439.4980724330944 0.22607875113087236 249380.8178086845 0.5321338761848273 0.4437678575963266 0.5465197107744768 0.43946587016921357 0.3265988673992678 0.2593912690000813
340 581495.0 0.420917575185071 0.3417937952110341 3408.8918344742 0.22605453101531495 252831.7641813301 0.5340885690650434 0.4228643241353027 0.5460697448494297 0.4391844681089205 0.32896828996876076 0.2638165387533585
350 594608.0 0.4217263753000542 0.34539763930698536 3427.3163675131364 0.22600333632972017 256347.9321225776 0.536727359779135 0.4205179769988457 0.5457848727440685 0.4386966893106114 0.3293195714922277 0.26600938488519055
360 611671.0 0.4326880078406935 0.34783646339468727 3186.5267498124467 0.22552871031137983 260461.9177627855 0.5350874261479052 0.4221456150446862 0.5454765966235765 0.438236830097149 0.33493716147419644 0.2667670856465031
370 632332.0 0.435389564847679 0.34948256370522307 3264.99400356591 0.22479803566068388 265193.1644803103 0.5286084223045325 0.41922613918528717 0.5451226411267799 0.4377570428785298 0.33629683929026444 0.2676951985133835
380 656921.0 0.4525346091741177 0.35061651814166256 2954.2230558185884 0.22443008352929356 268915.8797654406 0.5417789581048879 0.4170134105258917 0.545014703300973 0.4372463209513202 0.34092817101032025 0.268056538531377
390 670950.0 0.47470544132113224 0.3610422857461759 2630.3001640963444 0.22414431981919775 272186.89485203946 0.5505478053251095 0.41767391217875116 0.5450671838271446 0.4367022466647737 0.3471029290445647 0.273477018481808
400 694095.0 0.4748094273377035 0.36121699529040213 2631.540914879988 0.22387249580227736 275430.7525270028 0.5494271763044994 0.4178653860642699 0.5452011409081525 0.4362285272781146 0.3470763342472614 0.27326471696732096
410 711276.0 0.4824342068057281 0.3714324674310059 2542.0917294448277 0.2233183046946853 279294.5996686458 0.5255858126610059 0.41439850784887833 0.5448244348177561 0.43576006601392 0.34974050493732034 0.2811997872156548
420 729143.0 0.49907757801142016 0.3812110679062496 2320.05251307874 0.22294277022085082 282546.668041842 0.534072174620797 0.4195018335601284 0.5444455541079751 0.43530437221579477 0.3519513519650937 0.2830710918567613
430 761632.0 0.5081243592951277 0.38238765956110093 2198.991441446639 0.2228269967796078 285035.22924964357 0.531611737407312 0.4202154668993521 0.5441883749149808 0.43494264249929915 0.35921350932637297 0.28286548773716214
440 793132.0 0.5117422762962018 0.3926705350499852 2207.7229727372637 0.22233114232694381 288533.10329505766 0.5144157014460956 0.41941871039538847 0.5435953617036119 0.4345896889414891 0.3591408618536968 0.2843875099630511
450 808338.0 0.5334568643064077 0.3939094871855635 1977.073884081379 0.22178100281772564 292032.9702044315 0.5332951654293688 0.41442526676373054 0.5431922092785241 0.4342117347202284 0.3654263913259208 0.2844432054839219
460 818902.0 0.5381539111734933 0.3993003283248269 1927.8451333832572 0.22126399731267746 295418.58523502934 0.5343196835395473 0.4198438572371322 0.5429948309526046 0.43386515869120257 0.3663790917459711 0.286550409682266
470 832117.0 0.5436056764260713 0.4114889928792941 1876.614283327905 0.22078242373438486 298677.74159842386 0.532879651891461 0.41986630846483775 0.5427915411034797 0.4335724198652746 0.36996113162239874 0.2957698247278896
480 855785.0 0.5457878202587267 0.41490265793681536 1894.7396281746655 0.22033180611524092 301870.9749623697 0.5312395895276477 0.41117369506548856 0.5425425565063673 0.4331458057404322 0.37182286569277834 0.297547304265905
490 874955.0 0.5508963960102289 0.41693066921084015 1843.844523922062 0.21971227740788582 305564.55991234275 0.5333234961670574 0.41287978924456487 0.5423573014907814 0.43272197088416725 0.3721580633481626 0.29829294802279455
500 892394.0 0.5627989753382655 0.4354520855915659 1745.2270350244123 0.2190778432871969 309268.34786469524 0.5346172598294187 0.41201344082339786 0.542188621292467 0.4323223818108923 0.37575242247132 0.304755256816222
510 911508.0 0.571407742868134 0.4492269865992231 1682.7775299066902 0.218683663211923 312173.4036717627 0.5338300545608475 0.4131341559978757 0.5420478921353813 0.4319486899081312 0.3797694534189136 0.30958470635711727
520 925151.0 0.5821371458935976 0.45245104879078474 1595.1178565235505 0.21830875747152304 314959.83890506695 0.5235134757210023 0.4134143816563359 0.5416766150978398 0.43158880249321674 0.38276450125752504 0.3102898307309369
530 947879.0 0.5877071194405759 0.45375041933678495 1578.5420407277807 0.21792860697458127 317760.56004856183 0.5376489441733053 0.4058188270197735 0.5414084259346251 0.4311876010314452 0.3830227850468833 0.3101680031436484
540 966947.0 0.5936963395214923 0.45646016990452404 1532.6099101015543 0.21751510278578853 320649.8917727416 0.5437260797376746 0.4012255214061375 0.5413958161688441 0.4306942686598769 0.38368028020289613 0.31021471813277907
550 981858.0 0.5973647004626311 0.45703141178797474 1508.34127972886 0.21716042638400282 323331.88723277074 0.5439904793650404 0.4011647112534195 0.5414396965143521 0.4301592618374082 0.3854960048159065 0.3099381401725635
560 1004958.0 0.6116248232618273 0.4709669288762616 1408.8795237225554 0.21678639047075154 326015.64991704054 0.5556497959747605 0.40132133246758833 0.5415977309206836 0.4296618293360886 0.3925398436625972 0.3137140564588658
570 1023607.0 0.6169878846816449 0.4736247576575267 1390.0533581165796 0.21647050626683983 328489.6293455147 0.551497567905618 0.4022390168817039 0.5417821903860063 0.42918095819801383 0.39617674714378803 0.31551088343657263
580 1034241.0 0.6304964454988334 0.48551388050522304 1310.0032936118685 0.21573565143887552 332466.3400974029 0.5480569511567399 0.40183457665943445 0.5419507224494018 0.4287204815978233 0.4025988758667419 0.31852024767660636
590 1050285.0 0.631566651289408 0.4876164114343027 1306.358629103596 0.21500868334755271 336451.6410214846 0.5460230031898464 0.40441265133174087 0.5420461873033124 0.42829155273079195 0.402747802760889 0.3184376066970623
600 1064566.0 0.6381854758541947 0.49150114361207387 1271.082744976261 0.2142752124554779 340485.6891863587 0.5464129014947275 0.4049703624466689 0.5421133441619221 0.42789922267157565 0.406102143396846 0.31871295510874054
610 1086939.0 0.6404144931297076 0.49210528962927447 1264.2293733836618 0.21359237909790788 344354.94629453646 0.5385354955626528 0.3998803737635141 0.5421169456259898 0.4274599687005929 0.40611590486763804 0.31874681643308206
620 1105239.0 0.6453841565586669 0.5013999356505459 1239.9697174533237 0.21321706131676504 347018.48925227043 0.5426660275163249 0.4007802216761193 0.5421120195603237 0.42702544197743475 0.40672403229302423 0.3229813776597964
630 1111923.0 0.646166954418618 0.5029244948787783 1239.7042316825498 0.2128965596511348 349477.84121670364 0.5441403126979503 0.3971089659398606 0.5421414338166185 0.42656315161754393 0.40693787441954465 0.32284905518466567
640 1128255.0 0.6587272931796305 0.5174985264707985 1180.137158668072 0.21269571259980388 351429.2410116121 0.53899683426419 0.39867576359223905 0.5421402153305092 0.4261154923028749 0.41307928648288417 0.3323417762720403
650 1153593.0 0.6598274286032809 0.5181552202233785 1178.2600318817563 0.2124919304315164 353393.86259838333 0.5388458755536275 0.39592849229832905 0.5420905866257975 0.4256690589874272 0.413325088966493 0.33196276998299645
660 1179190.0 0.670155301152869 0.5185220465315488 1139.9518360763213 0.21223828906506909 355529.301429441 0.5346953744680563 0.3953504749747847 0.5420265008176353 0.4252145627575681 0.41544515233446555 0.3316095063453406
670 1198462.0 0.6714192886416716 0.5196576809512166 1139.2804667840107 0.2119847845964176 357668.9651092821 0.5239225320856173 0.39316972677603823 0.5418209743848835 0.4247515763363653 0.4162660629212206 0.33214096884936917
680 1210989.0 0.691151233617606 0.5203184116420867 1051.8837962588452 0.2117308898869245 359747.4334347432 0.5382083539896692 0.39459939145135026 0.5416512778437081 0.42429353523166125 0.4289407730838 0.331799405325787
690 1233939.0 0.6960280811245683 0.5244369692632116 1042.393488315614 0.21142628847492556 362035.6528515439 0.5344790603812415 0.3979111191968191 0.5415622870561452 0.4239052926628473 0.4303436352553909 0.33331467052342717
700 1250401.0 0.7020914245691391 0.5263753804382747 1025.9250106473464 0.21111189230172483 364361.22758512927 0.5413258344104901 0.3992690273698919 0.5415321078550323 0.4235537855979437 0.43256712696450866 0.3330290360147284
710 1266048.0 0.728121452411485 0.5290544158731494 923.606947844058 0.21090998656720839 366136.063520405 0.5592842380319385 0.4000111641576658 0.541741328510072 0.42321880382315774 0.44769576819501367 0.33423112605412525
720 1292976.0 0.7447342982612184 0.5446595954908283 872.0516770339735 0.21079601796757447 367492.90376037935 0.5669517775182795 0.40567149654705825 0.5420379972850444 0.4229134354572901 0.4530734869180265 0.33935846334908926
730 1305206.0 0.7543130996462605 0.549012622391929 843.2482479120141 0.21068207937924952 368825.14855686395 0.5639474078502912 0.4061301791419543 0.5423609590240923 0.4226807280092976 0.45525987349127317 0.3403103064248353
740 1313994.0 0.7605633672038437 0.5626512911450623 828.886748360892 0.2105810929320918 370089.46141400764 0.5639258520618055 0.4090977910529708 0.5426615396034153 0.42248562509945725 0.45772064620060293 0.3459976314882609
750 1337840.0 0.7648875460130139 0.5671212548223735 817.975021114155 0.21052384591024198 371154.5853752582 0.5595797226641721 0.4048255790845127 0.5428933272168115 0.4222619096982215 0.45868358289558836 0.34812121856914774
760 1353935.0 0.7692960197740955 0.5692282044387998 807.7103465611634 0.21048472601488702 372131.55994694296 0.5601614046506302 0.4042610161549799 0.5431173292068873 0.4220266257005055 0.46008883997075367 0.34830456846219704
770 1367418.0 0.7747603300006466 0.5703658562595286 794.0956177549766 0.2104470779711127 373089.2026115328 0.5560058552256636 0.4118856008503668 0.5432762004887807 0.42190097830553996 0.4634237187371526 0.3484239261756167
780 1386045.0 0.7936307226504978 0.5727708202192711 743.8457392258852 0.21040030107606553 374039.06100655947 0.5665020644823736 0.4054087921193362 0.543509890476834 0.4217256837366546 0.46271392729721045 0.34924584076520837
790 1407442.0 0.7943023606416334 0.5744441415240317 744.3094318939259 0.21040897578147852 374745.29569592467 0.5670652743898701 0.41110353526171367 0.5438105066894366 0.4215702089524119 0.4628378703711901 0.3500585526527094
800 1424497.0 0.8232556629777679 0.5792155312686034 674.512171621471 0.21051394512609384 374954.23177955253 0.575263012753591 0.4092013321935649 0.5441879056872073 0.4214182452608701 0.47311989566828605 0.3511865183177929
810 1448592.0 0.8272752867584023 0.5797585049462893 666.4097829730442 0.21071876565708497 374718.9272020517 0.5740371528516461 0.41171987891026085 0.5445654474201553 0.42127315302003004 0.47653661457680174 0.35103003706583114
820 1463884.0 0.8386603876375984 0.5910220106538895 640.2202357944202 0.2109145121806172 374494.0851119166 0.5833841240633934 0.4144944406170456 0.544975199633492 0.4211724631532615 0.4773907610956941 0.3549889679118444
830 1475973.0 0.842493771498643 0.5966998327021475 636.571064779104 0.21112530113574723 374202.9358555429 0.5811386725817066 0.41463511079393034 0.5454226062375135 0.42109261511072726 0.47768270954327124 0.356242791058998
840 1484821.0 0.8578783519885635 0.6002798327387695 603.767290306171 0.2113587872705016 373775.5327729402 0.5751884115703231 0.4048429381786118 0.5458129992130601 0.42094937528892346 0.4840867536748448 0.35665360876504204
850 1494854.0 0.8806683008541047 0.6128037734967914 561.9560999169057 0.211598269186847 373272.41236980946 0.576713411885782 0.4016280543932643 0.5461699414090623 0.4207470510318331 0.4962915880238386 0.3639109242934293
860 1508207.0 0.8813299284814166 0.622518588872504 564.700039388891 0.21169183249352547 373419.05182951497 0.5668868561937853 0.4046293783269497 0.5464695512227878 0.4205471193794624 0.49722539393477616 0.3682756040917576
870 1528131.0 0.8818350271748205 0.6239185668574714 566.3164999226162 0.2117644595053953 373661.1361294047 0.5668029469974298 0.40929889016067816 0.5467062690578252 0.4204013661021333 0.49740764659019954 0.368580144873383
880 1549936.0 0.8841568282102529 0.6241543261026685 563.0513999643683 0.2118351318345123 373908.8107540091 0.566759781253959 0.4089939601231746 0.5469340297307386 0.42027318797246815 0.4981709938957539 0.36845681151571374
890 1576712.0 0.889309856006902 0.6345744458348569 553.515630001746 0.21189370277995373 374200.3899096266 0.5489933335337881 0.4090462890695634 0.5471006447871282 0.42014377297584354 0.4996821819847775 0.3723653584899435
900 1596434.0 0.8970733497052501 0.6451500190731815 542.2330604067179 0.2117595616706825 375351.82942065684 0.5369084411704208 0.41460320639654474 0.547090451911012 0.4200711420222428 0.502032825706516 0.3769912487828952
910 1607938.0 0.9075940621868567 0.6490229015551385 525.4284106738793 0.21162837919867855 376477.12133380823 0.5362627470885964 0.40885455405374954 0.5469728849773864 0.4199581024313436 0.506505466141261 0.37842849814912477
920 1618626.0 0.9129331406412418 0.6548875904845023 518.7457586120406 0.2114694121032584 377727.3105278536 0.5297099497522514 0.4039257558526217 0.5468124622429065 0.419802793473015 0.5088192480074135 0.380369382427692
930 1639010.0 0.9274054225813573 0.6607326203301952 500.15518338482696 0.2113327836400632 378860.22708878224 0.5243635857928759 0.4042972911126914 0.5466312688799829 0.4196221276594522 0.5158395853745266 0.3821668658285686
940 1654189.0 0.9308959331602857 0.6667007636926406 499.30988047303697 0.21104060527113494 380730.4607937501 0.5251895431000649 0.40467689261868095 0.5464009499334532 0.4194621543987655 0.5159490497826147 0.3830478147551601
950 1664932.0 0.9443941081140443 0.6682017636398698 480.8523200150765 0.21068171745265526 382919.7337007682 0.5303700117609945 0.39989948671896486 0.5461887598627544 0.41928761785094726 0.5169490573622461 0.3831871646148258
960 1682739.0 0.9472072282609801 0.6737509319063903 477.70764998629795 0.21034732595104833 384999.4557074448 0.5272433829180045 0.39577529404129236 0.5459960091011954 0.41905195605868617 0.5177396809692704 0.38637540927127534
970 1710929.0 0.9490062669360468 0.6788763711753711 476.97017611076205 0.21007043992251498 386807.21422255033 0.5290094282727995 0.39408513108505255 0.5458006771622995 0.41880234179003845 0.5184608203832698 0.3873506408180905
980 1730468.0 0.9564745086393822 0.6811788791597608 472.3491407578683 0.20968863219900785 389139.14992693893 0.5340219724257232 0.3898513041320745 0.5456614066960768 0.41852096161886176 0.5198798913098523 0.3883879540453464
990 1743685.0 0.9565417343443384 0.6812542957024522 473.1981484862928 0.2093144606299709 391447.4861443464 0.53397807098042 0.3898245599333152 0.5455438432054202 0.41823154936272594 0.5197213462009234 0.388135739273964
1000 1772201.0 0.9617176161740795 0.6817636553494324 467.8700742496501 0.20896129736258615 393660.38194749877 0.528578024431481 0.38935164587292675 0.5454074494057243 0.41794610371230434 0.5212350776382381 0.3879170708993012
1010 1790208.0 0.9634256866700432 0.6826732133141808 467.945755689667 0.2086145992684069 395852.84821271163 0.5272041144660032 0.3872884813448784 0.5452273512503751 0.4176450524335396 0.5216536277237273 0.3879539483314163
1020 1803597.0 0.9670421306226018 0.6858611320572839 464.16437598298745 0.2082167277801849 398318.33743424277 0.5233085361004453 0.3863160181522343 0.5450361959466167 0.4173446520271229 0.5209919754665656 0.3893151906248585
1030 1828850.0 0.9740980018781542 0.6906389769843375 455.37918358000843 0.20780646352457247 400859.9209778616 0.5205945428575176 0.38752667321906464 0.5448123691347951 0.4170592755033686 0.5237716727905084 0.3914566397267513
1040 1842157.0 0.9757535177934382 0.6915455242597237 459.70083886744214 0.20748098519817518 402977.5072647491 0.5138535364425357 0.38327694637637505 0.5445571899264302 0.41676050024417016 0.5240727000651234 0.39138812188109884
1050 1849864.0 0.9791686400587396 0.6961747547936153 459.08182831687276 0.2071527540747038 405120.0874637752 0.5138875295431765 0.3847491362502786 0.5442680592750992 0.4164553715143049 0.5243127494014197 0.39309964664162006
1060 1869346.0 0.9831220474981793 0.6989421258411069 456.00655712431063 0.20686502614819532 407058.72625172243 0.5112990125470424 0.3850676381490848 0.543975890722705 0.4161575498348659 0.5265087814070696 0.3948718035351293
1070 1890331.0 0.9836367638674973 0.7015656045431491 455.8387656203849 0.2065826265166222 408977.79238153045 0.5112835337460553 0.38502241156227507 0.5436707519865224 0.41586712697512557 0.5260453618500347 0.3939231296567185
1080 1908457.0 0.9837016241159788 0.7017874146864499 456.29971801346727 0.20630541906215805 410877.9968134275 0.5113246810871785 0.3850601836386436 0.5433715268052236 0.4155820918111731 0.5257791329458945 0.3935903373774249
1090 1918853.0 1.0027700475549877 0.7132614477087107 430.44593407462656 0.2060025334462511 412908.2698663593 0.511059460076989 0.3823513711638722 0.5430844953357442 0.41529303949958374 0.5315633602132601 0.39698641128312323
1100 1937669.0 1.0194727646573813 0.7414034801984034 414.3248987742453 0.2056790510583118 415050.9772161176 0.5191530020724909 0.3887470164444228 0.5428571174172598 0.41502654520117305 0.5384287769785615 0.40919349211633926
1110 1957651.0 1.0209409824742048 0.7485387897874967 413.0217910713212 0.20540002728282933 416960.76346616074 0.5167574566150726 0.38377469175925255 0.5426406170968502 0.4147711768400954 0.5386332477736323 0.412222338042615
1120 1969002.0 1.0252042498442535 0.7550471671972379 414.26835478314234 0.20509003211325577 419050.3001000382 0.5035042580925303 0.3785546456735392 0.5423435239184621 0.41447845195368016 0.5400847130819882 0.4143163339661496
1130 1999069.0 1.0359166784953282 0.7553682334743869 403.0017909246334 0.20479593076314168 421055.57450590085 0.5018825303360157 0.37547883508744984 0.5419986420234076 0.41415809808845994 0.5420286602438856 0.41416930074008274
