1 1165.0 0.09557455323965403 0.0639811759357712 220502.09089509048 0.09557455323965403 220502.09089509048 0.11609360888242039 0.09511719259883959 0.11609360888242046 0.09511719259884 0.09557455323965357 0.06398117593577099
10 17058.0 0.09608855161180076 0.0640842623025192 217315.11365380752 0.09150220317091384 440798.8619707008 0.1153759150213161 0.09508696797050538 0.11563691474499968 0.09509800485105488 0.0955240636891468 0.06406796143570812
20 37992.0 0.09610013168116917 0.06408537515132841 221194.5699787567 0.08917471473006365 664508.2483275568 0.1147432398755879 0.09362403656703751 0.11545237438651068 0.09495342239332004 0.09531789696548923 0.06400214512120003
30 46442.0 0.09610527609636225 0.0640997416259423 221320.61583939305 0.08801097050963855 887207.599941509 0.1147432398755879 0.09362403656703541 0.11522362131847112 0.09452458825580932 0.09503550707290223 0.06358488793689383
40 61798.0 0.09613115448074559 0.06412177583504725 221427.2485026732 0.08711072823253554 1110061.7900638075 0.11458141709458243 0.09364970208202765 0.11508670305672362 0.09430805100590853 0.09489143086087477 0.06338342626167866
50 74033.0 0.09613326958257415 0.0641318477062282 221648.72738621332 0.0865099039670326 1332685.4115506061 0.11458141709458293 0.09364970208202791 0.11498762737787253 0.09417896298161817 0.09478146571368759 0.06326108766686707
60 85450.0 0.09613533519707905 0.06413194918898672 221916.80306717212 0.08603659742655655 1555445.8191156057 0.11455246611320252 0.09364720101006105 0.1149167640718837 0.09409182988910003 0.09470451660991559 0.06317591114851577
70 99998.0 0.0962304420481114 0.06427285152127742 222052.79238401368 0.0856816175211995 1778135.7510612379 0.11457766113268425 0.0937050023296078 0.11486900635926875 0.09403735134131354 0.0946860353035135 0.06318103934945847
80 114797.0 0.09637650009552931 0.06427610897727357 221171.08853005597 0.08528013519366504 2000459.6697349274 0.1144248001236724 0.09373015721460906 0.11481605325622 0.09399911558635002 0.09470763756499559 0.06313652814362282
90 134763.0 0.0963981768894082 0.06429573345812833 221600.41125962127 0.08496022241119251 2222953.424849997 0.11441834493529951 0.09372493765968735 0.11477253064579927 0.09396911412925571 0.09468067713305 0.06310797986365135
100 151536.0 0.09640259000443879 0.06431016063300761 225139.44189705988 0.08469847558916953 2448518.820886471 0.11294450727386306 0.09338100529958741 0.11466466382248605 0.09392791983429342 0.09465166463406384 0.06308667796575552
110 167794.0 0.09660959767411822 0.06431039977413819 224057.9163196917 0.08448035323748372 2673026.832964817 0.11294450727386345 0.09338100529958748 0.11450969476405151 0.09387864825459018 0.09468393763310749 0.06306319200291663
120 176903.0 0.0974570845510908 0.06437880087280626 218660.1116097005 0.08433630479130073 2892227.7936918223 0.11308076938511002 0.09338320790363695 0.11438822335807503 0.09383764816102262 0.09515830160756437 0.0630790301150324
130 189656.0 0.09761423300502466 0.0644165832365054 218002.6615644537 0.08421283469457244 3110734.076473818 0.11308069835408624 0.09338276893123139 0.11428841659573699 0.09380295111191425 0.0952172457631796 0.06308042680818571
140 208585.0 0.09807285953799269 0.06498451306282448 215991.77630405573 0.08413222053821932 3327095.5302958577 0.1134639393835895 0.09368855873091539 0.11421893236964706 0.09378531069644906 0.09546226306886553 0.06337577061085661
150 223169.0 0.09822861997364835 0.06530211696769879 215080.28546579913 0.08348803964950938 3553253.0664405385 0.1116087829527239 0.0930898649161956 0.11407064640072327 0.09374718440391215 0.09543604633908391 0.06345787233825165
160 244016.0 0.10059838499548603 0.06800496386630087 201673.29642261125 0.08310344093200094 3762835.100047819 0.1098255771397744 0.09251121710540142 0.11388604381134343 0.09367105326857947 0.09740988118882696 0.0654901088078432
170 263531.0 0.10061054509599227 0.06801329729495392 201941.87191657184 0.08276095004092149 3971913.749701426 0.10966248927638997 0.09431283313913681 0.113647589348408 0.09361391827087513 0.097187262511694 0.06540702936978489
180 274628.0 0.10096621379978357 0.08200877197356718 199822.2751909085 0.08247004566346267 4178151.2875817455 0.10966336581627754 0.09431484002306986 0.11342746165856676 0.09365263214180307 0.09723980629334125 0.07594008307072354
190 295487.0 0.1009903100218704 0.08205750656013838 202151.16568440135 0.08206419443742244 4390673.887909201 0.10782383177617136 0.09501622671495712 0.11313459559668022 0.09372435209115366 0.09698796311219138 0.075962623742267
200 307876.0 0.10099702433765889 0.0820610881334526 202250.54884492795 0.08169699570910034 4602491.714571387 0.1078242896608271 0.0950162666406815 0.11287038532528165 0.09378862505640344 0.09675401968204682 0.0759789002931775
210 316591.0 0.10110357798617037 0.0820614038114321 202224.6254513578 0.0813623636813661 4813627.229181076 0.1078247545911116 0.09491941305239467 0.11263125277333272 0.09384543320423863 0.09659303584089453 0.07599205557341021
220 333808.0 0.10126000201851124 0.0821106173612651 201561.07864562536 0.08105683009082613 5023625.166160668 0.10782572656779081 0.0949191766677503 0.11241377736205645 0.09389402636861695 0.09646229398107141 0.07602384857216589
230 353877.0 0.10369518635610167 0.08540050440858984 188757.4643891222 0.08060189125027757 5233311.471211124 0.10593313607441981 0.09572024948879271 0.11218238662165239 0.093951865175209 0.09844257342104035 0.07748203033230895
240 380447.0 0.10371781980125858 0.0854057220706013 188699.4598593532 0.08018334751697291 5441766.37853987 0.1059331360744162 0.09572024948879575 0.1119230816196924 0.09402524211768135 0.09821744270746526 0.07756387244262916
250 403740.0 0.10399904957740093 0.08562819781202936 189223.89739313425 0.0797969994554609 5649477.1725035 0.10540731958861788 0.09450440680128354 0.11168024859808108 0.0940830843022874 0.09807897646766534 0.07761974390959002
260 415460.0 0.10631828527634953 0.08691004433990351 177161.43001118835 0.07952148611993858 5841725.791780908 0.10638228846196485 0.0947554304178078 0.11145111302921293 0.09410211225569563 0.09915408995785226 0.07835293204113024
270 432765.0 0.10634698539036172 0.08693152886477475 177148.65601620296 0.07926565230838212 6033092.215658764 0.10638156223789562 0.0947547008054719 0.11126406005287767 0.09412620619320397 0.09900154538014612 0.07839412512396518
280 443534.0 0.11073732007871083 0.088374636529953 157524.01871175555 0.0790274622079675 6208570.963568143 0.10641227929453156 0.09476461906571654 0.11109118006192659 0.09414885471500521 0.10188282373926293 0.07937584071821961
290 458472.0 0.11086772155821135 0.08847721106303923 157079.26201305975 0.0788051514475805 6382715.543988871 0.10641227929453262 0.09476461906571629 0.11093039309397486 0.09417001500197127 0.10178682553961041 0.07941976199457516
300 470401.0 0.11087030363165468 0.08849589961931524 157133.73436758475 0.0785971833168959 6555986.870875595 0.10641228029453874 0.09476464872186056 0.11078028967538901 0.09418977017653188 0.10164318475581216 0.07945005479936419
310 492336.0 0.11240224274567766 0.08875593805916332 150916.874897998 0.0784504016058035 6718912.640690172 0.10413965644746778 0.09478603961857524 0.11057365721482723 0.0942087372217112 0.10243801325658886 0.07953051378862021
320 505788.0 0.11240436029302153 0.08876567107924113 153031.61857145984 0.0783125157559894 6882972.971042462 0.10413965552666654 0.09478601231145137 0.11037322103377062 0.09422672112457378 0.10223822021921032 0.07955217166834996
330 530095.0 0.11356370134150585 0.08999186319289607 148776.89050655896 0.07800944769258929 7061812.094168824 0.10094158411632329 0.09525325472186603 0.11017426433115576 0.09424893230440495 0.10256547948675404 0.08010950516054688
340 555026.0 0.11358975554531163 0.08999419882454195 150411.25618017156 0.07770846114604381 7242377.711565233 0.10080551800944326 0.0952476392566904 0.10990082939596994 0.0942782804865123 0.10229518431954057 0.08013638110669892
350 565371.0 0.11385889807104878 0.09005890191003925 149589.2207686684 0.07742419607430641 7421188.293361707 0.10080551800944212 0.09524763925669165 0.10964170371544214 0.09430589754549173 0.10205224813182198 0.08018644043952133
360 584434.0 0.11656432058520111 0.09028726170596654 140117.9958036306 0.07715875522171436 7592013.877601356 0.10124003226216362 0.09499443698721066 0.10940663932076562 0.09433037120599053 0.10317745310131382 0.08044481147910026
370 590433.0 0.11679686030036907 0.09081995251570235 139456.88421615056 0.0769124722958359 7760457.8388869995 0.10127459836289092 0.09505490788066615 0.10918726092012669 0.09434967611212108 0.10311797754725721 0.08085184294195381
380 603029.0 0.12068096146550929 0.0972415566905287 126560.49591497426 0.07679332607451925 7901993.275639979 0.10264767847737864 0.09583627470898719 0.10900477482091833 0.09438253559308722 0.1053963892660614 0.08621461940797574
390 619632.0 0.12106608047373285 0.09771702290559625 125844.59950812825 0.0766801166143547 8042271.003677477 0.10273097049826743 0.09512721775100569 0.10884367044019098 0.09440681777933728 0.10530215591389448 0.08640384629564406
400 635416.0 0.12108420566926728 0.09773133094461667 126105.18413700552 0.0765724295668811 8182144.974801089 0.10273097049826825 0.095127217751007 0.10869123403266169 0.09442478286591258 0.10516446946511182 0.08643620970176398
410 647749.0 0.12138039368829347 0.09808015923597953 125724.09895882603 0.0764744519942863 8320474.394017603 0.10261482180783547 0.09513997129597841 0.10854337683547108 0.09444120658706087 0.10515182440923447 0.08669128177070867
420 660947.0 0.12141829702514519 0.09808108535292898 125741.21609104176 0.07638121786485667 8458267.698044734 0.10261694290229434 0.09513933199091457 0.10840254309584087 0.09445778723773116 0.10502900239237041 0.08671417084564635
430 673058.0 0.12169792606414669 0.0981002541220412 125061.09951546905 0.07629528600081212 8594553.16290006 0.10261728167174577 0.09513528124835233 0.10826830646594493 0.09447354328466279 0.10502388815578935 0.08674557012349522
440 687405.0 0.12200897364049351 0.09827061490675135 125002.85657409969 0.0762131733307251 8730337.091685936 0.1026109022055347 0.09513187842299717 0.1081401363823295 0.0944885332483503 0.10501622477961997 0.08679096765655989
450 695445.0 0.1222753175015609 0.09858312827937828 124392.47810972249 0.0761346307767288 8865166.942746233 0.10220861520012825 0.0950881110041606 0.10801664482304546 0.09450266320633861 0.10495173515068067 0.08691247784533034
460 714182.0 0.1222819484561208 0.09860187479233434 124867.57314669665 0.0760542377394231 9000752.879100844 0.10030472948555895 0.09498728636201705 0.10787413366076788 0.09451448494171792 0.10481864506270795 0.08692869326420403
470 735489.0 0.12235101493058007 0.09864293716826342 124841.35241955129 0.07597719441200512 9135913.029153002 0.10030472948555891 0.09498728636201706 0.10771342444261056 0.09452452318843348 0.10468613749760744 0.086956152350934
480 752080.0 0.12239973568259829 0.09866108261055877 125101.10315481684 0.07590326354147899 9270921.90207358 0.1003048041234058 0.09498774556349553 0.10755939872919988 0.09453415148128386 0.10455723446555534 0.08697420369883932
490 775821.0 0.12254360567521871 0.09868411296851494 124794.69731230954 0.0758322899057739 9405305.231577912 0.10016392922614518 0.09475162678421921 0.10741079570077187 0.09454196067812896 0.10447034607843259 0.08699332669316649
500 787021.0 0.12386527639618862 0.10252865823125148 123650.91204558309 0.0757830163370246 9535592.240829976 0.10031646602759914 0.09520404142237249 0.10726675659669335 0.09454795167680599 0.10543633259788843 0.0903656504415968
510 802333.0 0.1238853145786958 0.10253748293945762 123667.29242165828 0.07573563790553488 9665655.403402193 0.10031646602759368 0.0952040414223707 0.10713074308262104 0.09456079100646478 0.10531321498218456 0.09038674609297571
520 816686.0 0.12390060416323805 0.10258202619409744 123773.28958298179 0.0756900473393844 9795588.90481771 0.10031646602759375 0.09520404142237072 0.10699995081668959 0.09457313746358388 0.10519089357581834 0.09041357927311855
530 840464.0 0.12412058463005532 0.1044125064655265 125912.10741246004 0.07563368601493725 9929018.684742112 0.10027660877307712 0.09552861738160466 0.10687379593642649 0.09458757707781784 0.10521644305304945 0.0916640477312926
540 856021.0 0.12416033670867492 0.10442576029756045 126075.86294417515 0.07557909573697874 10062382.218965603 0.10027662424745439 0.09552877858183634 0.10675185174098108 0.09460497273001524 0.10509452851742491 0.09168252233954295
550 866191.0 0.12425142264870079 0.10444698341670215 125957.93977902136 0.07552379790663978 10195786.497160181 0.10027046914820227 0.09552825506592756 0.10663422229283634 0.09462172921524054 0.10498217743272606 0.09170865270665161
560 882322.0 0.12426777430705424 0.10450604711747119 126020.17439085037 0.07547044035104958 10329005.787415048 0.10027005827768477 0.09544538967200873 0.10652078067782869 0.09463670775400079 0.10487645940890643 0.09173720856325371
570 899422.0 0.12456777494298368 0.10538691572422416 126058.78835354555 0.07540865520210914 10463554.184471553 0.0998501520292203 0.09518089110507046 0.10640852391766693 0.09465006697079371 0.10490504995778299 0.0921235171678507
580 912436.0 0.12580492277350827 0.10850370763497769 122953.02685210247 0.0753455969501795 10595675.29534137 0.09991848880132752 0.09277460500003498 0.10629565933532283 0.09463763932058775 0.1054221221370087 0.09433756918296526
590 924427.0 0.12583254654288092 0.10850862585232109 123000.30956133442 0.07528464063998085 10727561.586326875 0.09991848880132674 0.09277460500003587 0.10618775458855474 0.0946061158972282 0.10531456553250164 0.09430888271724905
600 936937.0 0.1262458994605645 0.10865627846415801 121857.3341105325 0.07521480617832413 10859987.260653494 0.09992055200607386 0.09264494396562921 0.10608345784671028 0.0945745627954912 0.10552051081373988 0.09437292373705765
610 951452.0 0.1271602431941134 0.10906599725970612 119518.77845301128 0.07515824873595692 10988255.438826375 0.09996877969534756 0.09268784792320069 0.10598290228996177 0.09454315113827222 0.10595751799239823 0.09450536088398502
620 967253.0 0.12720633757594377 0.10911167332008137 119459.17722169649 0.07510348676795058 11116219.636641003 0.09996876419494342 0.09268768645185457 0.10588605631580814 0.09451327299991233 0.10585551279693103 0.09448567549135868
630 974883.0 0.127224907174812 0.10915098261106648 122404.34408478894 0.07496277559742155 11262618.942545334 0.09906366692345032 0.09260693058763113 0.10578797638428018 0.09448395760179464 0.10577056714742422 0.09447644057654847
640 996321.0 0.12729492332424136 0.10917586878199374 122474.6550290207 0.07482639400137034 11408511.60431467 0.0990636669234514 0.09260693058762957 0.10568307296055438 0.09445467480906193 0.1056932914025478 0.09445646344348087
