1 282.0 0.07052399911789782 0.05890136024834397 592269.282881792 0.07052399911789782 592269.282881792 0.08640150423728887 0.08133370387977276 0.08640150423728886 0.08133370387977151 0.07052399911789793 0.058901360248343936
10 7612.0 0.0706105649238258 0.058950659292925554 600062.9347435953 0.07036618211148618 1192297.5143206965 0.08624751374014793 0.08097745425463683 0.08628955743312755 0.08107469546615804 0.07048038967036852 0.05866987501734881
20 20427.0 0.07064196256615833 0.05896659950464346 599496.2271880321 0.07031357644268231 1791784.6430122445 0.08624751083067247 0.08097728397224734 0.08626953538002703 0.08102831714916661 0.07047766277313665 0.05862332229913765
30 31517.0 0.07067707911893227 0.05908253560544618 600449.982246433 0.07028547785745153 2392226.535073723 0.08624386130965211 0.08087683708101322 0.08626121110144074 0.0809794209650237 0.07048729712465211 0.05862955524809217
40 38313.0 0.07093770502049569 0.05912367799657654 594235.2283692037 0.07026861870631305 2986474.709337256 0.0862442579141926 0.08087703933384958 0.08625699879146008 0.08095441037149202 0.07060849826114654 0.0586215389669318
50 53428.0 0.0713674129429963 0.059321534236481364 583999.6265392558 0.07032658512720595 3570346.2312886226 0.08636215931548767 0.08092843978228605 0.086272994917689 0.08094730239523765 0.07093370997504868 0.05875517772819472
60 64215.0 0.07137402836620463 0.05933456094430964 584167.7457998837 0.07036798971355801 4154424.5009793 0.08636214465874455 0.08092808963986681 0.08628760962585784 0.08094415155426037 0.0709512743355755 0.058755921051838404
70 87679.0 0.07147422674735746 0.05987271779400043 584737.6512325192 0.07040320264989125 4739095.183546787 0.08636910448437876 0.08099963314906405 0.08629848150852111 0.08094721781737833 0.07101987734819341 0.05920864841792322
80 98358.0 0.07147577408257302 0.05988115868065472 585051.6228948009 0.07043059048926155 5324097.741358452 0.08636910448438172 0.08099963314906923 0.08630720039442977 0.08095368884598207 0.07102924210908747 0.05922011663555014
90 114157.0 0.07147823920341018 0.05989447837302939 601885.6611360868 0.07039507465048757 5925883.032473603 0.08620377073153089 0.0809461388799775 0.08630128506068882 0.08095462272672103 0.07102804516109888 0.05921799086230784
100 133646.0 0.0716264592510952 0.059914737868067426 599353.6116933008 0.07036601623694522 6525185.466384399 0.08620378955260474 0.0809525189935626 0.08629163075462715 0.08095397260348437 0.07109172347057985 0.05921380405517513
110 159405.0 0.071632117924862 0.05995050566258121 601950.2688639623 0.07032864783723398 7127047.806674176 0.08619336110162462 0.08095026709175224 0.08628354541724367 0.08095403538129028 0.07108845977200189 0.05921992187377221
120 183460.0 0.07163821855267076 0.05996664307363016 603108.0027775355 0.07029702842209372 7730062.643406992 0.08619324217888223 0.08095021194565921 0.08627608725385617 0.08095372167363818 0.07108429641219076 0.05920970522271276
130 190893.0 0.07168993606186339 0.06023137086142083 604998.7187385819 0.07026992606625922 8334953.030941726 0.08618697126480351 0.08096275831061417 0.08626928450660022 0.08095441149325454 0.07110166434852577 0.059311903537710084
140 204051.0 0.07223873436958464 0.06088980164634606 592166.322928243 0.07028424578270974 8927108.203647021 0.08629334036669867 0.08115712169477207 0.08626947512662575 0.08096608379172936 0.07151454796803126 0.059783976617816634
150 212389.0 0.07291369149047677 0.06170584162128606 576318.072440656 0.07033048323071411 9503052.004133683 0.08615163725572166 0.08129060494704746 0.08626830441837309 0.08098139792043879 0.0720676541768187 0.06046363088069087
160 228774.0 0.07296012455760875 0.06175182413035424 575338.2659579637 0.07037128097895327 10078033.306259522 0.08615171406572593 0.08129071406178179 0.08626105918097064 0.08100060496601938 0.07209924298224987 0.060494709272392796
170 247338.0 0.07296153999852943 0.06177101422463307 576979.8425127072 0.07040754564405474 10654739.94055475 0.08615175106235755 0.08129140293156505 0.08625466602791429 0.08101759458108558 0.07210750033807133 0.06051065415571832
180 260263.0 0.07380883507635849 0.062475004122817944 557709.0095235967 0.07045523059302776 11211466.450596875 0.08594552259753836 0.08159050651517681 0.08624670155957864 0.08103602760921645 0.07261730561702905 0.060897419022456996
190 278041.0 0.07382637898155969 0.06248666936002146 558136.1321955834 0.07049814704710348 11768735.441074628 0.08594757955570165 0.08159097537976055 0.08623100675223164 0.08106507078580913 0.07263496122406185 0.060918631926141616
200 291861.0 0.07382766280513788 0.062491269549418395 558582.8076568883 0.07053697621983866 12326550.259377226 0.08423963412828178 0.08155243055626249 0.08620840865575038 0.08109104342817738 0.07264499700219677 0.06093601795753944
210 310223.0 0.07485192201083925 0.06250104480132675 546461.2898038244 0.07033215111975105 12886651.637373814 0.08481154357227087 0.08152635401354863 0.08614248766764358 0.0811116577213008 0.07292394995925758 0.06093231063934543
220 327850.0 0.07497254118283915 0.06283844322537656 544465.3963146966 0.07013069927881868 13445530.46982931 0.08473607144389275 0.08092509978230877 0.08608155693341839 0.08112513545603521 0.07293580088343858 0.06108966198895613
230 341776.0 0.07500174819240799 0.06285089979129531 556758.2979301277 0.06986805346893735 14022007.46187758 0.08383795442982982 0.0797835966598019 0.08599998309367946 0.08108682647130683 0.07288860403457023 0.06105017213603496
240 359420.0 0.0750967894004231 0.06288647018236579 555173.8164658427 0.06962634007002694 14596012.637582052 0.08383816493125097 0.07978428007313058 0.08591027942637465 0.08103277337514815 0.07286428377639885 0.06100895697754223
250 370147.0 0.07535479864020969 0.06295395612625128 551957.1007289011 0.06940322000949424 15166343.525231838 0.08384681070835688 0.0797862874667555 0.08582803507159927 0.08098310435137 0.0729067132267723 0.06098468635599455
260 385290.0 0.07539236754059907 0.06297074137571086 551658.8878166956 0.06919662736085286 15735330.771260398 0.0838468426511524 0.07978684686310171 0.08575212645680161 0.08093725568120966 0.07285677869616435 0.06093418255668159
270 398948.0 0.07574793607197636 0.06346239653394913 544607.4365310157 0.06901676842145665 16296073.641534887 0.08385211572072579 0.07979379621419053 0.08568193752824448 0.08089495903148845 0.07313975208243043 0.06134728990461401
280 408775.0 0.0759539270190863 0.06354737594319083 540744.15429047 0.06884932875983871 16852748.942286763 0.08383005458687177 0.07979199509251166 0.0856165837899473 0.08085575254015066 0.07318710024583538 0.06135174366484209
290 420446.0 0.07602420332734557 0.06356103324716122 539618.301238504 0.0686930517423286 17407605.822183046 0.083834802957208 0.07979283222447073 0.08555533789064244 0.0808192231920793 0.07317325457086118 0.06131926673797392
300 433565.0 0.07647327124007228 0.06373636126929658 530581.7941474671 0.06856013792105072 17952218.897207744 0.0838832203199488 0.0798107499726581 0.08549882538091019 0.080785372797013 0.07350122261474125 0.06142179020276863
310 445675.0 0.07649611371912282 0.06376570475407098 531617.5789565295 0.06843553121360268 18496936.381654795 0.0838835259199627 0.07981082213035472 0.0854468824234262 0.08075403579343227 0.07346855450463795 0.06139971173511294
320 457927.0 0.07649744173518219 0.06377419572309381 531801.4197337991 0.06831847642781817 19041113.318742353 0.08388361706882995 0.07981214172827014 0.08539818228418992 0.0807246891882935 0.07342983474473043 0.061369929774640786
330 480250.0 0.07666508465234016 0.06393702531697122 528388.4644802359 0.06820990381261767 19581510.78484956 0.08388670641664298 0.07981424756195675 0.08535245302705957 0.08069713886473102 0.07347550128129642 0.0614201754099915
340 494775.0 0.07673001905969497 0.06403176004411966 527510.6122082374 0.06810753534685719 20120549.856329713 0.08388670641663952 0.07981424756194443 0.08530946925549299 0.08067124762418018 0.0734709381546192 0.061436158592026044
350 519564.0 0.0767476626002095 0.06403443959984387 527520.1732744238 0.06801128508898024 20658961.590545475 0.08389146900547423 0.07981657477584733 0.08526898897108448 0.08064685491673548 0.07345177554497373 0.0614098354646862
360 536362.0 0.07864197511758154 0.06773202881011313 490641.071209052 0.06796961311412493 21155812.57595424 0.08402445733927547 0.08023635669312262 0.08523446048381907 0.08063546344943785 0.07512380322651135 0.06468766244331302
370 551811.0 0.0786478587797646 0.06774568079966742 490997.6389580423 0.0679297344154977 21652751.90634777 0.08401924791587799 0.08024013871710343 0.08520180319856889 0.0806247297880451 0.07510157940421967 0.06467659540268868
380 571163.0 0.07876959603033398 0.06781136911980461 489523.9062561075 0.06789157741411268 22148072.147371285 0.08401790030601981 0.08020107878678823 0.08517077056810403 0.08061423465980912 0.07511732881303713 0.0646803112367028
390 593430.0 0.07880618488935094 0.06787389907661359 489130.41180644225 0.06785532826279694 22642745.53417605 0.08401790030600337 0.0802010787869146 0.08514128539516018 0.08060366801344312 0.07511256674587576 0.064694966606666
400 611420.0 0.07880955430352586 0.0678795401092559 489209.6183811489 0.06782084736276489 23137234.38975852 0.08401790030599544 0.08020107878691132 0.08511327080440802 0.08059362838185889 0.07509329982555185 0.06468381057271044
410 622433.0 0.07895527723673729 0.06790581044511748 486986.59646707407 0.0677880084103534 23629388.462341405 0.08401788213716968 0.08019476775349174 0.08508661927725619 0.08058401587557386 0.07513751742753838 0.06468277528865232
420 630667.0 0.07899293636011985 0.06803609000517166 486819.77323817037 0.06775669685107734 24121154.407058213 0.08402172267935869 0.08020619263853401 0.0850612974539651 0.08057496003940862 0.07513207266902394 0.06470832217816179
430 646961.0 0.07904218498455791 0.06807155859859511 488430.67550528736 0.06772680854449563 24614225.101604126 0.08402126631642476 0.08020641763464935 0.08503716285443516 0.0805664047656287 0.0751392274526884 0.06470986481548441
440 664992.0 0.07907853076899472 0.06812481228588135 488787.78122261126 0.06769824860709533 25107434.959041826 0.08402427449920052 0.08020952403481915 0.08501414933275063 0.080558269489683 0.07513303355060094 0.06471071040322827
450 683974.0 0.07909344371525372 0.06813289577839378 488642.32560382766 0.06767093040610375 25600322.065097496 0.08402419101259209 0.08020955255685788 0.08499219900288885 0.08055053648727843 0.07512357789798517 0.06470340732897142
460 692902.0 0.07911133791483015 0.06814751415236547 488714.6540140448 0.06764477468175012 26093103.67377585 0.08402419101259415 0.08020955255686012 0.084971200998761 0.08054313987273572 0.07511050789334452 0.06469833694639107
470 708630.0 0.07961236418527899 0.06825468214712554 479794.24507000216 0.06762705534235978 26575888.914425276 0.08402641679344568 0.08020583977692483 0.08495109125761273 0.08053600136206673 0.07551532073611164 0.06478662296847217
480 720573.0 0.079714944200797 0.06835450890868634 478157.5100528928 0.06761005924131192 27056976.6478454 0.08401097091339813 0.07960288252678244 0.08493157824812783 0.08051785535145804 0.07554936817793892 0.06481424328251141
490 741669.0 0.08073472045112771 0.0688971397590025 464137.52180573164 0.06758634140089192 27526048.186287176 0.08331062639872329 0.07973149546880619 0.08490141932279617 0.08050131749783998 0.0760877782346164 0.06514736962754611
500 757287.0 0.08089062608199439 0.06892471248191719 461685.60062701855 0.06756355367186095 27992602.49195187 0.08329950688032349 0.07972904663916194 0.08486946749956276 0.0804859127440314 0.07614541127968204 0.06515640252426441
510 771072.0 0.08090320004220025 0.06893509771895338 463097.65921629366 0.06752537602777701 28464240.70621742 0.0830577016947776 0.07829477657512475 0.08483590499994303 0.08045426052987696 0.07612287224258846 0.06514730491646692
520 781203.0 0.08092243324582116 0.06895304922350504 463182.87123674474 0.06748863904950755 28935653.745705187 0.08305759256058497 0.07829501896544482 0.08480177109234031 0.08041281448804688 0.07609643841254066 0.06513479857002981
530 790558.0 0.08131804457427555 0.0690831125623809 456888.7133755543 0.06745752782794869 29399862.848332196 0.0831060100468454 0.07829708796902779 0.08476974467437204 0.08037296640105326 0.07626352544851253 0.0651828738742203
540 810025.0 0.08137109389803125 0.06916748855883684 456305.60740885866 0.06742754792353742 29863276.65571442 0.08310652562931292 0.07829894601433933 0.08473899744187588 0.08033461587231322 0.07625914563619252 0.06520590269919649
550 831572.0 0.08168940530852412 0.07001594083589928 451543.9140959452 0.06739858043358651 30322031.123003338 0.08339740023731704 0.0785918167735053 0.08471306524039311 0.08030139047940146 0.07642309143187438 0.06573297779840578
560 842654.0 0.08176338621337774 0.07015487218508207 450752.5853349282 0.06733232503812216 30791779.2060384 0.08288234885552999 0.07859651388519544 0.08468594091957139 0.08027095043452082 0.07642255283655941 0.06576218401256134
570 861418.0 0.08176804964163807 0.07016137680811757 450808.86915795907 0.0672683543114669 31260995.774786435 0.08290032227262828 0.07864406686784604 0.08465438585817195 0.08024170910471888 0.07639024683985955 0.06574782039409062
580 876186.0 0.0819752545655132 0.07063924505287876 447757.6017394798 0.06720968609367867 31725959.91639769 0.08289659450112521 0.07864320509099099 0.0846241312288858 0.08021419611342441 0.07657222643135461 0.06611450636079391
590 894361.0 0.08200058415512626 0.070662911251268 448211.61994527426 0.06715297348315002 32190800.58915848 0.08289659450112669 0.07864320509099487 0.08459490048899142 0.08018761420103136 0.07655232028195531 0.06610994437947994
600 906816.0 0.08201131361485471 0.07068058584319592 463902.1250601128 0.0670981203024748 32668645.90488115 0.08289691205825399 0.07864336176767617 0.08456664172366105 0.08016191667100764 0.07652921220055978 0.06610330960421468
610 917408.0 0.08233649374540919 0.07079404680309566 458857.8306498413 0.06704503657924071 33141737.508559175 0.08291814702581275 0.07864841384109171 0.08453955553916165 0.08013711993258811 0.07678140026947942 0.06617229710977862
620 941921.0 0.08236251297803658 0.07199014433110644 459927.5363225744 0.06689312573895685 33659300.350854464 0.08114992589390692 0.07845815632743741 0.08448497124945296 0.0801100831783074 0.07673945173394822 0.06658278846666227
630 958753.0 0.08376456500193 0.07463252598004143 437377.8082388722 0.06673469664475021 34168076.742683426 0.08009698094976705 0.0770302986778599 0.08442214545483827 0.08007367449750366 0.07736824119037458 0.06746338043552436
640 975246.0 0.0837826124663802 0.0748027126654902 441053.87484563247 0.06657099553838414 34684052.34969446 0.08007676872649144 0.0771828147186035 0.08435481239522354 0.0800266692523778 0.07731115055831113 0.06748949563001762
650 989752.0 0.08508492196874044 0.07535538552357882 421443.18834254524 0.0664017833246055 35194032.83792656 0.0800767687264711 0.07718281471857777 0.08428909743871436 0.07998298485093702 0.07812705028871801 0.06751204563093918
660 1002502.0 0.08511913177631776 0.07537936053091904 421072.88772429206 0.06623762222168594 35702122.127915464 0.08007676872647063 0.07718281471857551 0.08422537083187251 0.07994062221655938 0.07808308476549947 0.06748815455948007
670 1014432.0 0.0851202725765231 0.07538138416413404 421419.049857121 0.0660782893864993 36208782.10451605 0.08007668445516888 0.07718250734988297 0.08416354342561824 0.07989952133769616 0.07802295159026679 0.06745241890754715
680 1035363.0 0.08513367011077085 0.07540457857981653 421913.02667369274 0.06592357489436156 36714147.05975145 0.08007859774886952 0.07718276583326147 0.08410355330293504 0.07985962858725859 0.07796327951576368 0.06741544426160788
690 1045947.0 0.08515516454632124 0.0754681620269523 421685.58244122 0.06577328081628489 37217832.82255141 0.08007864676930188 0.07718280258771386 0.08404530509275907 0.07982088941688764 0.07791525470840087 0.06739355312830084
700 1055537.0 0.08518230518666547 0.0754746563415354 422022.3846429553 0.06562722037421037 37720215.777910575 0.08007867241618773 0.07718284814838387 0.08398871967469985 0.07978325674384 0.07786771928971728 0.06736465872202324
710 1069913.0 0.08518378146549727 0.07548320650869306 422160.2127508492 0.06548521716663797 38221218.43416095 0.08007870416469924 0.07718325296428519 0.08393372621522735 0.0797466850501266 0.0778143266843639 0.06733498608561689
720 1088474.0 0.08524714282157582 0.07559296263076488 421362.10512777494 0.0653482407989815 38719450.25973198 0.08008619256139897 0.07719666575802338 0.08388034188767667 0.07971128372011976 0.07782243141942613 0.06738594569403716
730 1099764.0 0.08528807669873106 0.07565398026651267 420967.6960171133 0.06521347881264548 39217187.15688442 0.08008676927901692 0.07719731410415412 0.08382844335020904 0.07967689137754044 0.07782710531639879 0.06743090132979129
740 1120517.0 0.08529301552892347 0.07566035749862832 421212.8455008295 0.06508231047927843 39713709.05653847 0.08008671446706678 0.07719726331770155 0.08377794820156158 0.07964342859064001 0.0777768544880345 0.06740254233361113
750 1131316.0 0.08534075024718996 0.07568457128758267 420752.3826855045 0.06495459394415788 40208614.922279224 0.08008668971290214 0.07718996378109727 0.0837287972533598 0.07961084676338762 0.07774901396478114 0.06738393541266216
760 1151437.0 0.08571858179619853 0.07705996627841284 415590.4282418911 0.06483992586133727 40691386.528872 0.08015954997822476 0.0774557142826657 0.08368179944387423 0.07958217779392121 0.07805037257923307 0.06820974154107814
770 1163065.0 0.08720444360639887 0.07781863583142846 394746.3248337534 0.06474330693628887 41147150.86557725 0.08022632037232082 0.0774874890456231 0.08363654922772254 0.07955480371377541 0.07917137465583024 0.06880439103569473
780 1177303.0 0.0872431374618497 0.07785925610282103 394665.25458686193 0.06464913405997587 41601692.5708873 0.08022632433573619 0.07748756284390466 0.08359288435097871 0.07952833408805188 0.07914774354448698 0.06879274734970293
790 1195659.0 0.08728677532096814 0.07786821109727442 394400.64387187443 0.06455731550557067 42054914.904863626 0.08022640924205517 0.07748751541171035 0.08355032462775604 0.07950253383496546 0.07913040282588363 0.06877271087729478
800 1216904.0 0.08736424190471365 0.07815141457809131 393479.50326628337 0.0644677756662076 42506376.02163416 0.08024366505818901 0.07752844739662908 0.08350885012041659 0.07947743053104342 0.07912857187274708 0.06886051599528892
810 1230477.0 0.08750844666942713 0.07850099247025115 391691.3689064404 0.06438041972536557 42955495.33765953 0.08024363143604592 0.07752836967292207 0.08346858881601889 0.07945339848814387 0.07914780084811358 0.06899422716425833
820 1245578.0 0.08751717531068583 0.07851651971089181 391667.37021641096 0.06429516874695347 43403537.86468297 0.08024363143604277 0.07752836967292497 0.08342930797095224 0.07942995112133236 0.07911605182123711 0.06897522279546409
830 1267441.0 0.08752170430822073 0.07852083736198201 393067.23777594743 0.06421194755374166 43851544.01454456 0.08024363143604082 0.07752836967292447 0.08339097251325182 0.07940706807141161 0.07908153699352408 0.06895102412025282
840 1296596.0 0.08771947204310543 0.07861665860555445 390923.31162215193 0.06413004586827263 44297549.66480508 0.0802322725670564 0.07751611156024149 0.08335344066919609 0.07938461296366545 0.07913531383746003 0.0689679123820721
850 1308595.0 0.08772696434005145 0.07862665446473228 391180.04692107823 0.06405004887316336 44742750.35349354 0.08023227920684574 0.07751610752966587 0.0833167642636109 0.07936265640407032 0.07910603433525576 0.06894949637918711
860 1318421.0 0.08776405493437288 0.07864213463138427 394126.21824669745 0.0639718908894359 45189101.28379082 0.08023227920683049 0.07751610752966648 0.08328093981463555 0.07934120984339196 0.07908487963843099 0.06893241328390828
870 1337239.0 0.08796401162475759 0.07893617115893205 392307.0029705856 0.0638951428293543 45633526.67920109 0.08044447689974589 0.07767237348180714 0.08324725900230982 0.07932205705451831 0.07913722874122647 0.06903513663946016
880 1352747.0 0.08814276946881766 0.07897635834221478 390406.20752749295 0.06382011944478011 46075669.83335881 0.08044506776241002 0.07767257665183672 0.08321544938159513 0.07930333331251269 0.07918828154231045 0.06900512312752786
890 1369166.0 0.08815334411628636 0.07914515499672568 390315.1557504475 0.06374676324652981 46516850.59295348 0.08044508152410118 0.07767275319242137 0.0831843564804652 0.07928503136303454 0.07916080450980816 0.06905989009748065
900 1386203.0 0.08824827367821435 0.07915266022518246 389301.82968846464 0.06367498297747062 46956451.992402986 0.08045014303050775 0.07768216107019928 0.08315398780417228 0.07926720250000323 0.07916007825651547 0.06904044996041808
910 1400565.0 0.08828903045975592 0.07926162181669735 389330.5596870572 0.06360476314904318 47395216.43457622 0.08045235829293773 0.0776870974439927 0.08312433215612179 0.0792498577662095 0.07915990962959313 0.069098398743819
920 1411722.0 0.08900594486561059 0.08066476073505509 381451.7259630208 0.06353694809020612 47826585.476151064 0.08056549001237044 0.07792087262235634 0.08309581255186241 0.07923390626051985 0.07920251041682967 0.07010842921425862
930 1425163.0 0.08911138434042554 0.08078347804720493 380337.1622520214 0.06347115339675163 48255774.512456104 0.08057415526559066 0.07793094061603753 0.08306869912147187 0.07921987843383237 0.07920981292791388 0.07014322001776223
940 1436978.0 0.08922129594600117 0.08086318034494105 378956.50970296486 0.0634067438547383 48683121.85552747 0.08057418686451118 0.07793108374864423 0.08304218995827364 0.07920618242230011 0.07921874342952107 0.07014830245804556
950 1453784.0 0.08923188968250031 0.08086742795938374 378979.6782429039 0.06334442755845295 49109001.32306661 0.08057346429085534 0.07774779108823675 0.08301623713296581 0.07919257874122361 0.07919748859385237 0.07013713015818526
960 1467896.0 0.08923794612408079 0.08118815854714315 386872.45981889195 0.06325218218078962 49569743.01650294 0.08042986659563617 0.07747807534359409 0.08298962409242455 0.07917531925748449 0.0791737727779218 0.07031838422199187
970 1475631.0 0.08924350224394802 0.08120304077385826 390289.80475603364 0.06313222521275498 50063918.34307396 0.0801736682856794 0.07747831817092257 0.08296220887683857 0.07915784493153133 0.0791486102672349 0.07030640731865281
980 1487659.0 0.08932410391493897 0.08124156775794703 389454.57644277177 0.06301469161781194 50556393.65444623 0.08017366828568073 0.07747831817091722 0.08293378338661271 0.07914072437331919 0.0791470009902645 0.07029240660744886
990 1498435.0 0.09016297743619703 0.081625456799796 380261.047637691 0.0629004807242636 51041408.42152225 0.08034643208384713 0.07750323775646947 0.0829060623167526 0.07912361285650174 0.07964090440094058 0.07051833513594274
1000 1508785.0 0.09028611206896081 0.08167648037183833 379866.5639470016 0.06278852659888978 51524952.197947435 0.0803439487424645 0.07750253179004618 0.08288047671853913 0.07910742105065849 0.0796760646457611 0.0705048529871764
1010 1533961.0 0.09032887272683009 0.08177229394004472 381045.122065254 0.06267868911996083 52008010.5337418 0.08034162074397382 0.07747434876363632 0.08285536510965208 0.0790912694991358 0.07965988913791114 0.07052138954272148
1020 1546938.0 0.09036640380779865 0.08187780899561754 380847.22367381665 0.06257098440761302 52489745.93499491 0.08033641952863753 0.07746406052587237 0.08283073960047277 0.07907542278454942 0.07965877129629316 0.07057252076892628
1030 1557404.0 0.09037497245760903 0.08188672760645163 380928.46865445987 0.06246487270538728 52970926.20017858 0.08033662552907092 0.07746419694865427 0.08280654831872725 0.07905979448274776 0.07963488268409662 0.07055726142251
1040 1571878.0 0.09037707336650208 0.08189096718610227 380996.3777019168 0.06236078217844203 53450968.16402971 0.08033668724315123 0.07746450142240725 0.08278282242048426 0.07904446863907856 0.07960865836428942 0.07054315549625573
1050 1582636.0 0.09041007477436658 0.0819113373927869 380755.8388898222 0.062263293813923266 53923946.87615453 0.08037194443474409 0.07754403742782653 0.08275960568307497 0.07902962920049639 0.07959091095803904 0.07053559241673743
1060 1597871.0 0.09044692339737039 0.08193942202368343 380367.50345932884 0.06216762766182542 54395593.148324266 0.08037194443474427 0.07754403742782304 0.0827371018070304 0.07901562739302542 0.07958071714043909 0.07053266312419557
1070 1612569.0 0.09047161558191545 0.08200042371992904 380143.97331338446 0.06207373310513678 54866019.542931326 0.08037194552772353 0.07754421668069182 0.08271501817857854 0.07900188822880329 0.07955716139731897 0.07053400294212582
1080 1634327.0 0.0905309579813653 0.08202762383087711 379994.75421809434 0.061981561384350695 55335285.83290933 0.080371945527731 0.07754421668071336 0.08269334313092953 0.07898840375564783 0.0795451530268848 0.0705302429712057
1090 1645758.0 0.09053587472147877 0.08202974022168986 380219.24289619643 0.06189106601795835 55803630.82461843 0.08037196100347323 0.07754424280540825 0.08267206553844655 0.07897516664878214 0.07952356023760168 0.07051798055929583
1100 1668007.0 0.09144798991277957 0.08258909097006191 374548.5775624123 0.06181009915342091 56257534.50293668 0.08205836783712891 0.07837306222704567 0.0826550475099368 0.0789629809075757 0.08003171170886142 0.07082905117037251
1110 1692427.0 0.09154917222225768 0.08278588555858041 373520.7667963629 0.06173681576289587 56702118.2575323 0.0820609042270055 0.07837397766109117 0.08264967911466448 0.07895767163137662 0.08006193564136448 0.07089596513685038
1120 1701514.0 0.09158422077830666 0.08280782715541216 373166.40779351146 0.06166482942353059 57145567.58179101 0.08206092993218247 0.0783739898936952 0.08264442702309845 0.07895246479256551 0.08006480287248487 0.0709063973985217
1130 1716799.0 0.09404646517310881 0.08401508223866617 344784.9585660249 0.061609751597766424 57549112.75281836 0.08237419525446807 0.0785349533261399 0.08264120673328358 0.07894834598601828 0.0817294791358217 0.0716392912715775
1140 1745165.0 0.0940769916679418 0.08405955601965114 344969.15641894535 0.06155563164723294 57951986.07383477 0.08252844382057216 0.07889164504643499 0.08264008392477702 0.07894753764767738 0.08171919612934868 0.0716721155069607
1150 1754847.0 0.0941482735751987 0.08407291087295121 344547.5784295655 0.061502444799294856 58353762.02030768 0.08252845281869375 0.07889156505834158 0.08263911406008162 0.07894705197793181 0.08173640863128889 0.07167694670350562
1160 1774687.0 0.09420575770573546 0.08420748013148067 344002.22695153265 0.06145011918959055 58754424.14438288 0.08252979497311387 0.07889247009101748 0.08263816931057444 0.07894658051703947 0.08174119062784717 0.07170829727468202
1170 1786044.0 0.09422515482870539 0.0843967116042341 343837.3247631293 0.06139877332424521 59154085.46941123 0.08253101948665034 0.07891329627811236 0.0826372532364901 0.07894627849434403 0.08174274368011973 0.07187600305692346
1180 1797126.0 0.09431745487631453 0.08452051012665147 342915.06021858926 0.06134805282181102 59552624.5970382 0.08252589896718476 0.07890951275183275 0.08263632409649925 0.07894597550152115 0.08176812224479504 0.07192107409128996
1190 1809838.0 0.09432850478681014 0.08455822367623625 342883.91871408 0.06129817766108407 59950402.86609204 0.08252589896718543 0.07890951275182462 0.08263539693336483 0.07894566934913073 0.08176164847119886 0.07194751336797374
1200 1824982.0 0.09436126531312103 0.08461884176614527 343057.59697644395 0.06124912688317905 60347585.57640093 0.08252561723788115 0.07890683746286288 0.08263448533835659 0.07894536723437912 0.0817685106558636 0.07196899450851578
1210 1834006.0 0.0943807236380606 0.08463329220704388 344920.33794748894 0.061200880216387234 60745438.159256585 0.08252391009950705 0.07890672239261166 0.08263357729203259 0.0789450486403851 0.08176324909813683 0.07197923668399887
1220 1848436.0 0.09440050392468034 0.0846337244097504 345422.60135268455 0.061152894513338954 61143647.0703717 0.08252390671459331 0.07890455557495452 0.08263267911128318 0.0789447311988511 0.08177535896287261 0.0719813241884595
1230 1858002.0 0.09479177450414313 0.08523569419977159 341407.03066615463 0.061109388380348635 61533391.72557337 0.08255265120946177 0.07894753738792787 0.08263200593793359 0.07894472006003612 0.08205840115261508 0.07242390852985697
1240 1867257.0 0.09484076716031754 0.08537837814070516 342882.92523253255 0.061056387722363215 61937057.53141305 0.08255236759326999 0.07835620117150283 0.08263136421074047 0.07893997776439929 0.08205591014805254 0.07245824682834391
1250 1877723.0 0.09487630735518321 0.08539412387789719 343123.22471374203 0.06100422834466327 62340148.01916521 0.08255372687685716 0.07835984132845762 0.082630738175763 0.07893532583382841 0.08205441709081666 0.0724554943094529
1260 1894603.0 0.09496848077766434 0.0854211857057565 342295.22376570373 0.06095289037448617 62741914.3655628 0.08255534853054255 0.07836012530120114 0.08263013774772214 0.07893076392005227 0.08207914805980755 0.07246422543883926
1270 1905394.0 0.09507935790054503 0.08543073124325785 341330.8989855182 0.060902354560093075 63142267.48003444 0.08255567100872899 0.0783601852560225 0.08262954957329756 0.07892627428493523 0.08207981924734978 0.07246366616351471
1280 1917202.0 0.0952058094466664 0.0854840730498518 340080.58368592954 0.060852541393333466 63541094.29804482 0.08255265209676602 0.07835253491851492 0.08262895870747601 0.07892181933387026 0.08210594421834683 0.07248586118111996
1290 1928582.0 0.09521225545204587 0.08549475028156833 340304.0721701588 0.06080349458298555 63939377.09928479 0.082552208434777 0.07835174677070282 0.0826283659232645 0.07891740664224157 0.0821017099257557 0.07248829943856284
1300 1948939.0 0.09538329694919068 0.09210374844791652 342816.9290243348 0.06074462333431808 64353891.85468654 0.08232923928540128 0.07977562399650347 0.08262699674070641 0.07891627595595227 0.08221394340545694 0.07727397084958164
1310 1962728.0 0.09548396559901715 0.09221184253389046 342015.9499586256 0.06068664407426677 64767073.698243946 0.08232455401230528 0.07977452325672181 0.08262470408325641 0.07892282522708731 0.08224038447129309 0.07732802495387224
1320 1982151.0 0.09721114352639149 0.09458918462931519 325885.3500132084 0.06063966896651325 65153141.7326215 0.0827945676228781 0.0803968364024847 0.08262599351014409 0.07893400695565493 0.08252468068965095 0.07886229257678444
1330 1992588.0 0.09728338241347974 0.09477214377438452 325740.72459559987 0.06058952211566774 65544235.18879709 0.08276529710416608 0.08031368347334525 0.08262718191421767 0.07894481184282061 0.08256791008439368 0.07893497982861872
