1 256.0 0.20105290679160362 0.1888971584505356 21648.129165673032 0.20105290679160362 21648.129165673032 0.5402927413129209 0.4827357887667082 0.5402927413129219 0.48273578876670864 0.20105290679160354 0.18889715845053526
10 14510.0 0.20437373564273936 0.1978862511220172 20777.77820551008 0.19514448007226504 42615.992569783906 0.5416200784889397 0.48690344016898945 0.540948033141871 0.48505031005629373 0.20157824752664802 0.19610059128184537
20 31577.0 0.2054378520158188 0.20747269099906554 20693.585148909195 0.18984082603237473 63690.50235544981 0.5394734341936719 0.4876013767635353 0.540724358504576 0.486240150443298 0.20062152393426086 0.20330307410670995
30 52306.0 0.22463486592734172 0.23706287326094852 16038.355343572093 0.18959011919439442 79790.82039613488 0.5366205356395191 0.48968895776502097 0.5395152909661691 0.48821994946958375 0.21430889104886974 0.2214268055994542
40 65527.0 0.23799546606234667 0.2430941228533939 13851.094382610658 0.1904431682423209 93336.57380291131 0.5340467287131279 0.48747888020226576 0.5385024807454125 0.48814010955126275 0.223968101678334 0.2279890710063795
50 81844.0 0.24346070501895173 0.2440673939199222 13085.878820110718 0.1901393430370911 106557.2642263447 0.5280392988260328 0.46803450861784457 0.5374660490938967 0.4850491349072859 0.227552119042915 0.2273362854801803
60 110122.0 0.24474495977338293 0.2448131567332511 13101.082076881738 0.18929522026167747 120059.1203237241 0.528141720742767 0.4683270640194654 0.5359378079487779 0.48226303657486064 0.22806204773415173 0.2258386654021321
70 140847.0 0.2466704719214754 0.2576385952078387 13311.503182286591 0.1886427351764194 133670.9543642213 0.5283803374566406 0.4698546255672287 0.5348982997871722 0.4804272697866386 0.22899231472943085 0.23216152784972904
80 158661.0 0.26200687056377875 0.26722414637292063 11269.425494758818 0.1869051459939126 146341.5622554629 0.518392403003807 0.47097903213961984 0.5332196941200423 0.47956264443176067 0.2354607215763585 0.2384510532231237
90 175118.0 0.26343766876482727 0.27188817008206323 11256.565987842327 0.1852534225491283 159018.33463382843 0.5173760455834846 0.46951298459054075 0.5315239916224036 0.47854530370280157 0.2358202141968919 0.23955475901114356
100 196313.0 0.26473375458734105 0.27194889915570125 11790.081734245567 0.18443920882171636 171416.35378491686 0.5184521848574123 0.46453997234305056 0.5302195496675206 0.47736708381073517 0.23737101589421422 0.23867274035162356
110 225145.0 0.2687334320434481 0.27608599238203874 11662.113849601577 0.18392111629715266 183471.2614234093 0.5137197811383287 0.4602250529538161 0.5287342354859702 0.47587217393578934 0.23925985088605287 0.2399735376449333
120 259837.0 0.27361284500486777 0.2819788066322403 11049.23354897644 0.18359416602715703 194803.0887534073 0.527369176490094 0.46295565275911793 0.5283569869324706 0.4744851950347685 0.2419671926478366 0.24324626636920088
130 280690.0 0.28400057343610063 0.284871058161766 10048.74366632083 0.1834207726604841 205035.2327242062 0.5262618882646761 0.46384129943190544 0.528340069730038 0.4735969708107575 0.2503312083539289 0.24318056480009137
140 299079.0 0.29563235945164573 0.28688873435610457 9213.314976041593 0.18380551624357336 213805.56455520538 0.5276986687295274 0.46539870335619704 0.5282761894007658 0.472997236393454 0.25931111148451325 0.2434772135543842
150 325582.0 0.2962739401034241 0.2939177835835323 9235.077522700389 0.18387376286835505 222959.33607301355 0.5230443774555145 0.4584043575301275 0.528128023031077 0.4721225749858704 0.25929859447026826 0.24381142665355562
160 344389.0 0.29949811360387385 0.2944187249190557 9066.6891539668 0.18374528125978423 232189.82738372165 0.5237062805058219 0.45786221152924006 0.5278432716171093 0.47123516095552476 0.2604927062360542 0.2432452727613783
170 363679.0 0.31014263160610345 0.3001717885565669 8264.428461687541 0.183837163572683 240321.2367427511 0.5194572811006022 0.4573475263668986 0.527367240190619 0.47047790090111363 0.2663737015234589 0.2469967674971775
180 378239.0 0.31046972100589554 0.30112141193561653 8389.262144898581 0.18297310058212793 250136.33021132997 0.5202862655991685 0.45807710190850875 0.5269671888522891 0.46978481386927246 0.2663244153546953 0.24684932212848582
190 413289.0 0.3112420001567495 0.3012673179186118 8495.408935830119 0.18219544389062833 259914.98774189592 0.5203905424619285 0.4589293810479957 0.5266312312992378 0.4692050727698604 0.2663721089712377 0.24630037713367708
200 431302.0 0.322788656335096 0.3021028000062108 7680.5163194219895 0.181826023861623 268270.21304419835 0.5248460424415289 0.4607883844475535 0.5264150357296132 0.46872121016209145 0.2733691165075663 0.24666527946879419
210 445540.0 0.32335488260991513 0.31553215293781683 7667.96153926989 0.1815050469602151 276528.7643786188 0.5247095392848923 0.46280492520622896 0.5263296294716885 0.46831735660095175 0.2736459706009188 0.25532114356590885
220 460456.0 0.33362850510508296 0.3224250725788729 7072.208699356448 0.18149258807939017 283625.46436786087 0.5211796175846239 0.4614724419233513 0.5261073607951359 0.4680061673449865 0.28323797669030804 0.2618487166708474
230 486592.0 0.35340276217744154 0.33062603747536967 6026.893222542795 0.18144653479260855 289761.4057565272 0.5172673440733458 0.4684596698027331 0.5257598317400872 0.4678917066721148 0.29371729397749663 0.26447922111691546
240 499267.0 0.3550459993576768 0.3319916954202436 6030.067140003637 0.18150694507611814 295650.51353015326 0.5188107440565861 0.47039489689388864 0.5255178981347078 0.4680721282591351 0.29537254886591313 0.2650478452168154
250 519456.0 0.3730973996632152 0.3385993620327693 5232.3548891022965 0.1811402528711075 301907.11627574725 0.5062393081404605 0.4593085919598307 0.5250227038974109 0.4678965276483358 0.3067155469919805 0.2679928227247615
260 535358.0 0.37526335803222977 0.3428791282790329 5151.16337268207 0.18068241290918738 308380.4373941189 0.5015315502777181 0.46973966798725053 0.524224065763038 0.4677016635965573 0.3073083622030522 0.2706929296105681
270 562202.0 0.38041964499704867 0.35186456607885025 4951.15434550539 0.1803142703823242 314428.4522046946 0.49981791658082547 0.46922412080116643 0.5233547767591192 0.4677756374680328 0.309755080004593 0.2776187586359685
280 573377.0 0.38340776402635157 0.35791055296116187 4886.423676407013 0.17988554285817313 320628.02709163434 0.4957936436987642 0.4661036541900888 0.5223866203741496 0.4677362400559691 0.31198177353340273 0.2792913556942507
290 591562.0 0.39921446182476755 0.36753945623201284 4341.520638485177 0.1797059009257557 325554.3795395298 0.49529078050299896 0.46240001977643436 0.5215746805949493 0.46768137506370044 0.3222716968278759 0.28544826843655885
300 609536.0 0.4097969916969988 0.37309148643317125 4019.121447768397 0.17955863744861061 330076.43147204735 0.4952740414740495 0.4638482657079809 0.520709376427958 0.46752074496299467 0.3288684566409423 0.2886704054248159
310 635588.0 0.4137112234102542 0.373263421208454 3968.92421587042 0.17967556608181562 333653.39147057506 0.497177044497844 0.4646541161594923 0.5199339366785283 0.4674146252274919 0.33040958635427775 0.28867703605981737
320 646035.0 0.4439482144130539 0.3746635618416738 3217.114642995664 0.1800470839119374 335512.5184210013 0.5030195405195899 0.47097388763001924 0.5193875855212404 0.4674556398532733 0.3438967142544284 0.2889478398894175
330 663932.0 0.44907609770788753 0.3806464934022645 3114.627345617708 0.18046659026230924 337091.62072137167 0.5049594060607542 0.47099582523684447 0.5189086319198424 0.46754092119486657 0.34604050894842664 0.2924990753092717
340 680759.0 0.4492785042922097 0.3808282975683586 3115.160757248245 0.18081986967235372 338919.5683402782 0.5035320035249053 0.47150306229159356 0.5184778815446562 0.46764808238736283 0.34579777520266464 0.292629835376509
350 695512.0 0.4550593324029844 0.3934385424690262 3010.631072376317 0.18121986237979423 340468.4700129737 0.49715915005301914 0.4752492418979187 0.51800546359276 0.4679456859940557 0.34739579367499973 0.29811903579571336
360 721111.0 0.4585697435538359 0.39600493040529566 2949.3625969638188 0.1817453462396797 341524.05907947966 0.49587142978143667 0.4765669767201789 0.5173728016966909 0.4681690941798296 0.3486995737736227 0.29939561989924107
370 741639.0 0.4603139602716792 0.398793916187699 2923.6784472909844 0.1822999497016332 342474.500255905 0.495156569163459 0.4781047369593863 0.5168157415754757 0.4684489676958594 0.3492441343408977 0.3012560909981244
380 753553.0 0.4608128580321391 0.3997330616168997 2917.165985606687 0.18271728850608812 343902.5228958574 0.49443387826921037 0.4730037442175622 0.5162363425318018 0.4686241619344774 0.34900539359731203 0.30230594642248676
390 779530.0 0.47527608182379694 0.4268301667477269 2679.389016164814 0.18311001648416583 345128.6494062965 0.5135365134036634 0.48583534393903755 0.5159866977122103 0.46879834219494365 0.354106137387785 0.3131113828756864
400 794629.0 0.47933693635111274 0.4281714601773329 2632.937834746746 0.18319018342847151 347455.00112807506 0.51554997794675 0.49360921152874115 0.5159425181606884 0.4693160853556157 0.3555248785111583 0.3137339908744105
410 816829.0 0.48054686474651026 0.42899865016419325 2631.443386140844 0.18315317486749444 350229.5522941067 0.5102435886667986 0.4869363063043368 0.5158217941107569 0.4697267337082948 0.3553840607685013 0.31493791986628367
420 828027.0 0.49415524108605313 0.4345883959005877 2417.032925004678 0.18319970212847608 352461.4111846684 0.5058458216064182 0.48482887708847094 0.5156577343361826 0.4701129125122083 0.3607794518541027 0.31842995189866635
430 853589.0 0.5122370969142722 0.44071197740213025 2176.532071293026 0.1831558325506366 354821.2411606486 0.49826671932353117 0.4876448884568244 0.5153552906380141 0.4705182439698693 0.3642501724673223 0.32131575237813464
440 872938.0 0.5140780264272835 0.44732548176490033 2169.7467369080678 0.1830221272671296 357555.7098340825 0.4968207417351193 0.48716110641968646 0.5149471070186518 0.4708984551805649 0.3644103729591266 0.32480350947448705
450 899132.0 0.5163352743399757 0.45989965508193853 2160.9081206000756 0.1828904736696535 360275.24530737626 0.49933029686515795 0.47472393856262474 0.5145617305066411 0.47104977918939334 0.36400360827336126 0.3309322335887905
460 918064.0 0.5261939530640017 0.46306787320886295 2089.248743619486 0.18271236148303904 363135.30986924854 0.5065966138409983 0.4827397227510775 0.514285311243507 0.4711910791045814 0.3660536299466161 0.33265103693601195
470 942059.0 0.5271982200909155 0.464848666147754 2080.3980801381476 0.18264097857937714 365523.164816391 0.5132458617142839 0.4864127217394244 0.5141268764014697 0.47147143081366516 0.3664202220279484 0.3336122825899172
480 955953.0 0.5385278489283261 0.47442174279138816 1965.199405061181 0.18228105043897147 369117.19403829076 0.5169849086944309 0.48342591068806506 0.5142138063331758 0.47176347988550915 0.37333704712968635 0.33509083130364903
490 967982.0 0.5442539661597602 0.47935828577960043 1914.626501903911 0.18184604741333296 373048.0249671162 0.5137330317817681 0.48374996113887675 0.5142264977715504 0.47200620815879546 0.37360372769537237 0.33787750564571006
500 986789.0 0.5527718013361802 0.48600592413665544 1833.1643016994515 0.1816253478091755 375908.0628493514 0.5111227918315097 0.4793697969260721 0.5141745779096216 0.47217269315589305 0.3766366512970618 0.3399504541022648
510 1025968.0 0.5541075730238436 0.4904158630889415 1824.0197502214298 0.18128788452517863 379330.95490207325 0.5028620662787627 0.4681166897333573 0.514081393127043 0.47226642247772127 0.3770525564796701 0.3389272290688322
520 1043202.0 0.5567875688603243 0.49280115316361145 1803.8311522479305 0.18093144890290927 382846.57238887285 0.4951408732348091 0.4681670088681921 0.513763340367745 0.47218008203350653 0.37832619010536755 0.3393501158818734
530 1063690.0 0.5586094900238492 0.4932653935263946 1791.1778532178757 0.18072584355960225 385621.4636319716 0.4999379267931311 0.4666251796122194 0.513448083724386 0.4720956862226241 0.37873034675824685 0.3391526471456344
540 1092187.0 0.5590648500605938 0.4934761763811036 1811.5336909080695 0.18052771477423368 388381.7469663804 0.497345790020693 0.4660400557111541 0.5131591362950468 0.4719850347086376 0.37846081205209603 0.3388993059649319
550 1104797.0 0.5780640027665256 0.5106961460596584 1677.8542936773906 0.18046329150463583 390372.6698762969 0.5003592395366839 0.4781611875581776 0.5129011207291049 0.47203657076169275 0.3841133773832561 0.3420498384853909
560 1128826.0 0.5829068431269683 0.5273122589594246 1641.9169161657742 0.18046408270259487 392010.7363288746 0.5006101495455021 0.4803930520102896 0.5126790485380691 0.4721643159923121 0.3851965041374436 0.3472400892922703
570 1145411.0 0.5869591695039414 0.5771725927593004 1623.4965359531927 0.18059824597751553 392988.4445325725 0.5022505059964412 0.49069873632436645 0.5124825885079656 0.47239681376687964 0.38529431314062956 0.3644829436502911
580 1171100.0 0.6079266578588669 0.581615696153667 1469.176153017924 0.1809844083160627 392596.14139627427 0.5162648154179099 0.4883106683612327 0.5124419165992832 0.47268379270616917 0.3949229585260917 0.3671907296860918
590 1185260.0 0.6102914995025623 0.5957202228356424 1465.5590328639948 0.18121712632469095 392931.0609263165 0.5038527406457728 0.4885209413274419 0.5123117803056074 0.47295550955702576 0.39602071179650755 0.37228044079898315
600 1202707.0 0.611751175157567 0.5962317910733428 1458.168541018072 0.18145710483421765 393229.155726569 0.5015730307551138 0.48430950959999974 0.5121520226462499 0.47317916331714915 0.3964179629994199 0.3726718939504099
610 1220777.0 0.6143596061264177 0.6048155921207128 1443.2946225710969 0.18151687554319887 394378.5451421053 0.4894064631528019 0.4826767199545966 0.5118772248857713 0.4733513001608138 0.39632965229414713 0.3769449160289655
620 1232694.0 0.6178434799205771 0.6145532186385032 1421.6461898870953 0.18153761524666082 395697.4723465623 0.4932697169414693 0.4880167788869857 0.5115783549376516 0.4735532442689967 0.39588242739368035 0.3781569948596313
630 1255005.0 0.6183122467049111 0.6150750152640994 1420.6268584183345 0.18144555722251043 397579.50654228637 0.49416630062845196 0.48784611799903793 0.5112899846070553 0.4737822675967982 0.39535081594003774 0.3783945557393275
640 1274727.0 0.6202528917480922 0.6164220411548149 1409.1741123574627 0.18127797409876362 399839.3498819889 0.4857444289860053 0.47688235590001093 0.5109438643416305 0.47389139947096914 0.39538180842080545 0.37892955111615373
650 1298251.0 0.621352439476188 0.6317813083885736 1406.8250035629671 0.18098448513631812 402763.07672696305 0.47382935910044666 0.47768672353454705 0.5104614726570741 0.4739422240244311 0.3952660325821625 0.38943275126242355
660 1328797.0 0.6267012107780753 0.6558772265775145 1372.2622943351582 0.1806892654005125 405682.51794680784 0.47865210218772375 0.47920649191237424 0.5099337560218349 0.47400954715786 0.39616823793287126 0.3969236131590893
670 1347314.0 0.6300943560168349 0.6595654690020907 1351.2182359609221 0.180371543393678 408721.6260916188 0.4834358668441069 0.48225857350047574 0.5095014321983122 0.4741099092787266 0.39532769838683296 0.3985503221079908
680 1359357.0 0.6459254171144715 0.6736241443954312 1298.8548163877226 0.1799846193118218 412126.54923221475 0.493902496098016 0.49482681708596765 0.5092004979742175 0.4743216437801835 0.4001443832629001 0.4041873371711799
690 1368915.0 0.6484090779186937 0.6805553956834932 1298.600919478178 0.1796343403734864 415342.99399994506 0.49873978718809925 0.49808451532191134 0.5090289951583146 0.4746456115114343 0.40017912098644187 0.4071379134436154
700 1391267.0 0.6563032231648326 0.6843091296274187 1261.4335369593002 0.17936436998508767 418093.2103768315 0.49843252928846404 0.49667378404350027 0.5088911074391981 0.4749598250420147 0.39997950380376013 0.4084769516159159
710 1403350.0 0.6626798450039867 0.6868452218400478 1232.2775800017407 0.17919872051302985 420240.0938011834 0.49684042849969484 0.49438769067581717 0.5087501104292171 0.47524937880372664 0.40349201980412563 0.4096826653661198
720 1411702.0 0.671136854533954 0.6947236639088449 1192.6593768911225 0.1790798754553293 422093.54955343297 0.4958504549525947 0.4914921256839002 0.5085929464973954 0.47547460204629777 0.4060617759301472 0.41491102711990163
730 1441602.0 0.6770604762295797 0.7005414811497421 1171.9546062163151 0.17882098852900272 424736.732265863 0.49655641191394495 0.4934429412502589 0.5084270868021149 0.475693989449458 0.4075552804907088 0.4165801609574837
740 1473652.0 0.6867912640942962 0.7018116320170041 1130.1176852643398 0.17866891904431353 426734.0253247712 0.4869527982069021 0.49448945577828174 0.5081429140628149 0.4759320170335695 0.4151420354572928 0.41748659815203737
750 1487359.0 0.690783820315917 0.702087620628015 1116.1527453728245 0.17844806886518336 429126.95172148535 0.4851214769191874 0.49381902837922426 0.5078485500352181 0.4761764843458847 0.4170354159254199 0.417648104494334
760 1503692.0 0.7077996321762683 0.7179300615038798 1057.0201500091641 0.17848677929748274 429962.36260655 0.4962715965511647 0.49688593937393627 0.5075924301534177 0.4764253593405588 0.42005465061750646 0.4182859302520569
770 1516178.0 0.7147355908947871 0.7243830927424071 1031.862354052476 0.17848800818272184 430987.1286911457 0.4994184867028919 0.5001121647738084 0.5074795288422684 0.4767236392125677 0.42057267786291164 0.4201747015709555
780 1535787.0 0.7238593007680246 0.7302961135841209 1003.625921403743 0.17853767407050275 431703.65417466534 0.4828317415433412 0.48383802289610905 0.5072412047513367 0.4769067468645486 0.42364084537288543 0.4236665280703618
790 1553155.0 0.7347232018247251 0.7315263267210309 962.2610848956101 0.17848423257538323 432980.70133805973 0.4812845661660341 0.4804902473008503 0.5069254021282414 0.47698826715725984 0.426886644148347 0.4244648526079492
800 1588395.0 0.7404120728461381 0.7333191899876584 940.389129120399 0.1784816048402191 433936.58286676445 0.48118929438835545 0.4799050050416124 0.5066085665952533 0.47702998274766517 0.4289749190206165 0.4247500450611209
810 1607187.0 0.7474047943845504 0.7344891608182316 914.1892297083933 0.17844637127040855 435060.4276070629 0.4802161651489222 0.474228041501356 0.5062879640768523 0.4770302692571541 0.4326478992398345 0.4260555352740245
820 1629272.0 0.7583681944465726 0.7443008984697866 876.1341810773829 0.17827027866451067 437008.4743243625 0.4690076118705699 0.47239245155163295 0.5058829305600314 0.47697008582714323 0.4373544896668139 0.4276329141908322
830 1645385.0 0.7649548612351795 0.7472267482946823 855.3073770209141 0.17807808603083242 439045.5067435567 0.4748276060882555 0.478314532856466 0.50548898817686 0.47693811855193863 0.4366699634094898 0.4285583273594897
840 1668661.0 0.7653679412453829 0.7575298390977844 855.0252088496261 0.17774381231288708 441992.5318907795 0.46601554116567834 0.47920262578081113 0.5050531606346151 0.47697030724791767 0.4360338608300891 0.43085695323725487
850 1682174.0 0.7726400284278409 0.7646863582014646 835.2285093906321 0.1774920238876433 444410.6119052947 0.4556815283780344 0.464469036144798 0.5045173603348331 0.47684978039248194 0.43767009634236803 0.4330243895065296
860 1705147.0 0.7973922066494261 0.771573036686192 769.2168830261562 0.1771495934771551 447390.7946674427 0.4610220346760838 0.46153313716248484 0.5039759061679259 0.4767115836310234 0.4451748034676069 0.43467844214278145
870 1731826.0 0.8056878241141632 0.7794731831861723 749.8954559816934 0.1767887071401932 450502.18276634614 0.45805617326322334 0.46340868390674245 0.5034572538411489 0.47655203185121264 0.4477180078422481 0.4364871986610692
880 1750315.0 0.8077570965068129 0.7809004363246683 745.9135431080779 0.17643599180701244 453576.4950253145 0.45570308827723727 0.46250126488742543 0.5029311324460232 0.4763966665226505 0.4479177833756927 0.4364831045425781
890 1772513.0 0.8147252241198241 0.783515190663192 729.4415868906088 0.1760841215778806 456655.6883309173 0.45940726864633546 0.4624311689109755 0.5024212629037518 0.4762405111490888 0.4483401409382099 0.43739198490698994
900 1791294.0 0.8230431992277732 0.7880693849201842 708.873151291883 0.17580422663320264 459245.86687624303 0.46529243408617993 0.4637522093207997 0.5019895405036675 0.47609238196660225 0.4552233624813162 0.4400416663726485
910 1797018.0 0.8267574897092628 0.793028421803782 700.2811795266857 0.17550798356084368 461956.9318608288 0.46699561566859465 0.46989750768111294 0.501593065866106 0.4759801283081576 0.4559060654086842 0.44248463994773507
920 1812109.0 0.8310781230423845 0.8016376303807662 689.7003414616094 0.17522277411911438 464598.6950815425 0.46470060070761154 0.46693200395478435 0.501216773002357 0.4759148896400534 0.45607843751813326 0.44586897928679314
930 1821116.0 0.8321229257859997 0.8027521603110149 688.4945119293134 0.1749436329633793 467210.4667690823 0.464712212477391 0.46741463016158596 0.5008249921050947 0.4758236375228042 0.4558393138012176 0.4460155734243559
940 1831926.0 0.8431690535240233 0.8108657604078929 666.6833618503931 0.17476538886708087 469108.4370059606 0.4708939194182534 0.47622186267790634 0.5004806109540756 0.47579588422578845 0.4577363803187832 0.4466911847458271
950 1851118.0 0.8584598830479204 0.8321189262908092 636.6039400709831 0.1746596447908549 470478.79621653643 0.47138523409449545 0.48041722099971224 0.5001821289119313 0.47584162347733333 0.4617372291572149 0.4537501686717126
960 1864205.0 0.8700149041576087 0.839850299674803 617.4169964261863 0.1743613875115026 473212.4516799007 0.4676521768712108 0.47120003392474685 0.4998825840176633 0.47585111655857987 0.46393864763306036 0.45648730706043417
970 1893294.0 0.8788731398374732 0.849302144889503 608.6061831200841 0.1740049286575791 476384.3132688658 0.4649270048724932 0.47558910577426583 0.4995576595698275 0.4758616159939312 0.4653110831927198 0.4580874228209162
980 1904495.0 0.8886473389255863 0.8617903115476099 598.9736681396071 0.17376975822091736 478676.00861644186 0.4562356815116261 0.47777297823413883 0.49913512251433995 0.4758586416092094 0.4685653690122672 0.46222447239545134
990 1917343.0 0.9015141951638074 0.8821268502997098 580.0755533050748 0.1735518388477148 480837.4557400464 0.45532187814533953 0.48205740301345545 0.4987002731518591 0.4759181019456212 0.4736275448230803 0.4689822499675508
1000 1930267.0 0.903180171657134 0.8837374611433485 579.3472537501867 0.17317272893540042 484217.5738124802 0.4516371716270001 0.4826642552292252 0.4982359292869042 0.47598555312214746 0.4733457747052709 0.4688469431029159
1010 1939842.0 0.9314498559984706 0.8910862340015256 530.1638049904295 0.17300121662536908 486018.7956440302 0.46207163380216043 0.4843291423739427 0.4978188611676414 0.4760616274840416 0.4886134370931002 0.4727161737248059
1020 1955563.0 0.9347884714710858 0.8918341482690199 524.5902874237967 0.17290829441950972 487231.5169602828 0.46269516428344104 0.47682404098835 0.4974725630223037 0.4761168026678447 0.48933081213633456 0.47271663765175537
1030 1964224.0 0.9715094131067074 0.9078676737094866 468.38775374108644 0.17282920227629273 488293.689753021 0.4784546257105904 0.46519656372693097 0.4971980191443398 0.4760689780313728 0.49630189459032437 0.474883382719158
1040 1985117.0 0.9768023411240021 0.9081571222806591 461.35531193462754 0.1727269131692275 489526.9313462688 0.47975552812969463 0.4651622554559794 0.4970240226233753 0.4759638398038057 0.49657642156735304 0.47480686006302375
1050 1995670.0 0.9795587988412616 0.9124226759590534 459.54584111517977 0.17265313936515878 490543.62582142005 0.4827167188339715 0.4673720480400047 0.49688459658032863 0.4758704366724581 0.4968971494808797 0.475878512916621
