1 3670.0 0.06073099901267835 0.05080428161903042 752167.3907786666 0.06073099901267835 752167.3907786666 0.0782160990538579 0.09013995883901592 0.0782160990538579 0.09013995883901592 0.06073099901267828 0.05080428161903037
10 18577.0 0.060756220070255856 0.05080958979651529 751506.4372102254 0.060730999012678345 1503673.8279888919 0.07821751672976195 0.09013996595292804 0.0782166145723687 0.09013996142589319 0.060743502168305916 0.05080689904067941
20 35980.0 0.06077385279489076 0.05088059441116122 755831.6873713472 0.060730999012678345 2259505.515360239 0.07821218761546614 0.0901322480784531 0.07821653663642913 0.0901392285459573 0.06075223988686571 0.05084164045305917
30 51595.0 0.06083379611741902 0.050903182993674696 753984.6386161505 0.060730999012678345 3013490.1539763887 0.07821218761547424 0.0901322480784592 0.07821513372644223 0.09013697678224666 0.06078190448059443 0.05085284673753879
40 58567.0 0.06088192720727558 0.05090854643960987 752422.853568686 0.060730999012678345 3765913.007545075 0.07828774700470909 0.09018164381100478 0.07822178681051503 0.09014064253572784 0.060805262500122435 0.05085551447876121
50 71897.0 0.060914975226003774 0.050952959954702275 757550.1982226549 0.060730999012678345 4523463.205767729 0.0782877470047718 0.0901816438110472 0.0782347201819309 0.09014868200147248 0.06082169152348305 0.050877519697323105
60 106000.0 0.062331049498807786 0.05254419671914877 711144.3468569426 0.06044813048740034 5240131.734204737 0.07630525758724045 0.09063237994808997 0.07802294729406548 0.09017923412830815 0.061833714787773955 0.05224292816076981
70 119630.0 0.062346807483277686 0.05256169783515562 710947.2956288805 0.06017385977418827 5957109.42424222 0.07624549815773403 0.09067222378184692 0.07777933580213249 0.09024417984472148 0.0616927553486154 0.0522585413946883
80 139897.0 0.06235035183429587 0.05256483602635968 711510.3756938635 0.05996053810835668 6673349.947394142 0.07624558793069354 0.0906728679535142 0.07758997977983274 0.09029707249165007 0.06157449322825831 0.052264976130099096
90 152811.0 0.062360620612255155 0.052613601428670734 711667.8026002253 0.0597898807756914 7388845.0863893265 0.07624526826139782 0.09067320568501526 0.07744220914661648 0.09033826711853807 0.06148530155754173 0.05229223079144586
100 169781.0 0.06237577355222678 0.052655688679538536 711702.1465867626 0.059650252048965256 8103713.118571772 0.07624529426916006 0.09067208587844527 0.07732370437155012 0.09037134347934947 0.06141790668641642 0.05231609255730112
110 186458.0 0.062377887729659715 0.05266044499949296 714847.7405495027 0.05953389477669347 8821026.214709148 0.07624896818869113 0.09069597104089283 0.07722674889851873 0.09039972847903927 0.0613576808113785 0.05232105250319435
120 199668.0 0.062425498616707056 0.052687323456329926 713579.495837001 0.059435438623232736 9536782.769469501 0.07625335883050952 0.0906965272095575 0.07714603736335605 0.09042422512317892 0.06132134563661979 0.05233555379913334
130 216084.0 0.062435066802092945 0.053711233779653374 713553.7493492458 0.05935066332246904 10252229.074289732 0.07628598546012637 0.09029606066682087 0.07707552168318059 0.0904312301335472 0.061280529240396994 0.0527004770791445
140 230416.0 0.06244038247506839 0.053714222827792056 716609.5897981562 0.05927719139514052 10970332.455205804 0.076285853752642 0.09029597772913756 0.0770195177995079 0.09042163835265134 0.06124508882876624 0.05267382222848363
150 250406.0 0.06590144130519147 0.0573527858330258 612100.0191879699 0.05942348984005503 11571980.365164028 0.07920573927392296 0.09206422977028028 0.07704827873736533 0.0904601575707271 0.06282924396634725 0.05434316993471241
160 261000.0 0.06693473317966488 0.05753933245946587 584988.5471189261 0.0596085024893858 12141136.715768993 0.07931168175102422 0.09205172598892275 0.07718823767602778 0.09055909074488301 0.06380729887676895 0.054562121813939365
170 269120.0 0.0669691842248454 0.05759036941226756 584177.8923447108 0.05977295817767983 12711270.613888182 0.07931168175091403 0.09205172598884825 0.07731241569210477 0.09064637935564464 0.06390603568718115 0.054632264712494286
180 276901.0 0.06706818896167027 0.05766307627994426 581953.050044611 0.05992010274089027 13280468.672266334 0.07931168175079673 0.09205172598878343 0.07742287238043212 0.09072402281604038 0.06401373076744765 0.05469990128143654
190 293195.0 0.0680715970045724 0.05812241721053093 557132.5306323093 0.05996352097658979 13832107.826880395 0.07784464819678155 0.09070958578042738 0.07749574819851927 0.09076863864686491 0.06491634532604218 0.05510668928769137
200 309310.0 0.06839611907198413 0.05815133524872225 549591.6241312779 0.06001589775490707 14374826.59161975 0.07784477204706969 0.09070966436984396 0.0775131101044116 0.09076570303926351 0.06551161854286701 0.055160965007548766
210 328556.0 0.06859438098706026 0.0581631226071643 545552.0527543996 0.06008477542826029 14911387.791692436 0.07787903387185763 0.08963363495831744 0.07753044029549386 0.09071205026614478 0.0656198075199078 0.0551421463025882
220 344187.0 0.068678944653216 0.05822360164686378 544069.6190192616 0.06014766373871322 15447178.855239438 0.07787903387203234 0.08963363495863133 0.07754621376049316 0.09066325319340189 0.0656441203535418 0.055145402469888874
230 361894.0 0.06869326254256568 0.05822513082860057 544761.546270748 0.0602053113566284 15984427.741105264 0.07787903387203539 0.08963363495863165 0.07756062155752967 0.09061868097544643 0.06563978988414546 0.055126147765162115
240 379851.0 0.06870148455604895 0.058230149913978485 545304.388864625 0.06025855978402918 16522855.690068413 0.07787903389032039 0.0896344464899312 0.07757383368683825 0.09057781106408991 0.06563615514562499 0.05511197488221404
250 396930.0 0.06883920908401908 0.058251134111467456 542425.4456062422 0.06030809962601398 17058730.03418633 0.07789376983286067 0.08962968462765099 0.07758647627004074 0.0905401172213119 0.06567456148913901 0.05510341797255348
260 409847.0 0.0689130458719462 0.058267893882225884 541041.1531242292 0.060353969850073984 17593640.5461481 0.07794995096172147 0.08966832119547283 0.0776004171922755 0.0905067173629097 0.06570183491306748 0.05509506877583492
270 433039.0 0.06951056387036672 0.06602600389597749 527771.0310764817 0.06039652912913799 18114970.59715268 0.07802385692431069 0.09022101389816534 0.07761604309029685 0.0904970024505914 0.06621145241617823 0.06188266956680615
280 447056.0 0.07014734043930736 0.06626590892848692 513857.01975950476 0.060453008805967275 18619526.71264935 0.07806105068205867 0.09007483694528584 0.0776308391974562 0.09048538741641468 0.06671422313521025 0.06207414421895501
290 460077.0 0.07023050606645173 0.06630843662306601 513326.70940065675 0.060497297619841885 19125412.35367065 0.07758360388930387 0.08985856074654647 0.07762876810781343 0.09046384023505867 0.06674933023615222 0.06210029793319357
300 476133.0 0.07030266206830675 0.06649018614185608 512097.70571773767 0.060538729090885875 19630491.261207525 0.07758360388930106 0.08985856074656004 0.07762726763543767 0.09044373128195206 0.06677416848435638 0.06219236455985932
310 482657.0 0.0704618254438282 0.06650454973773273 509165.3404569318 0.06058029612416346 20132490.39852675 0.07758466127984492 0.08985816298046732 0.07762588405627986 0.09042490783516599 0.0668690838819078 0.0622053841234302
320 494843.0 0.07161663830396553 0.06660993133404108 484853.12537684484 0.06058344431777132 20616631.210514855 0.07628184787056508 0.08802112912221888 0.07759543536625353 0.09035105570839128 0.06769660628364879 0.06220185777403296
330 515213.0 0.07227871927590314 0.0667943535096098 472187.76095199503 0.06058698398732386 21087946.102704678 0.07629999051786143 0.0880175843206118 0.07755633051543509 0.09028056117576229 0.06786629105118802 0.062237407692909655
340 526037.0 0.0723162987578891 0.06681447093215684 471721.9338185972 0.06057695644011839 21562209.74532895 0.07626647262464036 0.08909480376717069 0.07751899708615713 0.09022999389919012 0.06785944254173183 0.06221860153296984
350 539736.0 0.07234459318482143 0.0668518982185084 471327.0244915423 0.060567485978868775 22035945.231701527 0.07626732532136082 0.08909482731134913 0.07748331748723514 0.0901976524341417 0.06785136913410016 0.062202334782384586
360 554538.0 0.07234836289025312 0.0668632542294017 471859.58489921706 0.06055852743444347 22510076.014628038 0.07627120768676966 0.08909202721050961 0.07744966458292847 0.09016704020624815 0.06783455995001354 0.062179470830485174
370 567800.0 0.07239623734404363 0.06686985788479118 471205.39416150237 0.060550040392356334 22983444.37524062 0.07627076972951248 0.08909096830526803 0.07741789179902087 0.09013804389552975 0.06783579910808539 0.0621577648618504
380 589131.0 0.07240977939471006 0.0669226619333805 472296.48761850386 0.06054199476812543 23457775.96336188 0.07626780963508203 0.08908942229912689 0.07738772145400646 0.09011052913450182 0.06782743595574509 0.062178551341927256
390 600788.0 0.07246728207282815 0.06696719769630194 471254.503443704 0.060578857360701024 23920620.25623166 0.07743629215212096 0.09023050497275856 0.07738597131223408 0.09011067903713443 0.06787422410393355 0.06221236110128612
400 625160.0 0.07556699592319058 0.07714297860939705 415692.79089992726 0.06064861445242455 24314002.53518052 0.0776437015196831 0.09499647491847629 0.07738828123426743 0.09013743766696068 0.06962762513052445 0.06758160226516621
410 637392.0 0.07558252492765624 0.07714648072712191 415670.89129456884 0.060715049777875535 24708513.526890103 0.07764399819023159 0.09499646172181954 0.07739449856747975 0.09025566218942939 0.06965253439371119 0.06770575846144193
420 658622.0 0.07560631223459838 0.07723352844601525 415597.85659409396 0.06077839508818927 25104008.265103716 0.07764399819015892 0.09499646172225402 0.07740042492431391 0.09036827025433693 0.06968306420473669 0.0678646201960929
430 674326.0 0.07562767984111035 0.07724162266469402 415662.62388735294 0.060838861066216006 25500565.093524616 0.07826927860491521 0.09748813114693229 0.07740752919773215 0.09048143404413576 0.06971371684669453 0.0679787819099888
440 679653.0 0.07578818188612096 0.07822469704330239 413479.2441425703 0.06089577518837063 25895814.97751194 0.07826940837200343 0.09748837017418216 0.0774270714718983 0.09064031877466687 0.06975005320639631 0.06803610697243972
450 692883.0 0.07585533571327974 0.07831427261436193 412720.25756676233 0.06095021478347506 26291064.8702551 0.07826957060533096 0.09748845323697797 0.07744575098674539 0.09079216160829616 0.06979037220148075 0.06817567992684129
460 703785.0 0.07625545328158878 0.08101420277662917 409491.4171120451 0.06100693764714797 26682178.726165995 0.07839102951021665 0.09879127996357571 0.07746625594387054 0.09096567827543893 0.0700186204938967 0.0697834805041205
470 722597.0 0.07626382676268817 0.08101646918242641 409678.49382508185 0.061061297058167825 27074331.134184238 0.07839102951022252 0.0987912799635739 0.07748589020217934 0.09113182693123799 0.07003610637854342 0.06990854524657229
480 731974.0 0.07628474877693188 0.0810261650872199 409702.6788421681 0.0611134377177175 27467282.315113265 0.07839102951022539 0.09879127996357365 0.07750470806721152 0.09129106711902037 0.07006072036338726 0.07003080001467733
490 748010.0 0.07632283276547129 0.08107930434965135 409410.5803477042 0.061163492750885194 27860626.561841078 0.07839139543975183 0.09879176889844465 0.07752277118864408 0.09144383651968493 0.0700950786102521 0.07016506528244808
500 769100.0 0.07634218212894477 0.08110959827406118 409222.87745346804 0.06121158484157572 28254437.600824766 0.07838963658860373 0.09869941764621647 0.07754010419353777 0.09158994886385671 0.07011676925926397 0.07028683286199576
510 794237.0 0.076443944780309 0.08112689530276938 407657.81474003405 0.061257827236470455 28647133.05697392 0.0783891915190024 0.09870171367424836 0.07755672096784501 0.09172908107892395 0.07014580028308712 0.07039831958907641
520 810163.0 0.07784640187352575 0.08189676233012293 386564.37151333253 0.061311093904159134 29013965.14827565 0.07865302928320571 0.0970849315906301 0.07757423398876863 0.09185360314279536 0.07061729497817391 0.07081644259982087
530 824762.0 0.0780491679534648 0.08225952563147487 384069.60393444396 0.06134139920638259 29386071.589696474 0.07837442594816996 0.09730167019378774 0.07758893689039498 0.09195370851489788 0.07068200214201749 0.07107321580566381
540 838118.0 0.08152402949033705 0.08370895998427356 337364.6044049625 0.061370602497616104 29708254.65816973 0.0783741300944224 0.09729929394102373 0.07760345281545107 0.09205253542667678 0.0727343752260541 0.07135842149119948
550 859155.0 0.08154831540374362 0.08379697107464444 337281.797265745 0.06139876281416271 30030917.67671261 0.07837413009451141 0.09729929394056164 0.07761743969891786 0.09214775790424483 0.07275813619690233 0.07148655273790325
560 875004.0 0.081568042802041 0.08381554985969265 337475.7884632098 0.06142593504942698 30354327.457649544 0.07837413009452167 0.0972992939405713 0.07763092794126357 0.09223958564107772 0.07278739523330968 0.07158606936035242
570 892414.0 0.08160512445326214 0.08385460069163583 337329.53248110943 0.06144932693875018 30679498.952958457 0.07837677475508734 0.09730202497182314 0.07764398560697502 0.09232824001958137 0.07282259544274694 0.07168836168844292
580 905104.0 0.08166959644836787 0.08388175571319252 336578.04105766735 0.061471925882672605 31004299.54674427 0.07837982444864641 0.09730235099645107 0.07765663490015216 0.09241385126174106 0.07286872423815743 0.07178312353080993
590 914937.0 0.08168820864469753 0.08390175364020505 336646.6328939949 0.061493771528464275 31329581.986163136 0.07838056123307609 0.09730326565748337 0.077668881583325 0.09249657898157368 0.07289380787084139 0.07187408929369699
600 935956.0 0.08170244300051856 0.08392588761051728 340089.13348935416 0.061514900923574256 31658911.947229132 0.07838096047997456 0.09730351519752106 0.07768072383913922 0.09257655754446736 0.0729165929954766 0.07196560814900534
610 949433.0 0.08172991901630924 0.08393337227746674 340052.43423174496 0.06153534872529359 31988563.946720105 0.07838109982216662 0.09730430358450287 0.0776921866211855 0.0926539347300654 0.0729380288101289 0.072047157329548
620 962032.0 0.0817801244743843 0.08396968116165539 340252.43526100204 0.061555147390450406 32318771.467400353 0.07838076263725823 0.09730438651689077 0.07770327551134786 0.09272882112268169 0.07297426940228972 0.07213210264633142
630 972064.0 0.08187140681795346 0.08413042492753442 339656.9872669493 0.06157432734732109 32648674.152815137 0.07837647545364408 0.09730493230528223 0.07771397864221109 0.09280134082099539 0.07303153396067286 0.07229565246670305
640 982917.0 0.08189921827829501 0.09314012171325571 339509.73819641507 0.06158021467829593 32985106.426037 0.0783442868656203 0.09799080551460307 0.07772386200684311 0.09288122970195778 0.07304726281090293 0.07784535344948432
650 1003296.0 0.08193007797239321 0.09751759579124551 339771.76980070665 0.061585923579264755 33321899.916329637 0.07837986088755958 0.10107095500834457 0.07773340084108615 0.09299312726129211 0.07306565135683633 0.08075974133540499
660 1017035.0 0.08210195239376292 0.0983194688736925 338316.98807235144 0.061592755196439024 33656632.79197032 0.07841120366806972 0.10129972178970424 0.07774341795813187 0.09311706388969963 0.07317399028489209 0.08134668527387293
670 1043670.0 0.08211095439518878 0.09834116533544082 339763.4291437685 0.06159938588369639 33992950.565874055 0.07841110082859873 0.10129972163864957 0.07775336898230928 0.09323901109974841 0.07319186958304819 0.08146062764804048
680 1060627.0 0.08216226128751922 0.09850489835373619 339343.41162890824 0.06160582437712022 34328940.652782954 0.07841288953725047 0.10129972837389341 0.07776305094536516 0.09335737698228376 0.0732187399718192 0.08158533016441795
690 1076564.0 0.08216615419261426 0.09852372657179476 340088.75608453015 0.06161207891358908 34665789.002373904 0.0784128895372507 0.10129972837390629 0.0777724552665212 0.09347231694453577 0.07323302673437822 0.08169415411491683
700 1090900.0 0.08218512592342538 0.09853709261301559 346783.5507947745 0.061618157265932054 35009564.34651854 0.07841288953725926 0.1012997283739171 0.07778159127608941 0.09358397759260101 0.07325358389628354 0.0817968726586195
710 1105436.0 0.08219557014408259 0.09863009521775565 347118.36111019284 0.061623795434743625 35353897.860499315 0.07841174662900947 0.10130362386677637 0.07779047038085714 0.0936925331151215 0.07326844999619543 0.08192302585866447
720 1119362.0 0.0822341192910449 0.09864006693354956 346718.80793850095 0.06162927913317677 35697901.404663354 0.07841297194624741 0.10130440139400582 0.07779909914604743 0.09379810364245456 0.07329659565594983 0.08201720036507602
730 1131398.0 0.08228727095437907 0.09880914254915421 346092.10835881357 0.06163451609463944 36041388.88667212 0.0783997776008091 0.10130321654681201 0.07780737160126308 0.09390077573989573 0.07332459604119851 0.08211585507511873
740 1144320.0 0.08231202512736097 0.09885540831233114 345909.2331271676 0.06163864417850392 36385236.90336728 0.07839977760086093 0.10130321654687463 0.07781536628411823 0.09400067372649411 0.07334773474085901 0.08222799655965451
750 1154825.0 0.0827193360845801 0.09900234075896501 341759.1183543769 0.06164934870216814 36721600.7865391 0.07844884100093137 0.10131478782191912 0.0778236707053804 0.09409803457656665 0.07368642099115334 0.08241532419458117
760 1174671.0 0.08276711347366873 0.09900799439866693 341516.182982248 0.06165977518625666 37057856.04682232 0.0784440702120988 0.10131474005724933 0.07783182312991034 0.09419286644884924 0.07373153678700856 0.08249960469240401
770 1187480.0 0.08278962244376943 0.09903008653616929 341526.8215064218 0.06166993432459933 37394260.67789027 0.07844462085710263 0.10131479946350351 0.0778397668916649 0.09428523865794215 0.07375011161588733 0.082601127138942
780 1199110.0 0.08281370312349841 0.09903690951805279 341513.5269582331 0.06167983626956623 37730784.44186054 0.07844319140292969 0.10131479501371846 0.07784750784012344 0.09437524582715551 0.07375593499353601 0.08268580479501497
790 1209712.0 0.0833256380171901 0.10200434641007955 335670.1797926975 0.06168949066590895 38061374.35348232 0.07853374532519358 0.10178158822332252 0.07785606797638918 0.09446828833491536 0.07398195949403234 0.08448705640136946
800 1226368.0 0.08384454974059022 0.1142053548575883 329866.2500333669 0.06170338256670815 38383724.47359783 0.07765622431566307 0.10463590323879854 0.07785905004220295 0.09457740764318316 0.07417951373716723 0.08998660867447693
810 1254525.0 0.08414085919919664 0.11431111714211224 326686.528880035 0.06171693564065858 38702912.807480164 0.07765583395964758 0.10463437994357112 0.07785654288860648 0.09470142310499374 0.0742910785092457 0.09013475551837549
820 1265139.0 0.0842589062564016 0.11439030073524224 326225.8991181871 0.061684182742548284 39049907.31604047 0.0751940085236717 0.1029866394330496 0.07784086885861645 0.09480910891632305 0.07433748863875529 0.09028124255962362
830 1280776.0 0.08597485253337567 0.11578910317508809 307572.1314734246 0.06162647954426331 39400705.21938902 0.0752000536199996 0.10298463389264352 0.07780906093176823 0.09490748968860216 0.07492302155333 0.09118675443467737
840 1298394.0 0.08598627523405508 0.11579766695094261 307981.7505949568 0.061570134068290934 39750970.69414338 0.07520101193304185 0.10298466229977446 0.07777803538931229 0.0950035286358083 0.07490194105156292 0.09128967197410592
850 1312091.0 0.08626200254583528 0.11584347621187197 305357.9121096511 0.061514511000577025 40098839.637092665 0.0751812937650276 0.1029721501016561 0.07774752138667756 0.09509716696090649 0.074975463289244 0.09139514075859716
860 1329469.0 0.08626454103749324 0.11591209247084862 306227.999634248 0.061460166624074934 40446572.003819875 0.07518129376503095 0.10297215010168577 0.07771771618781984 0.09518863017973067 0.07495128737574969 0.0915149142862858
870 1348972.0 0.0864231408807981 0.11606634160802706 304670.00063828495 0.06140705734703878 40792274.89761149 0.07518139521041728 0.10297250641345311 0.07768859607793292 0.09527799566332114 0.07498407947717843 0.09166662273691677
880 1364892.0 0.08665694216335876 0.11711088886717368 302390.6697074638 0.06135690052040609 41133850.653552495 0.07515736829541379 0.10302257854294558 0.07765988989482124 0.095365842206729 0.07516005115590187 0.09271594318582321
890 1383367.0 0.08670876728526236 0.11728283628020768 302356.50263719645 0.06130773422998637 41474764.770311296 0.07515316562205739 0.10298047789488894 0.07763178914846829 0.09545163501852792 0.0751397153357634 0.09285601423099422
900 1394372.0 0.0867377425173718 0.11728758853503518 303262.24192032276 0.06125964851737808 41815682.318100646 0.0751532971066414 0.10298072008569126 0.07760427959932353 0.09553519625155169 0.07512890387592758 0.0929444048253823
910 1407566.0 0.08675349958846239 0.11734997686597827 303635.52651582536 0.06121260814634822 42156200.13857854 0.07515358434548611 0.10298049110886985 0.07757737608132166 0.09561692433703152 0.07511380269605444 0.0930694495205326
920 1429259.0 0.08677091997510125 0.11737927064658674 303743.7687103973 0.06116657939620073 42496125.77265861 0.07515224305112482 0.10298046032436585 0.0775510503999528 0.09569687602227678 0.07509967754362087 0.09315805526802812
930 1444190.0 0.08707472222618709 0.1177916677445661 300656.27473308635 0.061121679577116346 42832759.68699342 0.07516810413835204 0.10300116458205051 0.07752540373413361 0.09577526568159438 0.075281161021287 0.09354207969153876
940 1460469.0 0.08707855103107105 0.11779371712981276 300894.7127723168 0.06107769562807307 43168961.76188266 0.0751631723168874 0.10302773920570489 0.07750034224677899 0.09585211173712242 0.07526328144334474 0.09362036377034402
950 1474832.0 0.08714016782771761 0.11782999063129658 300695.7540067684 0.061034628011301516 43504368.27745416 0.07516331010825626 0.1030277399233392 0.07747576670683805 0.09592756523732844 0.07526340785040891 0.09370808410165123
960 1483626.0 0.08714881290951595 0.11785038836671964 308194.3034700733 0.060988762735752385 43848488.996530965 0.07517316524314409 0.10210561255998356 0.07745121869430135 0.09599170180907218 0.07524145069380477 0.0937785028678463
970 1497650.0 0.08740958120377275 0.1184270129204798 305645.9952611811 0.0609438766639646 44189904.73691507 0.07474265976925171 0.09850354144640258 0.07742599914370853 0.09603982786869278 0.07532591445343868 0.09374647698983071
980 1518671.0 0.08742200292300545 0.11845442453150691 305755.55077576457 0.06089986966727035 44530816.91768668 0.07474265976927362 0.09850354144641876 0.07739864604101292 0.09606494217631485 0.07530259330448087 0.0937741785836298
990 1541553.0 0.08743035061984013 0.11846332312377893 305722.54345591273 0.06085674281050999 44871101.93859663 0.0747431625440028 0.09850386489144058 0.07737184270888586 0.09608955023960011 0.07527907873837812 0.09379597844684207
1000 1554412.0 0.08753301058935618 0.11847797386572952 304826.1650216891 0.060814469950913205 45210078.41074759 0.07473360554656558 0.09850312799643757 0.07734549176835931 0.09611366622163298 0.07529645426879804 0.0938163130527926
1010 1576443.0 0.0875461437876575 0.11851640671246275 305824.7471030429 0.06077302597091635 45549287.149996944 0.07467240716794075 0.09809621634777153 0.0773190517816173 0.09613329549428423 0.07527362539077755 0.09384397083309873
1020 1601047.0 0.08755375482349068 0.11852429158089 305780.13345305785 0.06073238672839516 45887903.49446195 0.07468154560205315 0.09809893685886513 0.07729321926314917 0.09615254769070021 0.07525283260672132 0.09386057607413019
1030 1618404.0 0.08774762136687159 0.11859797095571345 303803.3803445286 0.06069252900976862 46224373.34233899 0.07468516856172476 0.09809690341761829 0.07726788350125667 0.09617140903617288 0.07529785059840653 0.09390892905739953
1040 1631324.0 0.08775686509333182 0.11873824319656717 303751.63253827323 0.060653430485782575 46560265.52895271 0.07468480717812855 0.09808465865858458 0.0772430721708727 0.09618985857006175 0.0752713263889788 0.09389721541703747
1050 1646533.0 0.08780152489151538 0.11878487473841458 303591.7777467495 0.06061506966979627 46895504.55919025 0.07468514890518775 0.09808466380564397 0.07721873157479915 0.09620788712494224 0.0752683611077773 0.09393340761148107
1060 1659305.0 0.0879322264371989 0.11884200702168657 302496.5484888402 0.06057742587840784 47229339.1335355 0.07466972561212733 0.09805528732654815 0.07719477513275431 0.09622543606913819 0.07530921302980617 0.09399439249617816
1070 1675705.0 0.088007272375515 0.11885704211889507 301916.4550170158 0.06054047919426734 47562197.71054907 0.07466897520144258 0.09805434979717884 0.07717119156663559 0.09624251276127674 0.07529111529934625 0.0940131335605592
1080 1700015.0 0.0881046138840615 0.1189734369887365 301193.41359490406 0.06050421043093676 47893972.51777276 0.07466869879457776 0.09805390003757221 0.07714804381782363 0.09625927267879718 0.07530399954077548 0.09405857798817999
1090 1716878.0 0.08817567447701842 0.11900432929996806 300635.5596698792 0.06046860109966674 48224807.596290104 0.07466109138603792 0.09805169480344757 0.07712526326674751 0.09627570692750391 0.07530944420768806 0.0940817051060657
1100 1726757.0 0.08824177774868026 0.11903448277658059 300132.4618348695 0.060433994228029746 48554413.26605044 0.07466990071473817 0.09804839503043634 0.07710290560062114 0.09629182536042225 0.07532677373893577 0.0941003843876018
1110 1743340.0 0.0900299283182826 0.11939611739917871 282729.2434226687 0.06040452274220957 48864575.18405046 0.07513690842142698 0.09809698685444604 0.07708510811914178 0.09630806356746971 0.0764904482576939 0.09434329890494993
1120 1774889.0 0.09005339088862803 0.11945251658638478 282576.5280839422 0.06037557287560744 49174175.5577337 0.07510715896094741 0.09803176995723793 0.07706770441041637 0.09632403091170276 0.07648077619786395 0.09436526623651967
1130 1793571.0 0.09014856846228934 0.11987562577069298 281909.4354850228 0.06034691764663161 49483004.758910194 0.07511028987765017 0.09808101437003547 0.07705038640069523 0.09633939152791175 0.0764883189649093 0.09459259154108317
1140 1808323.0 0.0902657761991801 0.11989450461826394 281161.08399621665 0.060318760769464054 49790781.067799106 0.07512878650599454 0.09808187254779405 0.07703347740683898 0.0963546599981932 0.07648896694307006 0.0946039588825225
1150 1821758.0 0.0902747009429658 0.11990916017845599 281302.6387901463 0.06029083070735953 50098534.72698111 0.07511977031136853 0.09803847899045767 0.07701686660009233 0.09636936458293459 0.07647346792491087 0.09461883301478634
1160 1835882.0 0.0903176366520346 0.11995753310142142 281004.8558908768 0.060262296433246716 50406753.46238752 0.07509247038928384 0.09799454065327912 0.07700043052003175 0.09638358961978055 0.07647592099695727 0.09465124123102266
1170 1850644.0 0.09033196764035377 0.11996551713515266 280995.25581515994 0.060234245790898526 50714554.39524245 0.07478144784627005 0.09779211069334622 0.07698386171489029 0.09639717334365669 0.07646013606588027 0.09466387376196718
1180 1862416.0 0.09079082665698904 0.12012526573234085 281117.3465766024 0.060207080486935474 51021623.98197947 0.07481768489255775 0.09767076906712607 0.07696540746589232 0.09640880672015775 0.07655004706683288 0.09469313977712276
1190 1879774.0 0.09109437130902491 0.1202438435256866 278759.1450261055 0.0601798186521887 51326882.56705041 0.07481727933647941 0.09767051558367917 0.07694737282818151 0.09641940147754853 0.07665182595193899 0.09472909828894495
1200 1898491.0 0.09110871733283055 0.12027141792793498 279384.1659497183 0.060152695089954175 51632611.59874184 0.07481688237846955 0.09766996667959119 0.07692963400812507 0.09642981596810964 0.076638551349037 0.09474404109275375
1210 1907565.0 0.0915080973062464 0.12200418563167142 275783.1652722894 0.06011781943059641 51943969.19815379 0.07474191343716396 0.09813555282288412 0.07691163762120325 0.09644351872670041 0.07675079225635009 0.09613498045437971
1220 1917772.0 0.0915404363787155 0.12203193659263381 275673.78037218266 0.06008351085513064 52254743.37831649 0.07474139619646848 0.09813555206329058 0.07689386374978043 0.09645737649420673 0.0767457869044805 0.09615720251159146
1230 1931680.0 0.09171165862595307 0.1220419561540944 274274.13022154814 0.060049755643785285 52563902.11620501 0.07474153430213681 0.09813593236787428 0.07687637909264387 0.09647101036286644 0.0767904408208779 0.09617439674837969
1240 1944085.0 0.0917995046076998 0.12209505156812597 273632.49470618035 0.06001648761456599 52872123.72503518 0.07475327839784837 0.09813553259295099 0.07685924271936816 0.09648442407892244 0.07679015224124501 0.09619764276376
1250 1957213.0 0.09185354730288492 0.12241782232304846 273299.8871284457 0.05998429860380306 53178968.493119 0.07476259651981118 0.09818109264883372 0.0768424536461238 0.0964978443654713 0.07681020311797811 0.0964548560331019
1260 1964980.0 0.09189117061478953 0.12247482683425845 273194.8273367021 0.05995261650659545 53485271.93542217 0.07476259651973763 0.09818109264936319 0.07682595993378175 0.09651119288476986 0.07680738414148065 0.09648313927288282
1270 1984263.0 0.09193490724746675 0.12256423155007219 272863.36929999926 0.05992141150230627 53790879.18219443 0.07476932586810309 0.09819062489001733 0.07680977848269277 0.09652440621397247 0.07680572884595321 0.09650785251108503
