1 26.0 0.15023616577387439 0.18316595521765655 62077.7751842482 0.15023616577387439 62077.7751842482 0.30716227672604157 0.3476370696910498 0.30716227672604124 0.34763706969105024 0.15023616577387466 0.1831659552176563
10 17063.0 0.1504657280824081 0.18383810178536994 61826.17297526 0.15023145492716228 123903.97197317448 0.30717665060484667 0.34756020894271694 0.3071701076204695 0.34760487463031375 0.15034077478653268 0.18342531888634245
20 27787.0 0.15515286510972306 0.1879115706055729 57308.968636874866 0.14674115335766127 182449.76409474915 0.29632551898045556 0.34815564007882777 0.30383257522778545 0.3478476044007518 0.15208686013257905 0.18653979535618145
30 52350.0 0.1551835833567635 0.18800734045442177 57652.89270601954 0.1449960025729108 240737.01454597132 0.29877305441685004 0.34707198239717857 0.3018573281906887 0.3478155047812449 0.15103162771848722 0.18679438949707344
40 72012.0 0.16105773518677893 0.1937816818270299 52590.154336843945 0.14174082994183757 297033.620025497 0.2926791784201216 0.34337786134582465 0.29976360087479953 0.3473135294964332 0.15509478635431634 0.19100905266430232
50 87348.0 0.16150693824112744 0.19578246750453765 52879.54271144599 0.13923667087911132 353153.607448209 0.2920053311068599 0.3416268591015568 0.29825833369322396 0.34635802810900934 0.1544522278502412 0.191145085575776
60 97607.0 0.16161083265262832 0.19643978135588155 52856.278624958366 0.13727513728681032 408855.7854099059 0.29204539120718725 0.3440508347949522 0.29724684667033335 0.34568456679154275 0.1539079099019259 0.19070371467061467
70 115856.0 0.1753630910197621 0.20734681843430836 41519.966098789984 0.13730191990159915 450307.4588913286 0.30391124361874 0.34750499917993105 0.29774288894416717 0.34573293296749685 0.16035073696192118 0.19844607762418376
80 131893.0 0.1772320253130765 0.2194259096231576 40637.72023322747 0.13723089941320094 491140.18526171957 0.3024232209757514 0.34722379284117294 0.29836027297758483 0.345976143886658 0.16223068869208074 0.20795501660167184
90 157569.0 0.18083077643354037 0.22794592835307875 39047.41376785367 0.13701973616183505 530852.657758466 0.3019077877042911 0.3462045376419959 0.2986344783872809 0.34605943098893754 0.1644447195368488 0.21380558534539748
100 174237.0 0.1907469397472049 0.23001281912467392 33983.064185726114 0.13732530990975197 563630.0647896412 0.2999040305834392 0.34609912407100507 0.2988162431311504 0.34604095855179196 0.1715053708155542 0.21501747329052165
110 188776.0 0.1922798565075027 0.2319519779349334 34413.496295318895 0.13743610192265118 597609.6082555909 0.30078293768626857 0.3469755233398731 0.2989653779394146 0.3461019286154856 0.17319635311715179 0.21633362165520317
120 208136.0 0.19272362663223006 0.2325069205106191 34824.53254100191 0.1376339927220545 631701.4257058451 0.29978424345254484 0.3448720660655338 0.2990123447292338 0.3460933967559197 0.17370738198532124 0.21633384634209013
130 221196.0 0.1940929533608049 0.2479988522202515 34347.343745893406 0.13816014693767584 664232.964156268 0.3001939908208728 0.34300654930382785 0.29909756956221334 0.3459323755597706 0.17580160590795008 0.22976216765793742
140 243201.0 0.1944899215531043 0.2483594635831341 34740.59836486463 0.13842056082255502 698059.1195234697 0.300986087369734 0.3448270136152909 0.2992767755291385 0.34581485880369633 0.17624811134913823 0.22982117265485116
150 257721.0 0.21281282711284782 0.2564163994334182 26828.44692759083 0.13873005439841504 723028.5987946112 0.30975822814287474 0.34932656075008695 0.29983016536345686 0.3459357999974208 0.18303760455436116 0.23338757380841627
160 275664.0 0.21285356721774523 0.25663587340458643 26981.250230735957 0.13900313696535038 748397.8781725527 0.30973954605355125 0.349287504611326 0.3004466272051781 0.34614603267465216 0.18350178088286315 0.23350204463554475
170 294073.0 0.22100925555325135 0.25879103340519616 24139.69866243468 0.1388931086159929 773346.5607328374 0.31092617619380075 0.3476447465052731 0.30106598751685537 0.34627287915765204 0.18691219442281587 0.23482691231916503
180 302528.0 0.2211406714766973 0.25894956542270187 24359.662027222228 0.13860326093097908 799894.0720627885 0.30945767539803065 0.34487971277814644 0.301578361262423 0.3462587353824211 0.18744100802942146 0.23476472688795988
190 311901.0 0.22300041443621338 0.2659418556556985 24140.449669947324 0.13834848044178466 825992.531807232 0.312111223406063 0.3437875564593616 0.30210210409426147 0.346141523299661 0.1882279616134069 0.238460713463868
200 340046.0 0.2256182901302684 0.27699633583400735 23368.865063054585 0.13810147576951537 851358.8792119798 0.3121312907546968 0.34464758630146436 0.3025969617275568 0.346067009785758 0.18961894863086304 0.2433881080020902
210 353587.0 0.23645481345586275 0.2834630980645242 20355.60113566907 0.13810849436883457 871650.6112912622 0.31423639869580333 0.3465963518509747 0.3031170265880577 0.3460639492086055 0.19667408191215222 0.24820161304112018
220 366770.0 0.2374967021587033 0.2911417935829696 20258.568891098672 0.1380788698553339 892181.8585622098 0.31330193568601095 0.3436531057885993 0.30356844032311414 0.3458748764023394 0.1976561038924962 0.25147355382128295
230 383457.0 0.2469306642949119 0.2966697646109206 18119.753034265028 0.13831584268818184 907974.5104841313 0.3206401205624552 0.33994649802795385 0.3041062755705015 0.3455941832331593 0.2035027018069145 0.253977188955712
240 400225.0 0.2636603436278785 0.3005247169894295 14966.561847273118 0.13857598633988988 919982.214184978 0.3225726723034207 0.340214927806066 0.30480303654007 0.3453516756826533 0.21514874165278983 0.2571545448648818
250 411075.0 0.26420274466831833 0.3006368040853685 14948.034758643045 0.13881611894146656 932215.9628302429 0.32240068146304957 0.340212787801755 0.3055074974818462 0.34514697832170543 0.21586050602699505 0.2571475280882179
260 423946.0 0.2668541259359072 0.3012428025020379 14611.034660923724 0.1389421866816512 945365.7595743181 0.32403467264168817 0.3395372178396934 0.3062043578409648 0.34493711224400186 0.2172001927582323 0.2574099833864425
270 437564.0 0.2785631097324616 0.3066676384875999 13082.966100356878 0.13896507726547055 958160.1325821233 0.3168583841258544 0.35018058791727064 0.30657978338120095 0.34497964467967857 0.2228964194181196 0.2592222062725879
280 445902.0 0.2785696387250561 0.3070598960747465 13227.754096247685 0.1389978729354739 970978.2360666285 0.320758012210254 0.34933587232570373 0.30700795529868086 0.3451517395020562 0.22300965710912862 0.2595040531649487
290 454571.0 0.28092058782306045 0.31065502855930005 12992.276510443151 0.13918458035018494 981668.5158790401 0.32295396726460673 0.34489008631871587 0.3075151327396555 0.3451998956964102 0.22436388361296533 0.2618817637004567
300 469545.0 0.28092269695428823 0.3107280963174569 13140.413570600967 0.1393592421252372 992683.7895780989 0.32295402946021295 0.3448909705602372 0.3080280516567052 0.3451896147767728 0.22443046395823743 0.26147870528744205
310 480112.0 0.2903322882685625 0.3155452556970472 12019.118134277282 0.13944866009695914 1003538.4544630586 0.3241522587804873 0.3402731875693518 0.30855626700381605 0.34510118280230345 0.2293946980174477 0.262619978470619
320 496775.0 0.2909254820594106 0.31647375390676763 12044.991852092333 0.1395326587976676 1014493.8294696045 0.3244802947212928 0.3403749033401588 0.3090453511520197 0.34495256502956934 0.22963894677981228 0.26253699934046465
330 521595.0 0.2952981703998026 0.35090734519069644 11630.117840959923 0.13962118634627763 1024953.8876223187 0.31751307992384975 0.35053787148028126 0.3094214159218953 0.34494982619634784 0.23182012611166572 0.27480565024118986
340 543757.0 0.2953448072976406 0.3509996496262188 12018.150934707359 0.13948776800628795 1038759.4059576215 0.3167214634102011 0.3490917498982625 0.3096496668437789 0.3451001885126132 0.2318717333576925 0.2750199234862895
350 560312.0 0.29617104264518973 0.3597812979012882 11949.895763016151 0.13917608995855202 1055052.8834462909 0.31365664504411883 0.34423318435989375 0.30977634899879036 0.3450907358609713 0.2323124569090621 0.28063053476154354
360 575204.0 0.29621575961139845 0.3598164475606728 12192.770318492998 0.1388899264808072 1071212.6254790386 0.3135976843093532 0.34423573139946845 0.3098824421646245 0.34506710569758375 0.2322783145773364 0.2807215872780495
370 590812.0 0.2985402419039967 0.36535444759129265 12051.727197304623 0.1386297851828506 1086919.1658886494 0.3130686913869897 0.3356736485018845 0.3099757904410895 0.344907272414236 0.23231753493042265 0.28337438069147974
380 604453.0 0.30335649009829224 0.36676033993667567 11749.17257450866 0.13831790100229197 1103209.1171268716 0.3121380348099714 0.33585468318565304 0.3100481729087468 0.34467287484717407 0.23393808284894502 0.2840332337098135
390 615276.0 0.30337973103623317 0.3679483425208491 11764.913975205358 0.13801105489677687 1119486.8918455099 0.31673149201239936 0.3371935934497269 0.31013914505695483 0.3444782965570755 0.23390311608992548 0.28412196105314064
400 631354.0 0.30668845514256576 0.3716715906123526 11442.237381581655 0.13774925888195222 1134857.0100020228 0.314676230215332 0.33820592908172964 0.3102626127257799 0.34430988489673725 0.23614393104987388 0.2875555569474227
410 643240.0 0.31308426086259156 0.3806721906033516 10784.06070982235 0.13762967852958335 1147467.1998273514 0.31738386758374715 0.3439429769643889 0.310410057022123 0.3442930903638722 0.23906998598002263 0.2932899078675583
420 661266.0 0.31746485581880746 0.381767070539999 10430.628717788159 0.13741484849634325 1161321.6645225843 0.3165089574306289 0.3406314195635731 0.3105569956196622 0.34421310720153925 0.24056337328764427 0.2946949790453034
430 683634.0 0.32272505755908054 0.38358463345388777 9986.693180267623 0.13724448124500704 1174088.2336416787 0.3201422886562319 0.3405636434752671 0.3107838950712341 0.3441289594048748 0.24429972666660865 0.29523326226514696
440 695795.0 0.3229204219339974 0.38413487505575517 9979.915608569529 0.13708168587150799 1186738.4337822788 0.3198258075395236 0.3407979176649546 0.3109953858982936 0.34404864447266065 0.24447309593266195 0.2952368265074068
450 711416.0 0.33091226330242157 0.39226633498409264 9376.599435253933 0.1370071045525107 1197366.497875985 0.32137504820255336 0.3431901676210952 0.31121186516494304 0.3440085027450626 0.25024361162718683 0.2998161004479805
460 724393.0 0.3583580380887577 0.40282960280468233 7407.165293132884 0.13681979883350634 1208340.3753758739 0.3303829534474406 0.34635563517924034 0.3115191006200352 0.3440169379568815 0.2603199166501571 0.30475475589737433
470 733795.0 0.3629731578998192 0.40456959917749147 7186.156168295584 0.13658702581676374 1220065.3663408996 0.32980374187510897 0.3444967932081394 0.31190905415837794 0.34406446934505625 0.2636852406888066 0.30559838101530046
480 738795.0 0.37420846407676756 0.40605157115212365 6598.951226779863 0.13658456960581472 1226712.4921774827 0.3298537649982726 0.34443878068006095 0.31228185667403724 0.34407340301325173 0.27075950444871705 0.3058280698041877
490 757087.0 0.3747969539770817 0.4072336369856457 6605.0385909674715 0.13658221164330364 1233363.765253305 0.32551315725982377 0.35368212807782323 0.3126133051203504 0.3441385230450848 0.27135746989563225 0.3059757358135626
500 775502.0 0.37611249592420953 0.40973823022274863 6556.932148385199 0.13662014860352895 1239179.2225761958 0.32590314004542054 0.3540535448244973 0.3128720495920107 0.3443311535577383 0.2720602041266796 0.30801387801219404
510 793096.0 0.38336363881813845 0.41259044815053225 6224.077427202673 0.1367150901465618 1243530.2948450611 0.327702077473706 0.3602998485679747 0.31313868427836394 0.3445220825797255 0.273448620877967 0.30878381494017326
520 803699.0 0.3911011967671948 0.4290699762492989 5963.69318855715 0.13694954307310894 1244908.446797896 0.32178576879755283 0.3597510459061893 0.3133102511868057 0.3448185540155683 0.2761354793698126 0.3146022698296257
530 815935.0 0.3925082834227665 0.4299298809458793 5988.100049210295 0.13716938097761006 1246628.2002368055 0.32030780272034365 0.35820651870898174 0.3134428067509693 0.3450713078897629 0.276294746702224 0.3151468598229952
540 835033.0 0.4142472119900904 0.4350834180315154 5096.100207977113 0.13746857808470198 1245685.912048129 0.31618191232848697 0.35959618895878753 0.3135581393628315 0.3453193739065729 0.28978563155976805 0.31949416432293976
550 863323.0 0.4157548942840555 0.4449090112267522 5053.740825732293 0.13765507598936444 1246943.4750947969 0.316734940425006 0.36130267176328734 0.3136178748761647 0.34560661150321653 0.28978593927800067 0.3217333412463704
560 894184.0 0.41979311732717095 0.4553420540565824 4993.6487970661265 0.1378682135296774 1247625.2583774703 0.3195558733032468 0.3615745260774076 0.31372148141022527 0.34590900556671145 0.29226095407427405 0.32907682934894167
570 914647.0 0.41993880495255725 0.4555450024031062 4993.34619787247 0.13807400149963475 1248480.2061395163 0.31660292051110206 0.36018086658019977 0.3137920175880696 0.34616862081887095 0.2923596101184938 0.3292427799852122
580 926730.0 0.42768380616904106 0.46612248029353376 4746.217161821908 0.1382467468972647 1249702.1405280973 0.3156997200151919 0.3638650894989632 0.31384054486917357 0.3464273768043753 0.2943259114715705 0.3332898796024784
590 941586.0 0.4327984414110475 0.46851337373132773 4642.327614906388 0.13829928321808002 1253253.3859133618 0.31285620891716676 0.36384108190627434 0.3138375123947768 0.34672671379508035 0.2966593490635797 0.33517441817744503
600 959997.0 0.4526711454205314 0.4765410905613332 4119.759190817754 0.13850393889720147 1253072.5271659354 0.3145041106021662 0.3629859682157553 0.3138422867987435 0.34699692607688243 0.3113005060835171 0.3396819872512435
610 973395.0 0.45299497915813364 0.4769539137903731 4124.987080565438 0.1386999713784192 1253102.0701146042 0.31452180142179853 0.3630482055163393 0.3138532871023212 0.3472586895510077 0.31141767590180397 0.3400856776000236
620 990177.0 0.45986501724449336 0.4912518063498301 3953.443290575239 0.1388834952543147 1253194.0862103417 0.3161739153880647 0.357847251560594 0.31387981598949644 0.3474186114181527 0.31358784113647803 0.34729370692685574
