1 3479.0 0.10294088099822182 0.06733087541851022 155621.63922248373 0.10294088099822182 155621.63922248373 0.21414837519357982 0.12831546480809922 0.21418280175458565 0.12831545129508465 0.10294088099822249 0.06733087541851018
10 19475.0 0.10300446682604031 0.06796710203408131 158444.16634226954 0.10273587488240582 314052.573758068 0.21558057797140256 0.1284623439925417 0.2152521453158384 0.12839552473753185 0.10298855687194397 0.06780932474617156
20 39127.0 0.10373380800494263 0.06904263928782463 159199.14714237434 0.10251634838447093 473236.32225810713 0.21426072749230496 0.13040903009891605 0.2151227485563791 0.1288702505355866 0.10361573397436936 0.06836475455836663
30 58434.0 0.10378187553068718 0.06912214086327845 165421.1682485393 0.10185342888621444 638450.4221361137 0.21727604464644593 0.1305309718322581 0.2155894939558337 0.12937764118610517 0.1032908406094181 0.06833835538803344
40 70451.0 0.10567052277499897 0.07136281301436025 157439.82511366432 0.10178031719709693 795913.1830356074 0.21864396170237324 0.13091158742895279 0.21631630161599422 0.12972026254229654 0.10437142999851727 0.06983796656812871
50 84381.0 0.1064899416337723 0.07232469868421985 159440.75611094528 0.1011865767202269 955805.4145320834 0.2226876188728529 0.1313227916233114 0.21718270622602517 0.12998600017283407 0.10487159198390678 0.07067980069163539
60 100777.0 0.10649124764097273 0.0724199174962453 159902.65934623333 0.10076222549510805 1116005.5985837777 0.22257660826347433 0.13101627290315276 0.21808429730152187 0.13015809609267776 0.10446793012157611 0.07067545348409904
70 114814.0 0.10672011805070845 0.07242895352736953 165254.92204403522 0.10044309561977657 1281139.9266856378 0.22255483340740334 0.13111129367819704 0.21873076066904582 0.13029104220990803 0.10430536261008638 0.07064764046617497
80 128207.0 0.1104169651682227 0.07296266697716833 150961.17612198033 0.10052702047272873 1431942.692802023 0.226415112966127 0.13112000117732242 0.2195840895875214 0.1303924540540604 0.10596670262422037 0.07106525462929579
90 142969.0 0.1105073564890107 0.07298573291290938 152051.1005776058 0.10059416035509046 1583887.224502414 0.22503534008252274 0.13103306495702055 0.22027729503718796 0.13047143675987058 0.10600475312204605 0.07105846968018197
100 148906.0 0.11266733625109145 0.0768952969968329 147407.1945262226 0.10064453869299933 1731144.2094656073 0.2207292673976929 0.1322640567446802 0.22053730118376905 0.13059314324036111 0.10686087509251344 0.07282010502272082
110 163582.0 0.11392898134035293 0.07717621756678422 145421.20606783213 0.10076508734645744 1876182.669530605 0.22082563269418773 0.13242950010283644 0.22055771107400585 0.13074814721347852 0.10802867021579385 0.07315504392627295
120 177722.0 0.11427422487704712 0.0772375639528584 146923.71560051842 0.10088014127351852 2022815.466369319 0.22081804569113245 0.13211120969237175 0.2205796286864248 0.13087497652641833 0.10826667971528016 0.07325392036641024
130 193058.0 0.11578164763673043 0.07726785466579239 142624.88021504186 0.10091182628519946 2165291.4761138507 0.21924195547014846 0.13211428721792387 0.22048619506715877 0.13096926605905737 0.10899808298064748 0.07331375192192953
140 206402.0 0.11853199555070688 0.07840372801479698 134518.12494954673 0.1008396964221239 2300450.461594904 0.215241264170701 0.13145219601193728 0.22033112677313552 0.1310446830971416 0.11110422203005083 0.07412510320727501
150 230193.0 0.11934325087039971 0.07854307282091397 134847.97569258092 0.10075832166459288 2436025.0925005437 0.21484363559010647 0.13136432517614252 0.21998109834607174 0.13107657450642987 0.11154709170796726 0.07424229013169446
160 251687.0 0.12182981690759508 0.08249670929479201 128778.1647685478 0.10055331106638665 2567503.063105424 0.21455135120537525 0.13102623656527554 0.2196436203624447 0.13107920282054447 0.11306677655108985 0.07768833155476729
170 265124.0 0.12192632242972394 0.08736224481573157 130540.83658341774 0.10037721941990566 2700215.9209568985 0.21476885033571708 0.137601901269614 0.21935169356959808 0.13142268518724606 0.11307382217401087 0.08032383946226633
180 282514.0 0.12204688478709913 0.08769710369185273 130366.92975337364 0.1002258765874745 2832463.9517479017 0.21464447295359235 0.1380504334812536 0.21909547403654336 0.13177674833504918 0.11309232370432207 0.08053421412046254
190 298052.0 0.1225251092792174 0.08815995182269196 131345.68589925856 0.09991482307913076 2968322.269658972 0.21365037747283552 0.13958106106589344 0.2188558157750065 0.13218630524723782 0.11323245897289481 0.08073840269806054
200 310602.0 0.12273398249785437 0.08823892385553467 132708.93386122267 0.09951264045619303 3107414.5997771313 0.21336609846494248 0.13961860938406942 0.2185853558958529 0.13255454447555415 0.1132965548476713 0.0808085073522764
210 327054.0 0.12575462453656472 0.09019863206633598 124144.1460651599 0.09924673200392671 3236736.322232599 0.21264953030510989 0.13787127707646504 0.21831788964729115 0.13285358303644795 0.11543447415206685 0.08152279984262929
220 344842.0 0.1259347290918588 0.09030981500427723 124446.0149980333 0.09900394602577052 3365915.1282453244 0.21267129412101796 0.13785075191545945 0.218062017023076 0.13307990225370747 0.11535352441763527 0.08150121015344684
230 364118.0 0.12646130416690513 0.09093089688081536 123448.4595267167 0.09880391268955035 3493341.9024001267 0.21271043357695887 0.13191337621202473 0.2178301630189088 0.13313222758530288 0.1155697190261478 0.0815257305190358
240 384537.0 0.12832596576492022 0.09221258574498734 119824.86127227647 0.09864046334714786 3616781.6051811976 0.21139312463142407 0.13212548063037483 0.21760096614812313 0.1330863465943007 0.11610680243226869 0.08177814380567221
250 410190.0 0.14886412114749695 0.0975541192081787 77117.36312924721 0.09875423798210461 3688312.7121965108 0.21269592164835266 0.13628601177245556 0.21743385943108773 0.13311667138908173 0.12700733558297173 0.08387418676062557
260 427758.0 0.1490784923511259 0.10006391800437701 78047.14483233068 0.0988597468812099 3761282.076190602 0.21261604914397447 0.1387669606373313 0.21725079803063752 0.13329229634309775 0.12723239786379714 0.08541092371013201
270 440641.0 0.14981695313212653 0.10011750746951031 77627.39675073954 0.09892001270867223 3835957.0625830875 0.21653315286583677 0.13872326720456077 0.2171601231772588 0.1334934041309816 0.1277156993489486 0.0855081550262243
280 452722.0 0.15171980178096406 0.1002679336905153 74988.01313356902 0.09896277901888063 3908747.079774791 0.21667360701005392 0.13879652472557422 0.2171410394202165 0.1336819178475819 0.12861190798425617 0.08564798107820683
290 466883.0 0.1692452277660822 0.10134225071594141 54404.072884304966 0.09954926953844705 3927599.802002795 0.22343227186380407 0.13886312723230387 0.21730689612701048 0.1338618695169765 0.1388846499266523 0.08642413401235684
300 483086.0 0.17008017050040133 0.10140175146631467 54016.46115826704 0.1000864431840873 3949426.32745559 0.2237966808195223 0.1394311543104496 0.2175136140193822 0.13403144111503693 0.13947929181618018 0.08650522628457197
310 493054.0 0.1712226421688271 0.10422607091627123 53038.217604980375 0.10056810053324347 3973473.30579537 0.22380329616623895 0.13993378208082416 0.21771740263137626 0.13422353943680881 0.14002919879404468 0.08809078317903479
320 502206.0 0.1726206911973647 0.10447964736941033 53584.02429588832 0.10094916322652733 4004242.1561574307 0.224293545181318 0.1396042840991161 0.21791606917582376 0.1343897808713777 0.14054848594559233 0.08828101964298946
330 511758.0 0.17306581549204367 0.11292181024621886 53386.59448079096 0.10131714187302351 4035893.3958259746 0.22463256449860605 0.13864655399371612 0.2181144325548944 0.13452807210433593 0.14091381831726021 0.092426748618701
340 522655.0 0.17349355975298317 0.11303490998118218 53209.04536784516 0.10164341189921945 4069887.5136115532 0.22383297281339087 0.129938472065763 0.21830215290979277 0.13457229257007713 0.14127988964459418 0.09255672599712443
350 540502.0 0.17435200780052498 0.11305793024492328 52821.86459909448 0.10195754885504776 4104332.6682256977 0.2232877956028611 0.12977902794259652 0.21844862642338408 0.1344357273097634 0.14264746132835793 0.09252278724689934
360 556366.0 0.17756002998055706 0.11348790085142633 50793.31911806957 0.10188935704253725 4159748.2872054777 0.2201572324995853 0.12983026965820163 0.2185489843541444 0.13430671020925253 0.1439511679096326 0.09267429993618716
370 576938.0 0.17812537185816524 0.11364587654742714 51708.762041502974 0.10182121618523027 4216026.530163291 0.2208573750316609 0.1299113148194637 0.2186070577637861 0.13419143175444334 0.14426771219048265 0.0926162988579508
380 593950.0 0.1781328274937152 0.11375924424767422 53067.16017949057 0.10169435152215929 4277617.598330886 0.22078587535155625 0.12993639088967002 0.21866630641469814 0.1340794523404924 0.14425006997397102 0.0926092467552322
390 611597.0 0.17877262208365197 0.11409110229686614 54447.64891345441 0.10136748691759041 4355274.970782171 0.22354700111692638 0.12929150090976677 0.21875602842481084 0.13396007341014166 0.1445360394459584 0.09254579986849126
400 625710.0 0.17942289491524194 0.11415170557669152 54013.81705075201 0.10105656692787852 4431794.607017097 0.22353181715666687 0.12935145192728187 0.21887512832339956 0.13384381871023648 0.1447158581402401 0.09251138684405982
410 650917.0 0.1799352319966965 0.11499961758996577 53926.07134567173 0.10079046106415851 4505036.303093343 0.22353740764123536 0.1290140682415391 0.21898737070765076 0.1337304179012289 0.14482345069511993 0.09276835862008634
420 671389.0 0.19164628006520584 0.11507853177685275 45183.653537896746 0.10053657299191839 4571327.664686208 0.2281170033264287 0.1275379216498118 0.21912149419327004 0.13360790906932843 0.14849905937852784 0.09269581952926308
430 692026.0 0.19202997830241716 0.11588359548047837 45219.274259607344 0.10029057130942301 4637217.494149889 0.2278012665901517 0.1199921472369709 0.21933052235922054 0.133432889041877 0.14862421447411803 0.09310702549303235
440 710885.0 0.1924665996255327 0.11634308898629123 45028.51692968266 0.10009992094921216 4698243.212050234 0.2278868229065132 0.11951800934477472 0.21952390572487335 0.1331257611561113 0.1487039150291414 0.09291747229189258
450 723816.0 0.19313599212429744 0.11636873506414727 46001.250356030905 0.10007980723606208 4745826.59891017 0.22012726420725254 0.11953938708169186 0.21960586247283817 0.13282433532031684 0.14923280377760403 0.09266601519984671
460 743957.0 0.19321733930860702 0.11659204147942685 46021.97391635022 0.09995274363236277 4802261.629791658 0.21755661325487932 0.11787460490420029 0.21960035847490822 0.13252537443324883 0.14923649430476718 0.09251602725608757
470 760570.0 0.19397871619888618 0.11886666874327516 45661.47392380195 0.09984631435992608 4856689.199055873 0.21684679957360942 0.11792494881495755 0.21954323751610244 0.13220874617129422 0.1494097056814094 0.09244225275137756
480 770566.0 0.19402067891134986 0.11914206626320097 46008.35552220997 0.09974422913942557 4911092.656121895 0.21667826551200686 0.117911903711095 0.21948407416720653 0.13191154831587307 0.14939423497748422 0.09224291842980699
490 781599.0 0.19446304545102097 0.11921965865610648 45807.32730966456 0.09965091370164006 4964616.288174642 0.22347039904395305 0.1176818225086253 0.21945054506390593 0.13162267204171935 0.1495002745718135 0.09200221942931583
500 800947.0 0.19941351022681286 0.1235951447165297 43104.38523683645 0.09958999642043799 5012953.176112656 0.22645997739259566 0.11877316893336173 0.21955304375517445 0.131356139924668 0.15275663673719855 0.09347251513398507
510 821745.0 0.20169896919592578 0.1237055006939508 42057.51169446709 0.09947208531048626 5065583.07760351 0.22691283357120906 0.11651069026629032 0.21969600701795627 0.13109199223664822 0.15401189697398057 0.09322441450477766
520 836903.0 0.22215720812324138 0.12379199660668051 32160.915074620978 0.09940692751837646 5104473.805876792 0.241967994194846 0.11602130472664646 0.22005729820253805 0.13080648538418754 0.15699994322256572 0.09300704063476294
530 853698.0 0.23510179294070052 0.12544897369530386 27637.527209250613 0.09932245495235886 5141491.4749161005 0.24438949621836417 0.1161260592274159 0.22051352087729323 0.13052932915856513 0.1602287607092511 0.09259874280895847
540 872996.0 0.23517736274456089 0.12547711558498656 27670.407730844676 0.09923275785956472 5179170.258636647 0.2426193804265988 0.11603024659588763 0.22094551577832866 0.130262740315118 0.16063613411587876 0.09237086748174399
550 889083.0 0.23534372794466688 0.12635037672478464 27648.30354621924 0.09914330341519952 5216845.639231366 0.24254363065538537 0.11606319500065145 0.22133846777355487 0.13000475861022778 0.16095635560527252 0.09268347751661381
560 903392.0 0.23541181339104367 0.12773246557693846 27669.3593749264 0.09903909810242956 5256285.29616818 0.24175259539461078 0.11550372406459757 0.22170531751493186 0.1297482522398177 0.16130560074881742 0.09293423736436189
570 918530.0 0.23758388511274423 0.1277333228259741 27429.821198543723 0.09893838159531253 5295177.443023389 0.24186709347781982 0.11548617093998352 0.22205722125756092 0.12949847111941046 0.16226799221279176 0.09270282392248148
580 935298.0 0.23810773400336352 0.12778041767053025 27895.438081908258 0.09883387249440458 5334956.133808902 0.24230052915042843 0.11547599466458366 0.2224001479167603 0.12925712309465034 0.1625985231735469 0.0924942360102074
590 948042.0 0.24321837011404482 0.13181857544366934 26755.82536191999 0.09875301608134986 5371049.408881011 0.24560064571997445 0.1153667383479929 0.222787725115371 0.1290223368747185 0.16536650947020484 0.0946788751444516
600 963592.0 0.24401404936353188 0.1324726689204642 26549.262714643042 0.09862004861672401 5413272.847593033 0.24066730286595878 0.11526240361842266 0.2231490040400622 0.12879409166054115 0.1659811507907436 0.09468471205043356
610 1000037.0 0.2535395364334796 0.13252971519904022 23844.71045334323 0.09850601868635576 5451108.701750946 0.24125681143283614 0.11528512596705816 0.2234357506302272 0.12857260501266582 0.17253273306771358 0.09445075461340618
620 1016210.0 0.25410870591265466 0.13314510862142925 23822.633554643406 0.09841326881169339 5486318.724563242 0.2413856229470574 0.11534541787112533 0.22372437443883966 0.12835953072980505 0.17284952907693676 0.09434184826468606
630 1027327.0 0.2543678298731343 0.13330661796560908 24359.611519722366 0.09828680899690453 5526282.539226166 0.24076775664143124 0.11513069964045766 0.2239947468575509 0.128149606506005 0.17328703231466705 0.09417865750261496
640 1041035.0 0.2551064781373205 0.13612012262475226 24268.215865709746 0.09819082831284508 5562388.86597568 0.24066017735627998 0.11985186167287225 0.22425572649769343 0.12798579886958672 0.17361972100702086 0.09477098006725931
650 1070290.0 0.25530389729545144 0.14231693535887305 24520.59531024905 0.09817008905378109 5589416.848208601 0.2406689897839953 0.11686451516246843 0.22450748580748262 0.12783431724367364 0.17389085530462003 0.0965422231489355
660 1082210.0 0.2553169296697581 0.14287202153994938 24866.05455972291 0.0981523395556612 5616416.902313206 0.2405925805625051 0.1168551684276539 0.2247519983946578 0.12766830185292682 0.17408519377587856 0.0967720912239984
670 1095905.0 0.2560605320092162 0.1437456590977456 24672.055137303287 0.09811436577251874 5645701.170409592 0.2407309597066229 0.11740710408500007 0.22498833842617003 0.12750906947653495 0.17462681799023896 0.09712274986770628
680 1122759.0 0.25652741471165624 0.14444056168931108 24856.157131382846 0.0980275012802771 5681252.481834119 0.240647875036881 0.11770910050576104 0.22521833284727727 0.12736214647446728 0.17519568379349473 0.09726369022431083
690 1138692.0 0.25700930436397945 0.14561248987494502 24879.19489565698 0.09788941355552663 5723464.864052137 0.24064285392851414 0.1175598566133065 0.2254415430422306 0.12722143623237978 0.17551092272967364 0.09736129456925348
700 1152482.0 0.2591153432452937 0.14631735999297343 24640.704057104314 0.09775603098766114 5764999.236300464 0.233634615032467 0.11741799829100596 0.22555895430663556 0.12708256510127128 0.17618553296392747 0.09737378929318824
710 1174655.0 0.2981205322201259 0.14677467410150402 16263.946528307672 0.0975676688351884 5808651.9156281445 0.23587059119321935 0.11798097892326714 0.22566800556131067 0.12694840631139104 0.19406057236412314 0.09738207165232245
720 1185414.0 0.29968666793338977 0.14683604210006426 16187.453687157542 0.09737155432935359 5853671.113135884 0.23544061389412232 0.11806500216150616 0.22580319427171114 0.12682458663777227 0.19475346770500931 0.09726748427397655
730 1207758.0 0.3046041279494641 0.1472272129410211 15438.529888007353 0.09735515718470009 5871484.600958633 0.2370267075964566 0.11795073412268962 0.22595238899848397 0.12670461120538695 0.1974262933203925 0.09736216526398704
740 1223154.0 0.3081830584515846 0.157403478596006 14939.864972033538 0.09737503746305973 5883541.348966487 0.2364091001547081 0.1185840022571249 0.22609888190350683 0.126595494214438 0.19941477343943803 0.10410898477851328
750 1246190.0 0.30932913099542114 0.15812737340558258 14969.061874618059 0.09735473212187741 5901474.985541503 0.23364996441361957 0.11664191940083395 0.2262096044646822 0.1264621565931413 0.1996202340728488 0.10412997326192658
760 1261083.0 0.314526251338678 0.15892214554497547 14288.001779458464 0.09740284118502007 5908753.137723889 0.2340481923567563 0.11143227867617225 0.22630764063014638 0.12627858360633798 0.20214331303347527 0.10418458286389314
770 1276761.0 0.31730031539840764 0.159234742359056 13942.516684021233 0.09757083259936092 5898737.629488924 0.21503317438102543 0.11143777244997768 0.22633437021887334 0.1260861195879953 0.20423084844399517 0.1042521799257136
780 1293126.0 0.31745281038090484 0.15972162995861935 13934.760260301959 0.09769574409610927 5894823.157720154 0.21504082494905408 0.11148555210849807 0.22618984397752717 0.12589931398013282 0.20411328644961027 0.10400983478552904
790 1317552.0 0.3175828653775645 0.16104137715389302 13957.545680833082 0.09771589642571903 5905853.175166664 0.2150233046329608 0.11082328988539665 0.22604867871421885 0.12570872424241802 0.20397172870107508 0.10480681650309588
800 1330402.0 0.3181422238997981 0.16172145506582253 14037.359121060976 0.09773607156001501 5916966.441474505 0.21511837093294542 0.11092389956705137 0.22591133616149028 0.12552308731885645 0.2039842445952886 0.10521509005736102
810 1346949.0 0.32099091690588283 0.16233789349836253 13681.161488330643 0.09777501992688101 5924995.865300028 0.20956287667114118 0.11167405301726144 0.22577325518021818 0.1253458115146269 0.2044539430867189 0.10511092269767609
820 1359194.0 0.3254151275336894 0.1638625378325902 13191.523051663702 0.09770813786583507 5948174.195279378 0.2095333469266653 0.11292688546331724 0.22557536474219794 0.12519208970030654 0.20754269826514596 0.1059294060565902
830 1382117.0 0.32581174265263535 0.1647397724608051 13181.077398536916 0.0976705250514988 5966956.017902642 0.21088494883296324 0.10814719315358845 0.2253908887816387 0.12502195035066355 0.20757481091995794 0.10605366916634454
840 1402384.0 0.3259692200238279 0.16552221571149087 13354.48957887645 0.09749086577776699 6007812.4044113215 0.20945830584315028 0.10918761963295606 0.22521163929874752 0.12482957321972914 0.20750907810136643 0.10611497574934521
850 1410785.0 0.3260385633480651 0.16575079711736498 13392.302085980898 0.09732292520158016 6047049.035506157 0.20960739513298066 0.11336340099651077 0.22502648942458403 0.12464828970847762 0.20738332386956715 0.10599708670873355
860 1429854.0 0.32651534811793065 0.16609470554731176 13369.102318151194 0.09715765044960156 6086042.168291439 0.20995247467513894 0.11478951190237736 0.22484781514609556 0.12451893541198561 0.20747204488460125 0.10608218994294576
870 1449766.0 0.3284415739223431 0.17011014710859004 13153.080929209345 0.09699422733793432 6124795.358538394 0.20816140507367722 0.11400143840456284 0.22465826803566605 0.12439828067783858 0.2091189399195044 0.10936540768815221
880 1465489.0 0.3289615285711153 0.1702312954897585 13144.035283807389 0.09683433864792962 6163158.211375343 0.20797877549712662 0.11399939128920909 0.22447038425317983 0.12428027373015739 0.2090057179620695 0.10933288769108232
890 1495375.0 0.32955730595733784 0.1722763729215557 13123.853839803607 0.09666128711755079 6203860.421009705 0.20818602095922117 0.11496624883118295 0.22428622090841954 0.12416800545672112 0.20884626004316534 0.10974771458011988
900 1521562.0 0.331428427514852 0.1746072961166911 12971.73635744683 0.0963285982727964 6272076.064625554 0.20652437986231326 0.11485270442994189 0.22410012362798845 0.1240655694185799 0.21041935308978893 0.11126999552529267
910 1538878.0 0.33505721069675454 0.17468994808493601 12652.804653205056 0.0961191899983217 6319356.978241257 0.20636578924985602 0.11348589022882871 0.22390674014258133 0.1239540315769725 0.21230447302999003 0.11121545274320495
920 1549841.0 0.3351278523619589 0.17544381404737588 12683.774543350393 0.09580992219583381 6384655.768867471 0.20523372768967288 0.11354783496518016 0.22370875214316713 0.12384128968411756 0.21217717688073093 0.11117029926299161
930 1559975.0 0.33517524212341937 0.1769430590534785 12695.829165594596 0.09549251141499315 6452197.971055511 0.20512199605874787 0.11452644989994773 0.22350921058090803 0.12373421168149845 0.2120017477255032 0.11117829563989118
940 1582567.0 0.33604431335743606 0.189817410139301 12650.256446898162 0.09519714040277984 6516450.304837966 0.20522852125357338 0.12093489531787281 0.2233129904719913 0.1236958404820765 0.2124711847503593 0.11544367134426625
950 1593386.0 0.3363974334998335 0.19120738221452277 12715.338956870732 0.09490348197557617 6581113.042702123 0.20509821712662324 0.12260882717541001 0.22312232252146774 0.12368276351902198 0.21233062489859206 0.1158607018454911
960 1613521.0 0.33652789681922507 0.1921492869486504 12808.543778945406 0.09462019703400311 6644557.29108293 0.2041457941350079 0.12261097385087276 0.22293173920004383 0.12367110050509975 0.21236425508933282 0.11684087650564529
970 1626452.0 0.3369650951980845 0.1938410949287669 12803.350357067093 0.09429271484974817 6717193.273061162 0.2015487579701577 0.12290527412595631 0.2227118739186416 0.12366311198139501 0.21226012014127227 0.11711444615113784
980 1637302.0 0.3370849486571536 0.1947749721288363 13028.355837796124 0.09399172395156226 6785617.315372577 0.20148415441383855 0.12261304589525342 0.22249542836762012 0.12365246760970569 0.21205846340664494 0.11704475809802635
990 1653104.0 0.3370935859102157 0.19478938124595513 13029.584967623015 0.09369666018047028 6853655.349945279 0.20108405582968428 0.11820525626153619 0.22228269704457052 0.12363679053978056 0.2118594326246108 0.11704907114029271
1000 1667960.0 0.33773619250115444 0.1949369904305287 13015.98339359066 0.09339322069019328 6924139.650935988 0.20135323665487787 0.11900117831089588 0.22207104541687642 0.12358332456342533 0.21181887306625896 0.1170596160852717
1010 1690726.0 0.33791709174478873 0.19543020515642048 13008.788382492981 0.09309580540550413 6994220.681467394 0.20132480886295023 0.1188362248121544 0.22186591896034724 0.12353742048379064 0.21163461802725475 0.11711474080227241
1020 1700296.0 0.33804692180674495 0.1962067949930678 13003.715590036105 0.09280416517488663 7063915.540454292 0.20127885380906563 0.11907564350916454 0.22166467235609333 0.12349160291066948 0.21141879251588755 0.11730760171502111
1030 1713702.0 0.34214264932560057 0.20019300913397867 12598.49790471314 0.09253465901272587 7129645.156839788 0.20037269855453135 0.11579795895371593 0.22146369612055658 0.12343147838787376 0.21256625777298258 0.11793400651057215
1040 1729747.0 0.3429439188223487 0.20031289098329214 12562.112431924366 0.09226694498761583 7195667.6108219875 0.19981488685990648 0.11580355625598622 0.22125694984818878 0.12335823242396379 0.21281598303467242 0.11798467834039413
1050 1748086.0 0.34418703782727056 0.2012549453871565 12457.613907668334 0.09201006626863792 7260025.723596821 0.2000665672049475 0.11565937798632087 0.22105816831417732 0.12328474254324237 0.2135329271543554 0.11769920711784895
1060 1762174.0 0.3445071806960091 0.20166774989309336 12536.716585508108 0.09176579365227006 7322337.5698053045 0.20003178901873195 0.11566114174856472 0.22086008266772933 0.12321288908289789 0.21324550243177495 0.1176190216462423
1070 1774337.0 0.34505672470318205 0.2022569586809199 12566.725634287612 0.09150050333463344 7389830.3194475155 0.20154813880928465 0.11552989865617644 0.22067406287165 0.12314159545261551 0.21352634535542964 0.11784057885163131
1080 1800517.0 0.34538943025793933 0.20247488769137906 12563.664921114443 0.09122217838529742 7460924.584096823 0.20170517320971804 0.11582625236504182 0.2204973717157413 0.12307333738221775 0.21334802490946095 0.11787641240181744
1090 1817749.0 0.34936069447683044 0.20298397242402547 12238.742539910461 0.09097601633922096 7525464.318311545 0.20230212093275732 0.11578088122874969 0.2203233742808759 0.12300565677443545 0.21329994929153567 0.11796291086719318
1100 1839553.0 0.34936218688013176 0.20598670000835387 12306.00586194918 0.09073430016828012 7589644.052286692 0.20229556472520133 0.11738441473550454 0.22015967052606092 0.12294608689153953 0.2131397370673273 0.11824335781409166
1110 1852187.0 0.34956876159100375 0.20646039677971484 12338.05180027721 0.09050029719915269 7652680.98594085 0.20185035584080885 0.1087182477354079 0.21999472397663575 0.12282388947905341 0.21304803908843378 0.118369154306882
1120 1870047.0 0.3496429249980118 0.20659863702131404 12350.884069755433 0.0902790479018823 7713363.114104123 0.2011754180485026 0.10861922920544204 0.21982730226617891 0.12269767473828436 0.21298261224551185 0.11829347453307462
1130 1881671.0 0.35295458746767194 0.2067214600302815 12014.057097154202 0.09013465168264395 7756815.772638948 0.19957874062113273 0.1065446046204376 0.21964870530771374 0.1225621475554263 0.21603221803315945 0.11832890904886446
1140 1899530.0 0.3530432401621354 0.2074606965645471 12166.919750786861 0.08997225375964868 7804673.645665964 0.19752723077488593 0.10653656525469281 0.2194600428968643 0.1224217174777998 0.21590929408515963 0.11890255975786158
1150 1908512.0 0.35328410135531124 0.2100199731384023 12265.57114005725 0.08981228675180017 7852304.821029339 0.19847701809767784 0.10651242403978112 0.2192776834950924 0.12228479423944402 0.21585219026367336 0.1198973563629345
1160 1923567.0 0.3536680949472924 0.210839431139493 12265.441553921115 0.08965273323955197 7900117.953516721 0.1984861943952643 0.10551029197851719 0.21909849290456657 0.12214355890024292 0.21595191598143373 0.12018364545623206
1170 1937748.0 0.35446703277034275 0.2109426082968297 12217.966015535096 0.08950060590546267 7946451.868519385 0.19855161916289998 0.10552312552888896 0.21892274767337336 0.12200156544736329 0.2161129205240279 0.12014194808178089
1180 1949586.0 0.3546455771423151 0.21098660479197023 12258.5745629654 0.0893506275804486 7992557.844930132 0.19852642968115275 0.10545814240303565 0.21875009894716588 0.12186171256017336 0.21606264916701876 0.12001136467886053
1190 1966618.0 0.355427761704249 0.2114442901388824 12207.910152011016 0.08920747540593303 8037275.828382501 0.1978374385138798 0.10563351256016011 0.2185743194469647 0.12172428167609842 0.21630614784851127 0.12013683708924047
1200 1985454.0 0.36897961348905683 0.21289225204650325 10976.18251023093 0.0890526893558206 8084382.605659662 0.19935882793463697 0.10495868766942279 0.21840494039105196 0.12158804696310359 0.21787540804310387 0.12056708500118532
1210 1995296.0 0.37024994464064437 0.21510216367162613 10952.960968544681 0.0889108744079186 8128594.782694086 0.20036563011419184 0.1062899630404615 0.21825299938563997 0.12145306484612096 0.21824289338286335 0.12148389114434846
