1 2109.0 0.08512700465838638 0.1273998177927147 278319.7275728869 0.08512700465838638 278319.7275728869 0.14223722972005093 0.19261130554720207 0.14223722972005093 0.19261130554720207 0.08512700465838996 0.12739981779271237
10 15329.0 0.08516842743406432 0.12785857264655923 282511.6365235012 0.08414874917742435 560908.7401102403 0.14259029392248895 0.19422368338679227 0.14249335809919597 0.19364746504262823 0.08508422343098927 0.12757757216614052
20 32683.0 0.08522455732422309 0.12809904319807341 287327.36490945186 0.08342599427411679 848256.3837874256 0.14552341803525048 0.19406161558282217 0.14372263843875296 0.19385096309392097 0.08492328480022376 0.12694842477784823
30 56125.0 0.08587969257068856 0.12838486687404008 286433.75181004335 0.08314140023948931 1134693.7856915945 0.14437669082869475 0.19372159594059682 0.14414533425213563 0.19387524119274818 0.0854208320199996 0.12680587284539466
40 74202.0 0.0868828759294966 0.13147923611774442 276743.417853321 0.08303549309970573 1411568.7116374294 0.14425562046356588 0.19355769277535792 0.14417532313526657 0.19380474488812663 0.08620758059440226 0.129368689714657
50 86027.0 0.08692038454527883 0.1314846198415039 277864.5998331386 0.08296488833985 1689507.1045575046 0.14425559930326054 0.19355789632697434 0.14419106277591834 0.1937563003218615 0.0861692719135705 0.12926811718581277
60 119219.0 0.09127845425766709 0.13213282326421566 240527.89935378803 0.08351630984908127 1926531.761110888 0.14435093012200328 0.19070694882943443 0.14426610483859814 0.19367912740665252 0.08943075185688709 0.12966194455029084
70 132536.0 0.09573918933696618 0.1380180607133625 208948.2583772932 0.08393279443924884 2129507.8311747406 0.1445244211395864 0.19142865658278815 0.14429130859274758 0.1933115845298871 0.09286931794557073 0.134060397451192
80 157401.0 0.09621373097600441 0.13853432776031946 206178.22857006243 0.08425359366846229 2330896.422340338 0.14429034006096314 0.19037847088587959 0.14429117854276513 0.19294936824962325 0.09328970942525991 0.13455792706429354
90 171696.0 0.09868802814771466 0.13862393806367646 194004.4325804858 0.08424216176992949 2525138.4175643716 0.14312745697452273 0.18958349909566533 0.1441989012969235 0.19261023658590928 0.09449007059092177 0.13445770373677166
100 180432.0 0.09897881646985575 0.13875284277597918 192789.25390439027 0.08422799899155214 2718228.8346330402 0.14312202274303756 0.18958433534518906 0.14409233348016712 0.1923105413019102 0.09469391718165766 0.13434787334568973
110 189202.0 0.09902523410529909 0.13889316444664446 195551.2986957366 0.08421619667623768 2914018.495857786 0.14310264070760195 0.1895868341327559 0.14400317196912532 0.1920651622776631 0.09477847651616493 0.13428637843765182
120 207159.0 0.10277528249796913 0.14340506119102017 179052.04144166753 0.0844277977221038 3087891.546249516 0.14437817668203565 0.18728283189168998 0.14395263460310254 0.1917170279369346 0.09694479667058391 0.13734621369831004
130 220358.0 0.10312474266628519 0.14349407323266136 177669.24089687396 0.0846507970833684 3260137.761038853 0.1443643800639082 0.18726658000984484 0.14398387456149447 0.1913755013449402 0.09748583763663513 0.13732219046952449
140 236462.0 0.10345099009807164 0.1434970168289342 180766.96811346474 0.08464285645803131 3441109.457805396 0.1446371643398426 0.1878055192940053 0.1440249552420081 0.1911136358939304 0.09770981179378313 0.13709588565547004
150 253267.0 0.10378422024331195 0.14655714466141456 179262.66223609023 0.08464316851786513 3620363.8654351747 0.14459966821659004 0.18781954037339194 0.14406454933669682 0.190894921750943 0.09785901032381511 0.13943355769431462
160 268539.0 0.10435589209356816 0.14693131966876422 176742.76743496468 0.08442008967080654 3804334.805730573 0.14603942400956268 0.18797120362011774 0.1441244037685187 0.19079521261651933 0.09801938284182317 0.13911830580070136
170 280045.0 0.10998411742815967 0.14787896517438412 151956.98958989177 0.084454136500994 3954848.2895553326 0.1467791506373817 0.18294417338554822 0.1442596881279541 0.19048307675962137 0.10125200101583597 0.1392669847641704
180 305109.0 0.11005171317392101 0.14832137398755343 151879.48410470513 0.08448459945431962 4105436.6848063446 0.1460892276259504 0.1805878614417698 0.14436928258083623 0.18996796922952305 0.1014365852464201 0.13892836381413717
190 312164.0 0.11208686266727205 0.15661806906622122 144160.8717507766 0.08453681877817958 4247146.476385972 0.1462161697283777 0.18155413316234945 0.14448187552230812 0.18953180393685495 0.10246349407670523 0.14241226098670393
200 322925.0 0.11214146195756064 0.1567596722166296 144108.21629979834 0.0845114008757852 4392494.136634892 0.14617654471428745 0.18155534489859032 0.14456780693303894 0.1891349215122272 0.1026122330213012 0.14214710201371836
210 331522.0 0.11218646051840991 0.15677949873085867 144089.4203055052 0.0844882936917903 4537711.923765779 0.1461842285276756 0.18155854093342197 0.14464436265094316 0.18877582314004074 0.10274629787756216 0.14178493132393896
220 355345.0 0.11502210017256612 0.15825098846613078 135884.5575679506 0.0844500108265051 4675729.483430941 0.14620158523821156 0.18048469264959346 0.14471723816748738 0.18843538902711673 0.10538169747710492 0.1418509767724271
230 375170.0 0.11509216459585024 0.15832856988783714 135860.19096839137 0.08441491819999368 4813548.985862306 0.14616563216260806 0.18048497521046827 0.14478040707625947 0.18809122253803107 0.1054677737365514 0.14156675069835498
240 391436.0 0.11867198462827759 0.1606173192624633 124147.93932558721 0.08442669753788923 4936939.037450647 0.1465773764157938 0.1807082623007566 0.14485505186550954 0.187784875190809 0.10813223972314322 0.14275285761480463
250 409020.0 0.11869956196649067 0.16065669329579765 127368.11363056167 0.08454217254006305 5057647.104914049 0.14652691409022375 0.18062482748973147 0.14492368518858884 0.18749998956899275 0.10821443148010429 0.1425335469137463
260 420449.0 0.11900625807985922 0.16072011543422218 126506.81585897614 0.08461447498979621 5179849.8659491865 0.14628071942978033 0.18045477650215747 0.1449832623552765 0.18723532150626188 0.10842551729695246 0.14235586042223355
270 434304.0 0.11914246390160893 0.16104243947938715 126573.14810862017 0.08463005014165427 5305466.917138436 0.14632710065872676 0.18053691460113366 0.1450321901530817 0.1869881125649542 0.10858448235685664 0.14238015862964973
280 448453.0 0.1222001101830048 0.1615075897117929 117417.87243124432 0.08486367866528693 5408565.179671145 0.14717163059132474 0.18015211658600375 0.14509688017443712 0.18674534757515 0.1117798607359963 0.1424282998243885
290 459994.0 0.12432407789073682 0.16303609564391106 111679.70607926731 0.08513472117109239 5502717.878697911 0.14754341079169783 0.18050674572788583 0.1451763490034268 0.18652661509144805 0.1134778648258507 0.1433699172884834
300 490552.0 0.1246029001293177 0.16309509110770865 110947.43490959775 0.08538209254640135 5597576.408347247 0.14772236711795692 0.1804942743387013 0.14525916207390782 0.18632635711301435 0.1136165173311359 0.14319758520082898
310 501365.0 0.12474860512607704 0.16318377232762893 110929.09085006142 0.08561400321075349 5693576.384136646 0.1477323307335905 0.18051402003958983 0.14533853883155884 0.18613892106108887 0.11369105008006689 0.14304011629505903
320 524382.0 0.1247787947432954 0.16342351092464658 110884.0143124486 0.08583186492431946 5790561.9449368585 0.14773337579346982 0.18051402682368076 0.14541312806619963 0.18596369060534282 0.11376344673969277 0.1430553193169247
330 540728.0 0.12750927249886065 0.16363567882382346 104922.023006402 0.08610672818969252 5877069.954749761 0.15057783362318922 0.1815867223825005 0.14555195612177263 0.18582504651763684 0.11538806907876246 0.14303452111165943
340 561914.0 0.127731106143142 0.16370368595635973 104531.14845218012 0.08636588498275855 5964307.236353331 0.15057968354958667 0.18158854377648465 0.1456993841369163 0.1857007880648016 0.11554457369136639 0.14293731608858912
350 582472.0 0.12800641358475842 0.1645094983507351 104501.05407402736 0.08644962825581615 6062528.361703555 0.14774192311134482 0.18191649969519982 0.14579823466376648 0.18558955707421937 0.11576203529799628 0.14337941352480177
360 605468.0 0.1291556054627649 0.1656947144334606 101867.12102540709 0.08650143644890984 6160270.288042883 0.14550739446648558 0.17615470402287564 0.14581264937948765 0.18538483157505928 0.1165111432338304 0.14412913981260114
370 625512.0 0.12947241287953845 0.16596426727675048 103137.79572020132 0.08646560714186113 6266373.951746196 0.14472738781462488 0.17509247493775607 0.14579078648973237 0.1851139478575083 0.11656838670254767 0.14392401271834046
380 639524.0 0.1299542753040832 0.16808670869780656 102061.74698818267 0.0863783077063466 6376076.957990458 0.14479340594031098 0.17643089974715 0.14577184292371434 0.18488102476380427 0.11678144292058333 0.1448539880951476
390 649972.0 0.12996441501986772 0.1681812915498812 102331.65814931219 0.08629537324260776 6485667.686263316 0.144790050636894 0.17641857651012408 0.1457467352146627 0.1846645941681106 0.11669286026089759 0.14452625377923922
400 667586.0 0.13290809758633854 0.16936605004259392 96471.54740168384 0.08627987912245932 6583558.809735945 0.14468556452795955 0.1754691420667632 0.1457146381264357 0.18442508952692013 0.11785839059744467 0.14519223636447473
410 683805.0 0.13312860628836376 0.17009409599616881 96122.65232215913 0.08630225523601928 6677675.105234903 0.1446960720287017 0.17544466094783634 0.14568985549632063 0.18420658761502018 0.11792792580776543 0.1455490598988603
420 707057.0 0.13429665372649627 0.17285581817721368 94466.79843875919 0.08634197260174319 6768539.3465911895 0.14522117479613766 0.17525977153629288 0.14567057568830669 0.18400567609335908 0.11745768925576637 0.14611764074326233
430 724587.0 0.1344431103845948 0.1731841499563682 94643.30017342178 0.08635178783741326 6862276.397716717 0.14505736575532427 0.17513470005993848 0.14565893820443182 0.18380186449390323 0.11753696003437067 0.14607567821403283
440 749591.0 0.13709423826770503 0.17331463572562505 89692.0925020515 0.08630463481630309 6956868.10852826 0.1436652604771068 0.17493281952556636 0.14561637487475337 0.18360250896555735 0.11896986150714828 0.1459244884058423
450 755107.0 0.13713746051668269 0.17589683475791554 90303.55445751517 0.08622336748366818 7055777.954717163 0.14290401238262807 0.17631304967848663 0.14556795068958642 0.1834450174808975 0.11895982424280603 0.1460145108521956
460 767657.0 0.13841089371758403 0.17862710955095015 89260.3454797715 0.08613559354342058 7154574.280850912 0.1446331644570001 0.1770398470537983 0.14553521784484263 0.18329619595577812 0.11902254306927765 0.1478839312444857
470 780219.0 0.141620608874116 0.17872919882362281 83830.68588162342 0.08611768367833651 7240419.197971183 0.14368007749548203 0.17554958800511966 0.14549784474908845 0.1831348829668683 0.12105930687759013 0.14779401116593163
480 794275.0 0.14187063709674896 0.18019585314511996 83409.76301503916 0.08612669348424085 7322827.549345898 0.14381074647907932 0.17570113149017527 0.14546140913471994 0.18297875957301724 0.12129614321417663 0.14954706375054808
490 806334.0 0.14196098968869264 0.18054289712762187 83344.10767956579 0.08613534075426388 7405209.972235815 0.14381974257545602 0.17569594975262684 0.1454280212356603 0.1828304770193011 0.12130500566942366 0.14961409985566304
500 835725.0 0.14211161836860348 0.18061178600482133 83243.16428340634 0.08614364891565857 7487528.084556304 0.1437549115507468 0.17567777180926705 0.14539478244901824 0.18268783264593683 0.12130504431156273 0.14955233415337735
510 864463.0 0.1421593457620226 0.18072696248428335 83178.51209774347 0.08615163753238422 7569816.544404543 0.14374861096841612 0.17566438263534528 0.14536265399952117 0.18255050425201927 0.12129197505846773 0.14949955186175157
520 892372.0 0.14253355531301998 0.18096752855520898 83222.15018304661 0.08615932469187494 7652183.209894029 0.1435588642695304 0.17547941048857674 0.14533117364765985 0.18241710131126643 0.12128801593304986 0.14936678094040648
530 903638.0 0.14490916786041194 0.18112212821491563 79596.02896229246 0.08614474557957356 7733528.175467488 0.1435697166513997 0.17548428377117184 0.14529786111822676 0.18228651093140918 0.12235338849892935 0.1494214847872451
540 915455.0 0.14542350152100417 0.18413705334827551 80192.92974942632 0.08607587775492333 7822272.058590784 0.14302272364230698 0.1774498805376878 0.1452577607485488 0.18218118857682397 0.12242712578323281 0.14956972187274356
550 932804.0 0.14617379422197613 0.18452639384855188 79210.16673949308 0.08600946949543917 7909873.101496902 0.14197237779964672 0.17733128451909178 0.14520004117750276 0.1820933837772618 0.12255830320029681 0.14967208947141059
560 951494.0 0.14638826116069956 0.18676502713400978 79279.181811177 0.08593951650454847 7998050.357311054 0.14189581191393968 0.17750555925383854 0.14514154939073823 0.1820106690711349 0.122605379560061 0.1506282799672045
570 978090.0 0.14834442691213964 0.18784295811074553 76707.68058900977 0.08585259078770248 8086443.239667893 0.141293618736757 0.17468126531224792 0.145077473125439 0.18190842540420862 0.1235539420370549 0.15098467703549137
580 993441.0 0.14910021879434332 0.1915585150419751 75611.36581273859 0.08572991601863052 8179352.569443405 0.13985910908124766 0.17574768932392792 0.14499259462912276 0.18179872191384913 0.12382708449676512 0.1531899816399616
590 1013424.0 0.14983502339293053 0.1923544825407579 75012.44552252376 0.08552438784473536 8285573.922451812 0.13792984391279897 0.17501074602318245 0.14488625042778128 0.18168867724771692 0.12389279218260263 0.15334881095062225
600 1028603.0 0.14996144237325162 0.19237792402528925 76746.44641226024 0.08531172481783462 8394571.15492012 0.13765839746720335 0.17482862987054876 0.14476921874881443 0.18157668210154276 0.12386660801613135 0.15325289579543386
610 1048447.0 0.15293917148066835 0.19322119890270045 72888.98039136957 0.08510166529670232 8501226.640852474 0.13970905758126254 0.168651075462769 0.14468297716363382 0.18137521740235937 0.12499276978273935 0.15343127575780266
620 1063256.0 0.1536824392301787 0.19610159184282464 72399.17979397073 0.08490203045520678 8606143.44145801 0.13911392366502617 0.16504792799480164 0.14460094109055735 0.18114880613157658 0.12525191279302686 0.1546669608624928
630 1080229.0 0.15385801732683335 0.19612773637936623 72546.35374635668 0.0847089668417024 8710378.697487678 0.13911064722194788 0.1650230291669605 0.14451394725639297 0.1808933654451066 0.12529357068503383 0.1545197487212348
640 1102547.0 0.158119330192456 0.2040327018697071 68083.30645444692 0.08455064224678902 8805566.177934607 0.14136510410123637 0.16871617322230376 0.14444055154342728 0.18069117980968202 0.12583025978548526 0.1585294814357015
650 1126901.0 0.1582231906660435 0.20421423321401794 67985.63587313131 0.08439711536687301 8900065.486435046 0.14136294215861256 0.1687151266217778 0.14439329951894936 0.1805072269386836 0.12581233593041266 0.15841185703509578
660 1144217.0 0.158506116026652 0.20432873325162443 69347.13096952971 0.0842464163736832 8995233.99745949 0.14132886419292962 0.16782552109065527 0.14434663162086198 0.18031658274646448 0.1257691699427721 0.15835186294710765
670 1153101.0 0.15893283588063162 0.20470012368431076 69084.72763307899 0.08410229441464533 9089233.884856246 0.1414877669363921 0.1682637461121783 0.1443033045724419 0.1801349924279051 0.1257616288663654 0.1581629047124972
680 1161629.0 0.15918138650853356 0.20558792757007094 69085.32531045777 0.08395880794430272 9183362.694535872 0.14144698575728065 0.167823718248856 0.1442619769224548 0.17995672800335533 0.12580444440017508 0.15844825550628927
690 1178123.0 0.15927135151575533 0.20560930722483914 69063.58970687397 0.08381942108739847 9276930.238242526 0.14144698163540498 0.16782313034884036 0.14422123894180833 0.17978113494873135 0.12576383462654347 0.15832602564326045
700 1198868.0 0.15928565743501447 0.20668240352152484 69151.60835614956 0.08368403043005697 9370016.697845707 0.13920692694177986 0.16794458486703615 0.1441656858145817 0.17961141680961093 0.12569287356041647 0.15830797320386122
710 1209814.0 0.15940267937466762 0.20673893502860988 69142.0903471139 0.08355240062430827 9462584.912495138 0.14092219614258428 0.16875150038126166 0.1441055922675708 0.17945186595536528 0.12562573754046985 0.15818298757498445
720 1231083.0 0.15955793866417875 0.2069362644219554 69256.83887251542 0.08342272982055747 9555064.153540324 0.14090144892207546 0.1686572997955282 0.14406113405149165 0.1793021232404483 0.1255801582792785 0.1579982447552141
730 1241240.0 0.1598798729050122 0.21083219515165927 69445.14004629334 0.08329649641687725 9647204.242129983 0.14006528242340247 0.1727518960195624 0.14401357539256657 0.1792062547817851 0.12570722291276376 0.16112484986033043
740 1259227.0 0.15990727947575656 0.2114167884488297 69808.57998324999 0.08317362923729518 9739132.502095105 0.14024870205428652 0.17288082108742459 0.14396150858857956 0.17912002495090076 0.12564966280184012 0.16139695047993277
750 1272902.0 0.1599650800464199 0.21162019038948598 69791.09677068777 0.08305399540454422 9830596.029164575 0.14039700254929582 0.17285568128661097 0.14391231160945103 0.17903691885520379 0.125609563262853 0.16133523638251335
760 1289096.0 0.16098308777397072 0.21166402485707508 68557.94044443054 0.08294831143537197 9918542.62199658 0.1403967931255866 0.17285572729293494 0.14386610959090265 0.178955683109896 0.12629907931573947 0.16123782128846767
770 1307290.0 0.161000849160566 0.21169256468070788 68590.25376871947 0.08284533731156311 10006113.803598175 0.14045449628907952 0.1729132666350084 0.1438211868488138 0.17887664067257744 0.1262386924534921 0.16114297894571622
780 1322058.0 0.1613194281226963 0.21196351406072605 68207.75781178598 0.08274839785350847 10092317.246167812 0.14020588444352053 0.17283883208037776 0.14377741315521683 0.1788001469388578 0.12630545512045863 0.16117046498582857
790 1337316.0 0.16158778425161185 0.21237710182343458 68105.70694525958 0.08265412158608854 10178028.165377835 0.13853898170306278 0.1729623217072312 0.143711186884196 0.17872634383858071 0.1263804178693603 0.16130797479922757
800 1354946.0 0.16311757546795316 0.21390939715955784 66244.96589734196 0.08257896140544656 10258515.540930992 0.13850854736057283 0.17263883288796553 0.14364649164034712 0.17865276896927032 0.12733268011053975 0.1622897982081493
810 1370468.0 0.16326844711656446 0.21517139047363107 66124.40843819676 0.0825077155778854 10338185.97266801 0.13833454055035643 0.17251061569807802 0.14358160291286937 0.17857749756200414 0.12732190899240345 0.16360391157309206
820 1388699.0 0.166639829995115 0.21652391982060734 62430.79589256779 0.08246728507204228 10408529.245861938 0.1383918865432593 0.1722892386456486 0.1435182799673037 0.1785007222235717 0.12854336875351655 0.16396567028629377
830 1417109.0 0.16675933652368224 0.2211204130305829 63768.04542641539 0.08239936126669589 10485720.959352178 0.13821566554160747 0.1718967508581784 0.14345586345920328 0.17842518415818706 0.12844456620436093 0.16518920667333553
840 1436067.0 0.16683937504650118 0.22119460525517376 63802.82398597966 0.08233259479409899 10562761.499544248 0.13821198831264542 0.1718980361799518 0.14339352745917536 0.1783475631122823 0.1284183181566689 0.16514064499847134
850 1449280.0 0.17153202606582302 0.22482973543439275 59137.387812403096 0.08226955464907751 10635259.371383686 0.1385411740567032 0.171793494506842 0.1433281321313436 0.17827207474548662 0.13060036104550202 0.1662931937912939
860 1462246.0 0.17159652151457327 0.2249548951527526 59141.911337695856 0.08220796370279217 10707493.895818716 0.13855692557684363 0.1717918266024574 0.1432726625412885 0.17819681868026907 0.13057461671624207 0.16626726654864005
870 1476858.0 0.1717034779496083 0.2250022864698573 59053.48029149989 0.08214747706674949 10779463.205705496 0.13914608801463757 0.1720056601594463 0.14321987374132433 0.17812377361291643 0.13053076918595322 0.16619771603479655
880 1495036.0 0.17186872868866615 0.22528458664807907 59076.85672762587 0.08209524600430555 10849650.392612962 0.13963004966591597 0.16970849210451594 0.14317909428165104 0.1780281938719064 0.13054154300500043 0.16609606245278546
890 1504162.0 0.17205130560371618 0.2287947246137072 59007.36369623152 0.0820019584391262 10929365.032556783 0.1394553592178097 0.17180078692060619 0.1431392186936909 0.17794241956197623 0.13051127626512296 0.16743630724281566
900 1516773.0 0.17258900673328748 0.2289025477447124 58496.734859707416 0.0818968147854643 11011761.007683638 0.13968190112668624 0.16929483227216519 0.1430998399619542 0.17785753741383373 0.1303787623713362 0.1673899150897553
910 1533463.0 0.17272340440039968 0.2293410776172503 58530.31816801228 0.08179384039310367 11093811.786217295 0.13973260287017605 0.16914563222414253 0.14306282231907685 0.1777620710561509 0.13032992529186993 0.16745725175993356
920 1544415.0 0.1747040550386959 0.23223152738179265 56733.224133830096 0.08165234168317051 11184948.899476625 0.1396626739455054 0.1691646360974618 0.1430281301867682 0.17766915284162152 0.13181784213935377 0.1694835084724921
930 1568183.0 0.17500334034077178 0.23237677509050264 56515.11767757999 0.08151385358408697 11275462.818481296 0.14123509853617164 0.16928693308440232 0.1429946642801118 0.17757869792222306 0.1320036913000758 0.1695000178155343
940 1581066.0 0.1785315707550486 0.2328642709571972 53483.392591689626 0.08138947632658845 11360524.934012707 0.14101129661878942 0.16912196082756903 0.14297599966809685 0.17749026799344308 0.13396051678318857 0.16962797619773376
950 1589942.0 0.1785834923557056 0.23289568196362456 53506.950633595756 0.0812676902619545 11445136.797153905 0.14101031771486153 0.16912195253790954 0.1429553360958173 0.17740227326341546 0.13394182080620232 0.1695427958706973
960 1604130.0 0.1786737005221096 0.23290521880109838 53596.19625037934 0.08114841525019958 11529350.04371299 0.14036572169374067 0.16869677371122194 0.14293241261261663 0.17731434057098677 0.13393063129391466 0.16944609123455712
970 1611256.0 0.17879435556004683 0.2329807916128364 53637.42103482654 0.08102889402703373 11613904.68482251 0.1403631777890742 0.1686902489666698 0.14290595817345494 0.17722553741284663 0.13391365044328754 0.1693402880868335
980 1629746.0 0.17881213922424447 0.2330187734539637 53729.33386514376 0.08091241059538867 11697897.408414979 0.14035408947551278 0.16868201911345082 0.14287999126196763 0.17713847451874776 0.13388514196790172 0.16929354724498819
990 1640972.0 0.17894221724152504 0.2333265770227624 53650.46141366164 0.08079825683237649 11781408.826241659 0.14035405638566645 0.16866021057783676 0.14285450278160072 0.17705309795858246 0.13384348676053257 0.16927759293624914
1000 1655800.0 0.1789872009727299 0.2333377545097136 54302.97770920804 0.08068636353991901 11864914.695422886 0.14013880552815114 0.1686535544928653 0.14282866647503098 0.17696922043755123 0.13381223697440758 0.16918714848086677
1010 1677516.0 0.17903583555594854 0.23342504104081052 54537.875934475334 0.08057666423358815 11948160.828193981 0.1401348400566158 0.16864912556694692 0.14280205266941762 0.1768869551389521 0.1337846821090841 0.16910999884386538
1020 1690556.0 0.17951817157737057 0.23347357736514268 54132.04876960281 0.08046909501087536 12030743.881830707 0.14018874509860946 0.16869845043230303 0.1427763503024727 0.17680665739164353 0.13385626525502797 0.16906065648605084
1030 1714956.0 0.181858791941664 0.23991765536299506 52151.86941789911 0.08036119067587585 12112364.494209217 0.14124682020198823 0.17171242663350825 0.14276092864442258 0.17675430197626665 0.13454833264333102 0.17101201639957625
1040 1728770.0 0.18488372348540086 0.2401165469964953 49676.400682035586 0.080203767514148 12208424.046977619 0.14074692806277805 0.17137674558612606 0.14274542346726027 0.17670522405541914 0.13585779171784346 0.17155984423899764
1050 1753956.0 0.1859014400960242 0.24117457807333376 49299.07863283658 0.08005599867214457 12301565.95733255 0.14032633347117404 0.17157493989596734 0.14272552145731354 0.17665534543176223 0.13618712293579796 0.17201506031175448
1060 1763074.0 0.1860586092207498 0.24140250641895789 49212.14852419086 0.07991107236798205 12394141.960127326 0.1403366203445375 0.1715967194400007 0.14270298008606647 0.17660760635257136 0.13624125081926572 0.1720460643699175
1070 1780770.0 0.18650054116858528 0.24149016096972847 49016.750695418086 0.07979319549049589 12478079.908150563 0.1406670748738775 0.17159825931981612 0.1426830200689316 0.1765607895902607 0.1365043710853023 0.17199939330559905
1080 1801172.0 0.18669191242146602 0.2415579137498015 48890.60735802444 0.07967748149149571 12561508.07958957 0.14066664207082863 0.17159819705049353 0.1426643695757191 0.17651488251183162 0.13654160197962184 0.17194517088540717
1090 1825889.0 0.18709948009214525 0.244328859302173 48612.48689874781 0.0795638102438279 12644361.523710664 0.13649599894355435 0.17202486967680536 0.14263795446798025 0.17647218268264908 0.1366926092392364 0.17395639341914307
1100 1839149.0 0.19776030854154508 0.24729167814855382 41452.52039130393 0.07940660475532753 12738954.866246602 0.1406203692086923 0.1706612827921214 0.14259823919710923 0.17641397784247795 0.13959400188170681 0.17398507687366832
1110 1849225.0 0.1987514268769502 0.24876254754728458 40967.06150974054 0.07926719912636847 12827204.71514624 0.1402883913785787 0.17069716727838158 0.14257926250874917 0.17636226008270045 0.14051348216366594 0.17508301716057642
1120 1873615.0 0.19883549713086932 0.2493582119195164 40931.4878474286 0.07913026085367418 12914932.17436702 0.1402892879120244 0.17070961942409071 0.142558830741869 0.17631178362020683 0.14056213756586558 0.17545361862171313
1130 1896363.0 0.20088677065574337 0.24945075185738358 39774.215798513826 0.0789842292006346 13005919.866857048 0.13911170761509967 0.17062755125665474 0.1425326479828483 0.17626219788815528 0.14191761495870941 0.17546396584687748
1140 1916995.0 0.20134446524452876 0.24988934504241556 39653.01914076051 0.07885847580130259 13089562.40706365 0.13867594207479272 0.17034099983673062 0.14249884687935985 0.17621030307613578 0.14207265727372556 0.1755590303585886
1150 1932206.0 0.20140550676460156 0.2500071129920094 39689.1953229918 0.07873489056402805 13172746.8207177 0.1386785720771301 0.17034105031480007 0.14246565596013985 0.17615931043702762 0.1420625766967305 0.1755296275738693
1160 1949650.0 0.20227338778520715 0.2503508191330104 39464.217117457905 0.07860520641308753 13258498.16242707 0.1386688043369661 0.17006032183080652 0.14243300920698293 0.17610735778271222 0.14227848446397853 0.1755833306542256
1170 1964554.0 0.20252033316047502 0.25093019392894567 39329.740451868456 0.0784777235068059 13343697.767418886 0.13818055138482194 0.16921530844845947 0.14239749859511175 0.1760499170808834 0.14236410101131303 0.17575193682974044
1180 1992302.0 0.2025274325425386 0.25226308130447594 39336.11873868719 0.07835238317037774 13428428.279668247 0.13818055138482876 0.16921530844846613 0.14236179201416108 0.17599204571227692 0.14232644355292845 0.17599954975150983
