1 191.0 0.1201980766824668 0.13897194457737727 97562.64425856924 0.1201980766824668 97562.64425856924 0.22940697556523987 0.25871400213903184 0.22940697556523987 0.25871400213903184 0.12019807668246578 0.13897194457737655
10 16765.0 0.12175955861560016 0.139663969500703 94930.98271286406 0.12092391783677577 192467.08043430446 0.22956569595094248 0.2585422745352847 0.22948013225509428 0.258665714806891 0.12156414426347135 0.13942584783597775
20 33178.0 0.12180267731047816 0.13968736170085347 96323.29679111764 0.12061499766660148 288799.85595842864 0.23204398058623546 0.2613948739604284 0.2305773778536338 0.25982396894512405 0.121631910207139 0.13936155593145738
30 54895.0 0.12454103131114552 0.14139855007398028 90669.40186918263 0.12031522828156518 379613.4982598144 0.23371821724250325 0.2598277352449494 0.23129412516628092 0.2600890972687161 0.12374583448179241 0.1404748885272549
40 77924.0 0.12516637022098784 0.14147373003834723 89684.26310574324 0.11977264963930642 469687.0544163351 0.23471249733118107 0.26038843792598476 0.23194350745967054 0.2600775136273911 0.12416210506088551 0.14035003293165943
50 86693.0 0.12671708245460703 0.14741696927518438 86903.1990279268 0.1195948618877708 556762.5998711524 0.2333521264983274 0.26075101213086493 0.2323896542741896 0.26016784118033454 0.1253446732448663 0.14522813101133603
60 112473.0 0.12697052373299603 0.14762975234290995 86756.4004751641 0.11950290104125869 643608.1257610024 0.23380801895539471 0.26250438626848305 0.23256238038651242 0.26032079063808095 0.12553690650109825 0.145406190589302
70 125546.0 0.12697054538604194 0.14762975394461775 87633.9625970123 0.11927148281408795 731469.7357079329 0.2362681268555789 0.27754217493848415 0.23293083565229192 0.26184747562387756 0.12550652607262913 0.14541998004006615
80 140599.0 0.12954733385508604 0.15585774843354872 83689.00036571405 0.11923401839470459 815218.231554923 0.23606895138267045 0.27531197030735716 0.2333236453444475 0.26356567573492395 0.1273548411490806 0.15140272922622827
90 153580.0 0.13202016205040748 0.1564784478604186 79105.07435153241 0.11943916799822155 893859.1767887966 0.2358194099504419 0.27645155679696654 0.23362340955362326 0.2648726755847613 0.12932443608062769 0.15184505173884144
100 162576.0 0.13462339277654473 0.15957454921536135 74592.59719619383 0.11995701414053526 967015.3268264055 0.23581546261289116 0.27643497922140164 0.23384065411273192 0.2660182804168354 0.13159642260192425 0.15442164102723127
110 181322.0 0.1349922043415335 0.16143285113555972 74026.28865992874 0.12038945793487689 1039790.4595096173 0.23582186087532395 0.27627072439566563 0.23401889955987995 0.2669478358025162 0.13175907166202203 0.15585290704282212
120 209556.0 0.13544353098006962 0.161677901993537 75701.88561199376 0.12057130264557046 1114984.757678064 0.23576449849825212 0.2756701943593771 0.23416510497072762 0.267695507267732 0.13207761516507172 0.15612862388395762
130 235721.0 0.1356231556501114 0.16190085411397603 76169.64154344912 0.12072716954045067 1190745.6885213898 0.23576374689306828 0.27567138656785406 0.23428717301251184 0.2683042835727618 0.13218500341997463 0.15632862346264711
140 252614.0 0.13565792872866325 0.16196386983820943 76395.87092859113 0.1203980280843051 1268472.659396661 0.23375347264478313 0.27575162286308363 0.23432060824346385 0.26882961840557784 0.13220143623862077 0.156440561886497
150 268706.0 0.13838197059622986 0.16411850217209523 72136.37971177293 0.12026081464840885 1341306.384159593 0.2336514111194934 0.27653725978855204 0.23427847441936447 0.26933241941465763 0.13409556187711016 0.15770599871224644
160 288314.0 0.1384430297141371 0.16421126028132213 72095.8586342486 0.12013727617381893 1414036.0187375005 0.2337163911970462 0.27656744541850986 0.23424245247226191 0.26978063128381413 0.13409937863418028 0.1578241991428387
170 306796.0 0.1413831702531355 0.16444888008798908 67968.79766847735 0.12013620495397996 1482011.6654732574 0.23571134396168933 0.27506887193453644 0.23422864029979132 0.27009855473102923 0.1355384343543919 0.15798999962430496
180 333462.0 0.1440556707584487 0.17052766797936122 64636.40802650579 0.12022809013857069 1545963.6578351022 0.23608457391033422 0.27721468933143595 0.2343319430566536 0.2704896459504069 0.13768463912157441 0.1626563500896651
190 347871.0 0.1440626346282318 0.17056074341925345 64663.5805812323 0.12031078680470235 1610014.0899853932 0.2358682265177315 0.2771452865445521 0.23441373656941378 0.2708395709420669 0.13771335243578092 0.16273587697362293
200 371533.0 0.1486576479818936 0.17207847113848995 58906.730253842645 0.12047109122689398 1667345.0476906488 0.23636909450656649 0.2760784631239511 0.23450633033437213 0.2711108704217284 0.13992050486830362 0.1636777942359374
210 383748.0 0.14871418317942944 0.1727550949134354 59502.27056863755 0.12061682251979546 1725468.3594280817 0.23637631687048788 0.2761605899516602 0.23459482411328816 0.27134864521500046 0.13997584181911107 0.16383433901186006
220 398624.0 0.15471573390755178 0.17422860345266702 53468.28454030512 0.12091003466594231 1775463.4557077617 0.23611076008567075 0.27389066160628156 0.23466858937278773 0.2715048054242521 0.1445658847915627 0.16478622198436163
230 412203.0 0.15857805926503823 0.18424957028998704 50854.94461976777 0.12109939826953366 1823712.9330435833 0.23408821108246067 0.2747598879165482 0.23470838325476667 0.2716298308045254 0.14727825067051928 0.17238945042526374
240 430356.0 0.15896978176906373 0.18501076799472002 50588.1148458179 0.1211948175615399 1872932.469015968 0.23366224461532858 0.2743987265124965 0.23466817187505581 0.2717477198310437 0.1473917003301253 0.1726888419021651
250 461904.0 0.15939076453656592 0.1858612665143149 51313.227194060164 0.1212810543345913 1923050.9561245798 0.22604516038408476 0.26791362754657577 0.23456987571499058 0.2718222298883417 0.14749283751499992 0.17317990769268427
260 469351.0 0.15971102873518006 0.1860292674201748 52768.1872112147 0.12130806701219622 1975460.762005459 0.22194067699140332 0.2690653453752548 0.23417752889765642 0.2716738790013313 0.14756106742803882 0.17309808378711794
270 487073.0 0.16016551025776735 0.18656609348845815 52503.2087082623 0.1212496073465515 2028788.7223883858 0.2220714542252472 0.2681332676806726 0.2337302671902615 0.2715465970618697 0.14749450070697329 0.17291745352051632
280 504225.0 0.1618626731207679 0.1918298733553109 51331.87785407087 0.12125353837674624 2080063.873676101 0.22194317796361332 0.2676170371618033 0.23331648880161385 0.2714170809943066 0.14819674522082224 0.17451823483038123
290 521663.0 0.1685624856417624 0.19335744260916163 45465.24878225078 0.12128880596059624 2124882.0590516734 0.22520135430062438 0.26744372208836936 0.23294741970949173 0.2712860702669581 0.15269543233273666 0.17521961240732653
300 543173.0 0.16861094994912293 0.193399394666183 45455.41643893501 0.1213219012800749 2169730.7378569636 0.22520394345808956 0.2674246813302504 0.2326901835945273 0.27115824214051265 0.15257765463668946 0.17507137009567048
310 566538.0 0.16864637996456266 0.19347925624224957 45649.48271874024 0.1213292570590811 2215244.9895190075 0.22608929737275965 0.26886676854730623 0.23245793669949016 0.27105309015058754 0.15247566926735692 0.1749518157072486
320 583336.0 0.1693872589594217 0.1936449293701063 45370.89580387564 0.121338145852281 2260450.7552014687 0.22489877481516068 0.2682144825043898 0.23222167431745944 0.2709653100505504 0.1526985349553271 0.1749457220549406
330 600110.0 0.17122746606879946 0.19464896741848903 44267.65014993343 0.12141131203392252 2303342.8316021175 0.2254962510761776 0.26867139547089464 0.23201666094279855 0.2708936875048998 0.1534220987628327 0.1752033759898658
340 612638.0 0.1716575477193356 0.2019997000532217 44240.48597875405 0.12136042076603193 2348604.6964614852 0.22567996623691286 0.26750679336322813 0.2318326680201405 0.27080475780125957 0.15356698701946572 0.17876228502257818
350 634367.0 0.1718588030192815 0.20209772013185465 44261.39859619184 0.12124899719418626 2395183.364111822 0.22577115594668087 0.2660334556690603 0.2316616074548794 0.27068786110263793 0.15358792443096747 0.17882235629090873
360 656137.0 0.1765751748712324 0.2033332158042088 41064.88535802278 0.12116004835284559 2438332.0353985606 0.227355890810266 0.2670416476286713 0.2315260825841999 0.2705819429713207 0.15581913446917608 0.17899559919942384
370 669241.0 0.17661007940925125 0.2033407544039081 42097.781516306146 0.12102814517169722 2483482.061331841 0.22775847205024147 0.2670943863534414 0.23142329823362295 0.2704868435916173 0.15572993027168558 0.178917493678349
380 687305.0 0.17696197428844365 0.21164647335789602 42597.18711252696 0.1208403354719442 2530507.180215916 0.22609353912053745 0.2706816769590652 0.23128586392369427 0.2704437642786477 0.1557775316291577 0.1838459206734619
390 697810.0 0.17826230851784064 0.2174761137480989 42208.13302239167 0.12067710985377833 2576612.0362318135 0.22674375660885068 0.2704118113928977 0.23116522919882376 0.2704450555699943 0.15642225103284804 0.18840103441393624
400 718942.0 0.178789831512673 0.217926253347664 42029.60895219316 0.12052184646088887 2622394.130352043 0.22750025051359488 0.27074519044171663 0.2310605760540762 0.27044629488708294 0.156571622301321 0.1886986557624293
410 733261.0 0.17969081243285617 0.2182778725363925 41705.89670946849 0.12035428485847517 2668270.0620359075 0.22750389934353443 0.2707458687640255 0.23097399461597728 0.2704535755795649 0.15695546425476292 0.1886064460131696
420 759513.0 0.18178329980894223 0.2202218662341702 40558.85126379362 0.12015956148364623 2714021.1307187816 0.22869564767730996 0.2754086089705557 0.23091269910667028 0.2705262465129593 0.15757248067534446 0.18917808915105316
430 779098.0 0.18186021933092855 0.2202931941145271 41266.69453824136 0.1199736891713095 2760144.115645717 0.23185075661063362 0.2757688170983834 0.2309181446706018 0.2706460214055445 0.1575481090705049 0.189147631579911
440 794664.0 0.18204147826470127 0.22033159882041173 42245.93210496111 0.11979652194242203 2806867.4323869385 0.22650243849317328 0.26584083986380247 0.23088893083408957 0.27061074751521813 0.15755196998156312 0.18897201357556798
450 815632.0 0.18606316055453218 0.2230826863046082 39760.26274405981 0.11969947726155446 2849230.443149278 0.22971627830581576 0.2706272512548997 0.23083270888663224 0.27057365027099195 0.15959364860932898 0.19056265207658143
460 838107.0 0.18793442902019553 0.2247485002144364 38655.65065772881 0.11957288964248952 2891519.4013861055 0.22982245241691246 0.26616094628364995 0.23081174792517145 0.27051428487851786 0.16083106811119388 0.19156015336308044
470 850567.0 0.1914232660147994 0.22572414169054508 36733.63935802526 0.11951267551782276 2930054.7996636904 0.23194375975081077 0.2663763848201248 0.23079911695504848 0.2704217155780462 0.16195626051030954 0.19128790150350908
480 862824.0 0.19221905610625536 0.2298426530021579 36324.434901619104 0.1194788473915536 2967395.2102602255 0.23464326179559536 0.26949578763880866 0.23087901252186724 0.2704023425533921 0.16200238521194876 0.19163302509822802
490 883901.0 0.1928919700672437 0.23028693809117257 36009.7235118089 0.11945339518551978 3004176.5334085342 0.23609159429546647 0.27669453643252334 0.230959079669024 0.2703986470311093 0.16226551431552555 0.19154577158514868
500 919069.0 0.1997318588390036 0.2461101783263041 32729.77238871097 0.11937251281138829 3039766.802196895 0.23599512746516285 0.2781709135522359 0.23105268474663793 0.270536590409179 0.16454205354559298 0.1976890508440883
510 932343.0 0.2007568410914339 0.24883553381665574 32313.530184247993 0.11929403485294267 3074904.338532481 0.2318138093374256 0.276451471326471 0.2310842345714775 0.2706593445223838 0.1651839400469783 0.19941985260047876
520 954401.0 0.20201266212191268 0.2494508153331575 31949.912537938457 0.1192185183268912 3109613.0500743883 0.23302062825618225 0.27650640302381735 0.23112890369498088 0.27077336759517795 0.16562428853364342 0.19973742892706284
530 986092.0 0.20284134898946365 0.24966994106796142 31978.924025430682 0.11908139949859721 3146775.116469122 0.23295832710177816 0.2779202358422538 0.23115965308404296 0.27086825618237087 0.1658202535726103 0.19975960944711266
540 1000630.0 0.2056427625586484 0.2500835984552241 31056.16470958631 0.11894848834621095 3183035.937599828 0.23312962222199388 0.2772945313762993 0.23119663754790928 0.2709835453350651 0.16628757144961434 0.1993838454873756
550 1020281.0 0.2076562498339477 0.25702109995472494 30550.268959264708 0.11881134685128121 3219093.8282665494 0.23250415941801428 0.27418467034718597 0.23122483127824311 0.2710547533967211 0.16664529754462198 0.2018912739523684
560 1028984.0 0.20781250593444434 0.2576272580607857 30516.068102224017 0.11870087532560239 3254023.2350786384 0.2305034738009802 0.27245911665663625 0.2312262309816149 0.2710923265759887 0.16652328773075484 0.20244801279237484
570 1040350.0 0.2148748206314932 0.25873124001611814 27597.303492309184 0.11853058367798175 3289328.727038252 0.2312508652683411 0.27470360130717336 0.2312177842753496 0.2711345641651039 0.17017515374086867 0.20338917679519716
580 1057691.0 0.22111983355113327 0.2642700105285463 25427.199966443786 0.11839544122450436 3321230.5031237244 0.22515527038747735 0.26915380512573533 0.23114938930135373 0.2711335117253347 0.1709482836108695 0.20455365507057088
590 1074102.0 0.22394615850413216 0.2678157470411198 24607.809424074487 0.11829218273093174 3350873.475639276 0.23709322586934928 0.27438511791289294 0.23114555453968896 0.27115667775905283 0.17339514484882385 0.2060057921117186
600 1094358.0 0.22451258068054147 0.2681558093286888 24482.12239577894 0.11816838712543462 3381491.230359468 0.2362970749076518 0.2718240245752611 0.23123560594037795 0.2711807901549151 0.17353769138358258 0.20629138590095536
610 1110603.0 0.2255719484607231 0.2690658562394285 24214.091893613913 0.11799877210693492 3414373.9272768004 0.24102396547124538 0.27771427377703545 0.23135729622371098 0.2712283163378934 0.17413280651739896 0.20688193861924922
620 1122005.0 0.23037038085777986 0.2702807783117065 22786.638916365413 0.11789120408487594 3442795.773695842 0.24132941546010706 0.27748367010804453 0.2315158328211252 0.27133297659059646 0.17810440894878704 0.20779129988603517
630 1129382.0 0.23289043896533942 0.28399929363661575 22201.108719024236 0.11778524823211148 3470664.355174849 0.24380114978006623 0.2818252855434193 0.2316986835074119 0.2714582220007269 0.17908701311173478 0.21233851122883218
640 1145836.0 0.23391026618604566 0.28417631831018064 21914.887291093557 0.11773653389545383 3495164.041351829 0.2443456257571292 0.2818301862189574 0.23188450173205424 0.27162009496710743 0.17930495318539785 0.21245429494461657
650 1164837.0 0.237559622796 0.2848613815110757 21058.517478899626 0.11765493808810026 3520725.420912142 0.24239802491192955 0.2835234531295871 0.23207252697242292 0.2717904685460319 0.18061599036288983 0.21269207057817688
660 1189106.0 0.24107820166429147 0.28695753131681234 20288.015551093045 0.11758576577849618 3544912.728254827 0.2291286135420009 0.280166865116328 0.2320563992038255 0.27192068667283614 0.18159518515563464 0.21291731073886674
670 1201228.0 0.25352825173462795 0.2876367063746989 17494.143126127226 0.11747836591306497 3569039.1404377185 0.2387449030484231 0.28546638892967463 0.2320933116916032 0.27209000335910033 0.18468991847260322 0.21294928608103356
680 1216479.0 0.26009102315723337 0.2880385661176214 16211.431870200271 0.11738944527880801 3590923.7072156877 0.2401048542085485 0.2852273310740641 0.2322088322926178 0.27229015283590813 0.1851437644597123 0.2135791850182087
690 1227745.0 0.26016081095994986 0.2884385192681168 16208.060502870587 0.11730348239909179 3612632.4858373827 0.24008698110219684 0.2852056687545983 0.23232306951487744 0.2724772809263127 0.1852968968907263 0.21380065400352763
700 1246625.0 0.26290078307927944 0.2886625372661763 15834.809925493122 0.11725480373426865 3631592.4000338144 0.239414427876165 0.2838972954287366 0.23242874414849968 0.27264355909767624 0.1868496245467511 0.21381762053531958
710 1270623.0 0.26333953835483753 0.28906476215362015 15781.898364094191 0.11721567625345362 3649888.2054377943 0.23924086100907316 0.28385216006891206 0.23252489993410363 0.27280135209967854 0.18699982804708784 0.21381060676890437
720 1280232.0 0.2635912736774795 0.28910539032759724 15769.511661292245 0.11718041441993557 3667925.1848748554 0.239029248576619 0.2838342664176458 0.23261725770863284 0.272954639925117 0.18720117864616306 0.2138045690901671
730 1301258.0 0.26402156203909877 0.29301560149386113 15761.073679146886 0.11716557299445804 3684636.4804311395 0.23847458921360712 0.2866384182501841 0.2327016476889938 0.2731187773961877 0.1876664619308741 0.21342852560951495
740 1320676.0 0.2640749784617129 0.2931066787677658 15753.603981722745 0.11715112734032658 3701315.6276250556 0.23847536163233568 0.2866578958467947 0.23277956798134936 0.27330126619390993 0.1877587602658548 0.21341694559054342
750 1342845.0 0.26468171122170064 0.31327871087506104 15687.519257289761 0.1171419536102526 3717591.438768959 0.2386994770936075 0.29327482304381614 0.23284430115765614 0.2735318164656328 0.18828215704600826 0.22303035717797998
760 1364289.0 0.26500155840719936 0.3140085126309921 15779.467496542638 0.11714534308020148 3733154.9490548302 0.2382067689965838 0.2930814034330014 0.2329147716364652 0.27378989300547957 0.18853558709184332 0.22378770929455466
770 1376172.0 0.2658974957193973 0.3233470822177309 16061.125660702419 0.1171284702652241 3750288.8598625944 0.23691172950609463 0.29193166329346804 0.2329803076224239 0.2740283104943167 0.18823993683004425 0.22985674280496632
780 1396544.0 0.26639347606156166 0.3239653263220349 16017.186183357853 0.11710817638456694 3767600.511982055 0.2373789306324773 0.29217962086750776 0.23303538909006022 0.2742601456462339 0.18839238626886462 0.23043723085863693
790 1413459.0 0.266525374170442 0.3241154628028599 16161.445235551102 0.11707103480375106 3786136.4840474194 0.23666832038851784 0.28791753832246547 0.23307563279916016 0.27444974326161936 0.18847174393243288 0.23050993025126645
800 1432220.0 0.26660181000336347 0.33600216591865023 16176.345803372966 0.11700190035021368 3806788.2129668957 0.23193108006586027 0.2920275446601501 0.23312196355873696 0.27467997079664236 0.1885394355082369 0.23527615676086885
810 1444406.0 0.26689686963710424 0.3361695053982222 16128.120061264224 0.11693445210286015 3827299.17000487 0.2306186537328484 0.29041376062110846 0.23310343104376632 0.27489180621613657 0.18858479913560489 0.2353926884935945
820 1460111.0 0.2776874249016684 0.3406714839226695 14434.250003239691 0.11685227641080573 3847391.0891487673 0.2313844318536509 0.2867844889544859 0.2330903874488576 0.2750512807881946 0.1916510999526273 0.23899575611244225
830 1476415.0 0.2796554024787438 0.3423492129776168 14156.372239832996 0.1167636434688217 3867731.780362482 0.22818805157863753 0.28316459776002345 0.23303639135987972 0.27517747448656316 0.1926886170404884 0.23995074188428575
840 1496194.0 0.29123681636517024 0.3461257443065014 12602.637860944531 0.1169320271189982 3868914.8649241184 0.2244171508944379 0.2788766851875368 0.23297951064840972 0.2752654278931001 0.20047236002934646 0.2414756429814569
850 1524915.0 0.29618405597192865 0.35166997922174714 12022.819473205394 0.1170947906605432 3869726.5156511297 0.2222828484985299 0.2799617621072786 0.23285400314864277 0.275314324786807 0.20145077806482453 0.24381441384763605
860 1539215.0 0.296414062384733 0.3518396528974368 12004.28244216524 0.1172484457 3871179.1317410218 0.22222066300266186 0.2798645275184383 0.23273071993729294 0.2753675114663458 0.20147350733933833 0.2438756728616301
870 1565243.0 0.2964557350267129 0.35199607401309035 12030.672851431504 0.11734704478674757 3876369.0541313663 0.22062655265359818 0.279800175790465 0.23260394935833067 0.27541893135021966 0.20139726921640297 0.24390807337590484
880 1581544.0 0.2964872123098062 0.352002795084267 12197.92780461288 0.11743092627085369 3882776.9605870596 0.22052653597821797 0.27979976952212154 0.2324676538833219 0.27546865919194585 0.2013065338079719 0.2438886056871786
890 1598842.0 0.30396938664964185 0.35397722872992854 11329.667387769292 0.11758749719514658 3883253.9634728213 0.2209433412222521 0.2734036059786499 0.23233638587633865 0.2754808961106718 0.20556693745107588 0.24465325182404227
900 1615829.0 0.30481829280016176 0.3694060789411702 11299.03174586805 0.11762863441544671 3891613.939203591 0.2192839796403793 0.2756657947686205 0.23220314231682465 0.27547826588013835 0.20596526595361242 0.24963388635145148
910 1640361.0 0.3201419499275949 0.37886335661723564 9800.275032836182 0.11778113739422731 3890322.364664075 0.22165738032819227 0.2762211068638745 0.23208369199110176 0.27548822640834114 0.20938443379412922 0.2522200232670697
920 1655964.0 0.32682200523324245 0.3793542746612749 9230.94069535068 0.11793471082561084 3888225.8733209213 0.22286639421985138 0.2762315506144042 0.23197714542469566 0.27549634892870967 0.21136762069959436 0.25230627752971163
930 1677336.0 0.3284721564595241 0.3862163802740296 9226.268259249617 0.11801240466725799 3891642.6241579284 0.22401617710206698 0.28352108452531644 0.2318974679564529 0.27556727771990225 0.21208061990627733 0.25519053502008976
940 1697676.0 0.3396720737402413 0.38973632594064994 8360.193788498504 0.11808846804152695 3894164.866387291 0.2249706715869671 0.2839573647904375 0.23181967003842446 0.27565521183715996 0.21659265742739484 0.25473489411323114
950 1724278.0 0.34541349528904697 0.40363371980909674 7995.578313718376 0.11819707926430696 3893808.973340869 0.2240344974695567 0.2849058100692604 0.23173756649526336 0.27574819219646035 0.21873485449462465 0.2588390822740263
960 1743264.0 0.34558003223305855 0.4044457189756052 8047.675257691428 0.11830113596748504 3893894.2172943577 0.22392108566210464 0.28531320473348776 0.23165652179850463 0.275845228990071 0.21874596298916824 0.2590589478515008
970 1758055.0 0.3478639204497703 0.41082797202769833 7948.47852179816 0.1183600021537657 3897293.882577878 0.22448491165371703 0.28171282955454613 0.231578807450526 0.2759481659682755 0.22004154739350013 0.26244473272050944
980 1774799.0 0.3480659794132393 0.41112571126329706 7942.105935898372 0.11843421915081463 3899532.7420882364 0.2242584185597244 0.2814791376569455 0.2315049762982672 0.2760055721897609 0.2200467942704315 0.2626402262394736
990 1797662.0 0.348108828980794 0.4113282082982068 7955.939638701731 0.11849524630752221 3902799.818944053 0.22391599547405747 0.2815932261781665 0.2314308160090215 0.2760611503131067 0.22002460687627287 0.26270413399383075
1000 1808563.0 0.3498827426010706 0.4119302232825612 7842.639189774622 0.11857820170071492 3904291.9778248547 0.22355944157574037 0.28146118908007556 0.23135315334365694 0.27611552085254065 0.22125023582979872 0.2630777716770712
1010 1822496.0 0.36578909600638737 0.4196333147824238 6854.769550306175 0.11869020426965882 3902354.2931056605 0.2326724762524914 0.28760549791761614 0.23136116216318636 0.276209226410495 0.2230593164492761 0.2643110908419495
1020 1831899.0 0.36603463231075317 0.42292399360477945 6874.862438810573 0.11869391615226836 3908932.511078278 0.23262279756818952 0.287949458682391 0.23137412624784817 0.2763229061607676 0.22318511082052797 0.2655359779098608
1030 1843775.0 0.3695857675300559 0.4255083184745619 6724.472985439534 0.11870200385071893 3915008.1705907155 0.23041791437000947 0.28226451525962093 0.2313769002517143 0.2763935883006672 0.22573056004742922 0.26938774790997316
1040 1859474.0 0.36997510498602465 0.42559679934629224 6707.04520024649 0.11870717956550082 3921299.649934061 0.22897396223628977 0.28135933230105226 0.23136700890836456 0.2764455602165354 0.225871504445412 0.2694160486563035
1050 1878622.0 0.3729706581698974 0.43231808565224705 6606.835136516564 0.11866119970216085 3931647.8848901917 0.22874018148183228 0.28290503586713955 0.23134655838362322 0.2765078120590295 0.22775415413427078 0.272639893644265
1060 1901073.0 0.37425129171320504 0.4366930951608639 6637.6099495606795 0.11861512883297358 3942037.0192542695 0.2287591650766041 0.28329707528995735 0.2313223078503142 0.27656991722603386 0.22855569648081275 0.27489304141438226
1070 1921212.0 0.3800766239126937 0.4404450942176353 6355.78100870248 0.11856991112803053 3952113.210854646 0.23274617807367087 0.2848993180496906 0.23130371750393305 0.27663564198351337 0.22998983362742417 0.2751133295604435
1080 1936055.0 0.38616404032438245 0.4426752281700134 6076.962132616557 0.11855535261831039 3959393.4601608757 0.22935861500490556 0.2834087167483362 0.23130432842079038 0.27670650189462503 0.230308693589679 0.2756815633667404
1090 1953748.0 0.3862062435488718 0.4427861274457994 6099.037187988029 0.11852969264503144 3967617.5635658526 0.22929299704954648 0.2833066098895803 0.2312863079789687 0.27676718028600517 0.2302984505612971 0.2757369438274259
1100 1968326.0 0.3881384022583188 0.4457327819352323 6094.018752665017 0.11846435814310283 3979170.4247997077 0.22892115417551737 0.2818876031429745 0.23126606669529393 0.27681649005937853 0.23099909874794253 0.27564447524039615
1110 1981632.0 0.38949424735698934 0.44873425173610165 6034.8181368684445 0.11840221437381657 3990416.4038209855 0.22569850903540672 0.28337626708916086 0.2312218025952517 0.2768716592232902 0.2312347177100899 0.27692752919351976
1120 1991085.0 0.38966913936430425 0.4498914715396483 6027.939233109189 0.11833378886871107 4002203.7901251074 0.22550195589481825 0.28312262203633404 0.23117218047577837 0.27692922843971535 0.23117702783882527 0.27688684877408376
