1 340.0 0.04791788386148339 0.08126838000232435 1566568.9184855558 0.04791788386148339 1566568.9184855558 0.10069296110301675 0.13515604736123596 0.10069296110301668 0.13515604736123615 0.047917883861483504 0.08126838000232428
10 16513.0 0.047939934195311035 0.08137867220766959 1565323.4778427132 0.04791788386148339 3131892.396328269 0.10069481036832474 0.13516187646859804 0.10069366464653545 0.1351582954703097 0.04792863257154904 0.08132226048470118
20 33221.0 0.04798778012071594 0.08142741368956863 1561848.0765190038 0.04791849426388162 4693740.1655108305 0.10069473604426764 0.1351403796246842 0.10069439631554193 0.1351576311800663 0.04794978540674928 0.08134870926058309
30 43798.0 0.053510434257224376 0.08262490274626842 1132753.7392510348 0.04857024489776196 5782539.488324076 0.10171287456401508 0.13573186978103619 0.10084459527517652 0.13524686776827158 0.051887926506091 0.08196479641214775
40 56587.0 0.05355561763399157 0.08264449483463986 1130605.316482462 0.048961295278090164 6887608.3803944485 0.10171395299308393 0.13573497581940383 0.10105657687844352 0.13536545213084075 0.05211329238266542 0.08212235723116715
50 83378.0 0.05373662840661618 0.08271475739158554 1157980.4232413433 0.04910514414511061 8036897.107854144 0.10150579955732932 0.13573842996529278 0.10114989472282106 0.13543747851182134 0.05228268531366596 0.08223145244542941
60 110770.0 0.05374257703539957 0.08275985111075893 1159773.874432723 0.04920789609989112 9190590.613655968 0.10148964334812495 0.1356961366960171 0.10120585589246672 0.13548059354418865 0.05233557905696349 0.08227761469375101
70 127993.0 0.05374915205089516 0.08279533184582512 1160921.5219501846 0.04928485493460178 10347027.458135715 0.10148976491721347 0.1356940971941702 0.10124582078343887 0.13551076462499145 0.05237487314042802 0.08231126364586212
80 145201.0 0.05487866555776545 0.08590263231755284 1095432.140364121 0.04926402589218951 11444503.023344684 0.09967808003982427 0.13184734679029078 0.10110783779186505 0.13517490956375947 0.0534830611342889 0.08523982275138008
90 160513.0 0.057846904522957585 0.08626561599099138 937499.8653617078 0.04962305990238075 12330805.783248676 0.10119488694978392 0.13187255396058253 0.10101791428337066 0.13481030176098693 0.055860325916889435 0.0853738103525014
100 190432.0 0.057854278865970006 0.08632161227509583 940483.7242272169 0.049916815001628125 13230950.199976958 0.10119488694975594 0.13187255396055117 0.1010354363295499 0.13451943564213564 0.05591636010570222 0.08529335712644466
110 199277.0 0.06666082809752545 0.08649096137910518 617935.8427572472 0.05081099719822071 13595641.055745078 0.10157840027448753 0.1316864377050346 0.10106866765187715 0.1342651531594688 0.06366835913571707 0.0853106469620137
120 208835.0 0.06666702911407354 0.08650738465447864 618735.8973594347 0.05156761290302981 14012613.178063717 0.10157991888524293 0.13168676832312348 0.10111081941590706 0.1340520416445251 0.0637678030853806 0.08520090515419206
130 222380.0 0.06667538236365173 0.08651500194246858 622168.3774862429 0.05221557963433427 14472025.693674693 0.10157837525519225 0.13168677095402598 0.10114661372728483 0.13387148659068798 0.06385420671552006 0.08510594854860887
140 240861.0 0.06669542621175592 0.08655249110634967 621911.7312859059 0.05277715080146481 14958399.637827452 0.10160765132525697 0.13163705624903485 0.10117744027081715 0.13371616209042292 0.06393049610118741 0.08503771803071847
150 259714.0 0.06679948068321964 0.08686822102369789 620669.2339251189 0.05324978839404638 15466801.952388804 0.10160911250087391 0.1316490243685168 0.10120597256788957 0.1335788145172662 0.06404329781383608 0.08506358702254703
160 275799.0 0.06717602044446101 0.08719621382324974 612606.346798146 0.053675155218221866 15978561.218654545 0.10155915164589371 0.130336557682879 0.10122942841520045 0.13340192129937906 0.06437043973869229 0.08512287694928425
170 290250.0 0.06718896654887854 0.08738947295483906 613523.0159509967 0.0540523961313493 16505291.143425785 0.10153494511750746 0.13033717334303477 0.10124771956495672 0.13322268547163435 0.06442770026244156 0.0851529278083886
180 309923.0 0.06978229487344444 0.08882784854140015 564825.1973746046 0.054502583696801846 16955884.16473758 0.10256090793189947 0.12914262050855618 0.101309574159091 0.13301049515369145 0.06600282961405889 0.08583951061696306
190 335959.0 0.07333655781241603 0.08999738279076644 500454.6919047072 0.05503921816542312 17298247.198331807 0.10361804080247575 0.12803469988815952 0.10143064773120049 0.13275103791483406 0.0682354023771075 0.0863827568934005
200 356588.0 0.0734342959660034 0.09000420096454526 499011.9030408955 0.055524744589413796 17657895.224897157 0.10361847225005501 0.1280359564159889 0.10153949148301987 0.13251645298744633 0.06841344828182823 0.0862546354847026
210 376203.0 0.07445181135902583 0.09286882658028618 481441.5998177187 0.055961544198259536 18006980.31894089 0.10477222557098079 0.12846222773575852 0.10169269697320373 0.13232427874139294 0.06887681432437501 0.08878033498915067
220 392298.0 0.07474300443649373 0.09313433548881146 476257.51749007875 0.056034397218326294 18455258.29677149 0.10471318032841312 0.1286753492431696 0.10182976208368626 0.13215612870734395 0.06919376286950736 0.08891709642668386
230 409100.0 0.0769073555672033 0.10154285312675787 438789.0327015632 0.05611637794383887 18859159.76208745 0.10374287621424141 0.13245665090877223 0.10192032395341759 0.1321364561368402 0.07000196699647325 0.09257571282029628
240 431262.0 0.07704800301915228 0.10189516011722287 440641.64201521355 0.05618396088094649 19271223.79367954 0.10308925077851913 0.13258907334231676 0.10198784095396808 0.13215131109196934 0.07004617647511237 0.09279965563646132
250 445590.0 0.07766815548278752 0.10243511089777835 437150.64334835624 0.05626514207108007 19674256.31964718 0.1038410912536183 0.1327968460420488 0.10205564932797777 0.1321750052536295 0.07032698137680506 0.09310330439864149
260 461478.0 0.07797430156719799 0.10596656067554416 433670.67017801903 0.05634469456973474 20074387.39332256 0.10388835607495603 0.1333355236570406 0.10212459797245779 0.1322049487671742 0.07054268996503656 0.09582594009408824
270 483352.0 0.07812910017307237 0.106520164833564 431652.85421432456 0.05641530083740364 20476145.11540005 0.10388319963358167 0.13312231389202617 0.1021896062637186 0.1322435235500715 0.07073511206789006 0.0962667448003135
280 510922.0 0.07839113206562072 0.10654296673682272 431704.2999681094 0.05648103770730227 20880154.70675697 0.10452163395271791 0.13416621430281642 0.10226049036326337 0.13228402830052624 0.07086701538263422 0.09631928433734381
290 525052.0 0.07841833012150458 0.10657999638713964 445798.49426420213 0.0565221198461718 21309324.681639154 0.10416841609321002 0.13352577367978627 0.1023270067592081 0.1323285954651483 0.07087490970848992 0.09636527432892544
300 546617.0 0.0784304751782137 0.10665661151881471 446294.5542146726 0.0565605515244691 21740137.593826428 0.10417133510514859 0.13352448769656322 0.10238826762198766 0.1323683638120324 0.0708725882304531 0.09641099539758918
310 568361.0 0.07849130315626314 0.10759166077221267 445968.4657174621 0.05659719219037283 22171373.972323615 0.10397835511982959 0.1331610108389415 0.10243939555399037 0.13239384898427264 0.0708892068481325 0.09734802480553777
320 589420.0 0.0785165938415155 0.10760176337631577 446547.3667529982 0.05663161220985814 22604150.834541693 0.10396570546183581 0.13296790693506272 0.10248710584570725 0.13241413885922784 0.0708872547989344 0.09736638069951743
330 616599.0 0.07881285533451869 0.10762360895246957 441959.1357400167 0.05667564939617679 23028419.950312484 0.10405339540080348 0.13231865762225234 0.10253237907800528 0.13241578147293095 0.07107366628545882 0.09737394972173066
340 626056.0 0.0792078676530713 0.10778570598228047 436000.7972414774 0.05672256355914135 23445244.413943566 0.10405339540080025 0.13231865762223435 0.10257698366225144 0.13241293326616557 0.07125301273955156 0.0974416193956844
350 651175.0 0.07960237016117654 0.10795987373683015 431343.6554099912 0.0567484605279306 23865559.214761753 0.10358319028871708 0.13229784441487402 0.102607005307399 0.13240974389212387 0.07132881824590956 0.09749489911348024
360 664454.0 0.07980798351318123 0.11207935847322416 433918.9725163838 0.05677815740945562 24287086.98973716 0.1036591550259864 0.13336889090636192 0.10263569090474407 0.13243631118912969 0.07144815258323141 0.09990204740622535
370 680233.0 0.07981169739757778 0.11211785340087718 434185.8921417502 0.056806291297216156 24709572.33334683 0.10366068110632291 0.13337324057658162 0.10266331872692955 0.1324615653609393 0.07143303770762674 0.09990176154864451
380 695337.0 0.08584230431312052 0.11335227654681317 350763.3640455425 0.05676766846344114 25084172.27660914 0.10467484621829996 0.1327220465447204 0.10270015916825255 0.13247872483964465 0.07500740343737014 0.10058741357519198
390 712494.0 0.08787105488540242 0.11667344366095624 328303.3330634798 0.05665832959782173 25488867.93621217 0.1053756246587599 0.13443435339387996 0.10276572169289952 0.13252269808365322 0.07645030768488104 0.10221596549819617
400 736265.0 0.08790586882312151 0.11673615096257293 329992.5298874913 0.05655432433540326 25891740.934245426 0.10675486831445703 0.1358236195605625 0.10285488377298777 0.13259462283122034 0.0764776217755714 0.10225874361222699
410 746819.0 0.08825294856907658 0.11680197623690228 326261.14156127436 0.056456407958128244 26287799.717353996 0.10683234098050183 0.13582800382990182 0.10295015090375836 0.13267320856317208 0.07663796277792947 0.10229869972961801
420 768605.0 0.08854711398343028 0.11715342077537036 323196.1782389512 0.056357403754032025 26682992.343347315 0.10680741394419536 0.13587186298717377 0.10304423627882774 0.1327492528062288 0.07678621481786238 0.10256814527248075
430 790837.0 0.08862696888237721 0.11717890139595466 323584.2737496163 0.05626289262288326 27075710.851364538 0.10680031480788832 0.13584452200470085 0.10313131531775356 0.13282102069082094 0.0768309167070595 0.10257997302388504
440 806153.0 0.08863941572441339 0.11721860119393573 323680.43117206334 0.05617258198645222 27465878.488209613 0.10680060417256135 0.13584705877113362 0.10321451481623978 0.13288960380488074 0.07684372405863783 0.10260302149897367
450 829709.0 0.08868950457999182 0.11725137843396373 325812.6019757635 0.05608619789943122 27855283.67048805 0.10698342267733285 0.13710622794495164 0.10329730300914285 0.13297751489846585 0.07686640125779075 0.10263142725548778
460 842013.0 0.08885735153539447 0.11764941064104298 324248.70972198114 0.05600348973100686 28241091.183651395 0.10698342267733338 0.13710622794496302 0.10337726222103419 0.13306707483439842 0.07696603177883768 0.10279905841892525
470 855228.0 0.08888826268518894 0.11766424747708445 324651.34748235455 0.05592422773626685 28625010.380557742 0.1069834226772639 0.13710622794501134 0.10345382613730257 0.13315283180065343 0.07698262693610906 0.10281480293161818
480 876417.0 0.08917494825879829 0.1196707052928859 322344.8748655193 0.055852263514093364 29001661.041679554 0.1072476084513317 0.13719084188218636 0.10353254794507823 0.13323618232910758 0.07720470353623338 0.10416045092323807
490 897997.0 0.08920535084350828 0.11973148862884851 322320.65960372734 0.05578317786080682 29376388.34878313 0.10724747570251424 0.13718925131269885 0.10360820946968229 0.13331671423673372 0.0772216322393572 0.10419431113556665
500 920338.0 0.08982817117496011 0.12095453354814835 315841.4453122832 0.055723241879473896 29738605.43482986 0.10799955130430285 0.13863000016703325 0.10369058327281719 0.13340952359027014 0.07739249773687627 0.10456330344236174
510 936358.0 0.09053476739916023 0.12258990762733506 311433.8494973277 0.055675998300971544 30086901.30014029 0.10799996138351471 0.1386300802408665 0.10377491155900584 0.13351168682072143 0.07759556142117321 0.10493288363010965
520 954665.0 0.09067278295023827 0.1235225092843614 310137.5619182118 0.055631064235705636 30432353.63943813 0.10804246118174884 0.13893546083731495 0.10385674072681618 0.13361520382565362 0.07769728306147963 0.10552441663502074
530 986401.0 0.09107793293530726 0.12359012206867583 307039.03912055906 0.055586087451114846 30775300.080361832 0.10784061832350936 0.13810717875457323 0.1039340730610042 0.13370916041291378 0.07773306599900856 0.10557041830092354
540 997389.0 0.09113444783174372 0.12359652909090664 311237.7681526793 0.05550482878987018 31153383.109339643 0.10743681702601307 0.13783317208169507 0.1039988452855768 0.13378539357068708 0.07775985653890467 0.10561900205170258
550 1025458.0 0.09120148758959261 0.12406126091145112 310801.93351919553 0.05542286218654653 31532376.99232489 0.10828765019835386 0.13411125074428448 0.10406462850080495 0.13384542690282367 0.07782349358631918 0.1059318462873327
560 1040357.0 0.09123959809645797 0.12550423089419827 311077.307372442 0.05533467089435327 31917948.053596575 0.10828234197231275 0.13411177874629265 0.1041398399251159 0.13385017758876064 0.0779012148349585 0.10703632581741342
570 1056330.0 0.0912868330840539 0.125542340339609 311342.1952958626 0.055249520681201154 32301616.26977553 0.108273423819528 0.13406028460172784 0.10421236100757635 0.13385463279797188 0.07798009698839825 0.10701817781639066
580 1066984.0 0.09238232540762877 0.1296740359969462 301257.3931261818 0.05518316321527129 32660477.117198594 0.10890327468593076 0.1388111225402831 0.10428443486457942 0.13387459462413467 0.07877209767129323 0.10975816481334115
590 1079339.0 0.09250611138460085 0.12975029683244005 301139.5787392789 0.055119017664872406 33017591.579016555 0.1086300889083108 0.13882037399832226 0.10436212617547203 0.1339581396528936 0.07887358497559901 0.10976987632641616
600 1092846.0 0.09268322503417414 0.12984355169863743 299621.14923784236 0.055047899952439375 33380570.525453866 0.10863008890831448 0.13882037399831582 0.10443314053042778 0.13403904205464776 0.07899887467977096 0.10978011210639257
610 1106807.0 0.09270381416382452 0.1299124692501387 299995.2009548359 0.05498117965938523 33740086.51498775 0.10866161790562286 0.1388294947171556 0.10450224317487518 0.13411741568015906 0.079046031518266 0.10976306900136078
620 1120248.0 0.0927182621632991 0.12992679112856492 304415.8508768278 0.054903126696782434 34114584.665793024 0.10783721297105751 0.1438538768889184 0.10456782064187342 0.134201260726229 0.07909006621763585 0.10974960463152306
630 1128912.0 0.0928543458939566 0.13765958100682263 304085.4693050584 0.05479774936648234 34517580.566838875 0.10503429496809315 0.1435943591187937 0.1046130272307253 0.13435375450886428 0.07911505816158958 0.1110881870774074
640 1152227.0 0.09831005235151326 0.13831948304126654 264382.53818075603 0.054693065173327754 34894134.10382514 0.10501853104647475 0.14313713330265895 0.10461952146579011 0.13449577380468736 0.08343016274391021 0.11192386760914645
650 1170138.0 0.09845017625000535 0.13976018589226608 266067.73053591076 0.05453675071547551 35337264.50250917 0.1034589697751185 0.14135091464723387 0.1046197923100213 0.1346220030810147 0.08355389983248385 0.11291162294827936
660 1181618.0 0.10396960133614007 0.1438448268170575 229784.73732384184 0.054433227771798806 35692197.64828433 0.1052684157876097 0.14351631881116358 0.10462961783605276 0.13475654656059388 0.08608393010777265 0.11465075847717823
670 1202380.0 0.10397746389493868 0.14385563952734767 229783.71114697657 0.05433462064236802 36041919.84154714 0.10535368237018951 0.14359372442021154 0.10463990036811097 0.1348877867337086 0.08609726931233788 0.1147077032320851
680 1215474.0 0.10423346275428708 0.14415868783502805 228351.10838198973 0.05423136262266845 36398082.87649499 0.10474111221072147 0.14334578218471253 0.10464845492521115 0.13501530319772065 0.08618724650131993 0.1148354614474401
690 1233977.0 0.10432736039191484 0.14425606547930972 228169.59427484762 0.0541263267022665 36757861.39617521 0.10474103180633892 0.14333258462073606 0.10464979514290841 0.13513574546181045 0.08617485757872785 0.11490661346217716
700 1255954.0 0.11039190098939525 0.1451745569971858 192998.08071226144 0.054052140168394734 37051407.26586222 0.1013788686618477 0.13911637769009455 0.10463754723140807 0.13523418676005255 0.09109856826335055 0.11534891558599916
710 1275898.0 0.11043656940182617 0.1452060979525817 192891.0056998623 0.05398001437157496 37342618.732885025 0.10137852268275466 0.1391112703293089 0.10459171345929355 0.13528876562167477 0.09108071189701626 0.11536655568247296
720 1296098.0 0.11292722084531981 0.1581223417942652 180821.3079205481 0.0538999616215128 37637413.668148145 0.10256743860288536 0.14218699729250803 0.1045564227232293 0.13536735276033066 0.09270056667819448 0.12424175015140955
730 1317138.0 0.11301592891429864 0.15848497931457567 180532.33645823845 0.05379445576939889 37971986.825640365 0.10204463597250209 0.14220065174071478 0.10452337367279668 0.13546102862765824 0.092672308220284 0.12435658790320014
740 1337563.0 0.11304109312875449 0.1586015186326454 180485.07893513757 0.05369176340667468 38303610.19846678 0.10204466427484649 0.14220529728323475 0.10448992257455975 0.1355520067832597 0.09262420860206444 0.12440943615559014
750 1354940.0 0.11314041451481828 0.15864626052437278 180210.09088750574 0.05359203695101495 38631800.02819102 0.10205079652185672 0.1422107590039067 0.10445739064726106 0.13564066677598033 0.09260251402761241 0.124445090730701
760 1370805.0 0.11343661680374542 0.15870464348596958 178886.59533760816 0.05349679957626168 38953343.80165038 0.10210526848406129 0.1422127648964429 0.1044264823402547 0.13572702811790485 0.0926993541716677 0.12446103096956948
770 1394462.0 0.11372391728885475 0.1590764797600557 177650.99503111243 0.053406744467178205 39267013.439775445 0.10219375429161183 0.1423595070422089 0.10439724910043355 0.13581262721399104 0.09279423986757955 0.12464861938657149
780 1409704.0 0.11375899122255834 0.15910748598270286 177601.13445943003 0.053319747851360205 39576849.446264796 0.10219930368689763 0.14238168828559603 0.10436905888326439 0.13589665548884688 0.09275729549042887 0.12466915294258514
790 1421539.0 0.11508460777727525 0.16009126412309144 171872.53412156773 0.05325073710163273 39854642.63216116 0.1022354881817649 0.14177487447391368 0.1043427386832416 0.13597140768919322 0.09366876013255518 0.1253018130118935
800 1441466.0 0.11637347029872468 0.16176068947479771 166499.69682705612 0.05318191212964454 40128942.01361691 0.10233206341762928 0.13991784216349315 0.10431712500813926 0.1360390815161347 0.09354497880521868 0.12641921004642828
810 1466172.0 0.11653089747150931 0.16187265967393397 167180.56491329632 0.05311476581550973 40401649.95387953 0.1023314892808079 0.139916439861575 0.10429264617828457 0.13608690338177626 0.09352491944327852 0.12646514159928038
820 1482778.0 0.11874078942697165 0.1664987759438602 158232.8264367668 0.053053261515864585 40659048.48599566 0.10148779148255763 0.14117928786056305 0.10425940478883446 0.13614172541337294 0.09387453409474385 0.1286503035257254
830 1502337.0 0.11875634206023233 0.16660395304172315 158578.22999835652 0.05299334922976834 40914576.87854571 0.10148833008244008 0.14117943930966417 0.10422605628741281 0.13620234656805155 0.09385044357003071 0.1287295461624996
840 1523444.0 0.11878803670590447 0.16671534350922815 158688.90170206552 0.05293490759703869 41168232.06229555 0.1014902395457122 0.14114386594217823 0.10419351600326575 0.13626127326107174 0.09382413963569175 0.1288036274630166
850 1541749.0 0.11883512657797618 0.16686445679090234 160863.3994656844 0.0528733440915092 41429327.31053873 0.10142745644600265 0.1394010201899474 0.1041615708043456 0.1363145358995484 0.09381309531568226 0.12882567357969762
860 1552357.0 0.11900766497351808 0.16694904612159828 160475.70134906645 0.05281472320313558 41685677.28427135 0.10092666830712795 0.1391234281887645 0.10412383505776006 0.136347064622809 0.0938776244176938 0.12889446343699854
870 1563241.0 0.12080581273029932 0.17163146194429119 153927.58106691507 0.0527717273184174 41910731.00404962 0.10096710703460035 0.13456677245248536 0.10408753471105218 0.13635263307792492 0.09511131061260931 0.1302964864857093
880 1573242.0 0.12092700839721605 0.17170474329806837 153689.21564979234 0.05273267125870183 42129132.7966712 0.10101514780769871 0.13493367106926055 0.10405262197714026 0.13633662349618733 0.09511297945770587 0.1302918177176418
890 1597295.0 0.12268566202613052 0.17314075174990434 147611.05520084818 0.05269749952967721 42336067.5593674 0.10170808504165268 0.13537328373721583 0.10402242115726178 0.1363233547698869 0.09605907564972069 0.13041263450268195
900 1610785.0 0.12284514188968661 0.1731834865243011 147405.36331743476 0.05265789846790905 42550751.31524669 0.10162126410842505 0.13536140595386034 0.10399654706265528 0.13631279487510445 0.09620042131389134 0.13041193162076684
910 1626666.0 0.12287415319473678 0.17332440201196092 147771.165804625 0.05260591739069022 42787913.078274556 0.10055910177512294 0.13478429915281911 0.10396016840375354 0.13629729421025427 0.09616515435537693 0.13044280189280372
920 1636253.0 0.1229611797252817 0.17362959238838704 147967.03161515234 0.052556816993384006 43020488.36271701 0.10059742121097838 0.13480111038267945 0.10392337195000295 0.13628092244123433 0.09616472771020586 0.13053519445141554
930 1650747.0 0.12408335521632358 0.17439540643285592 144593.1597869248 0.05250976756230007 43247164.647172414 0.10083572772179519 0.13411344628632157 0.10388921862961499 0.1362605649226261 0.09663106440031477 0.1310154802476994
940 1663722.0 0.12411506386834895 0.1744313634805135 145549.9208770886 0.052463708645554746 43473139.73205983 0.10083280851948395 0.13423077439673028 0.10385674207590892 0.13623862026580472 0.09660852589078205 0.1310015643179358
950 1686180.0 0.12413383546494818 0.17444976278157462 145820.94793786085 0.05241860928957495 43697925.746503286 0.10083280851948795 0.13423077439673248 0.10382494466732402 0.13621750727033613 0.09657665085814718 0.13097320516776445
960 1698588.0 0.12435997031121268 0.17480084597519124 145156.4219618793 0.0523744398172236 43920833.26656052 0.10084193819943868 0.13423660012813726 0.10379384319325492 0.13619685755122368 0.09668769774337121 0.13105799203047816
970 1711817.0 0.12476726544225278 0.17485735769815064 143862.96186862863 0.05233106617052569 44141597.03120628 0.10084846661307989 0.13430891822174407 0.1037634921321031 0.13617725804289035 0.09678322303912255 0.13104902907467483
980 1730563.0 0.12486019739268701 0.1749340220330399 143611.34160875643 0.05228856875911461 44360860.6804797 0.10084803888546334 0.13431035781779957 0.10373377568976833 0.13615822409832096 0.09676253686170455 0.13103852930272328
990 1744286.0 0.12572554704368785 0.17566766800243436 141019.25328489376 0.05225924273440226 44554105.027994365 0.10132061616675016 0.1344699133934855 0.10370914652360946 0.13614100815964517 0.09735797296802663 0.13139306649759186
1000 1761064.0 0.12854304166358396 0.17576104537155796 132323.278035145 0.05227695206521445 44655225.39516215 0.10281921494939569 0.1337128470870112 0.10368873586007217 0.1361197415554282 0.09797207501428301 0.13139506304487042
1010 1787003.0 0.13115585688610804 0.17716245052697155 128186.70943711916 0.05230961273664223 44725910.01746137 0.10273603989017228 0.13380147778983376 0.10368025965620395 0.13609641573287876 0.09875533181055476 0.13180778675406524
1020 1797871.0 0.13215833247672942 0.17724193665428495 126482.04707955176 0.05234245102554156 44794415.059439 0.10240330998029115 0.13368707828463708 0.10367179102579006 0.1360735384465268 0.09860349715543876 0.13180716568127446
1030 1812071.0 0.13220444050891259 0.1772588338126263 126804.27805390873 0.05236288857983715 44884886.02047374 0.10234531279964681 0.1336848458932595 0.10365937387070678 0.1360503851769472 0.09860039875717383 0.13177981174623232
1040 1830789.0 0.1324706832233698 0.17749486884287882 126312.93479605687 0.05238650480645346 44969342.09831704 0.10300580600987014 0.13483562140805097 0.10365008700427618 0.1360328461638704 0.09867625078776705 0.1318788936281012
1050 1850524.0 0.1325096364029061 0.1775282975150854 127365.9330945534 0.05240967544388834 45055867.17469572 0.10300598072002749 0.13483590971897613 0.10364395699929622 0.1360214551465084 0.09869751014164753 0.13187217729969786
1060 1864908.0 0.136112088589745 0.18013748521788897 118467.23950804549 0.05246147157832769 45082669.25310109 0.10142263477829074 0.13265346772575243 0.10362469720954924 0.13598902372703817 0.10083493771164116 0.13345275699942763
1070 1888202.0 0.136987147734015 0.1804774471420018 116341.57313483057 0.05251791448411727 45099207.8412563 0.10087152650347635 0.13277865543417822 0.10359906837227827 0.13595821631417274 0.1011897791286765 0.13362285118387168
1080 1903283.0 0.1370458782782874 0.18055680998068166 116240.97083590728 0.05257332174025933 45117847.588050954 0.10080964071236392 0.13273642385767848 0.10357326423111342 0.1359284124986639 0.10118552776643898 0.13361919500100916
1090 1920926.0 0.13708217214730792 0.181262037741613 116165.75935803336 0.05262771796932812 45138556.47751391 0.1008101836921988 0.13276595012464518 0.1035479358647932 0.13589922121075007 0.10117753407904335 0.13371497230387003
1100 1934867.0 0.1372143163585142 0.18149043210995364 115853.80066900636 0.05268113888288281 45160925.70097384 0.10078743517931836 0.13270821144646006 0.10352300782913057 0.13587060547333354 0.10120335344959944 0.1337880333136028
1110 1954876.0 0.13722136158952622 0.1814982276707774 115891.67425904077 0.05273360585155259 45185377.626875736 0.10078737585133109 0.1327082025674482 0.10349838494601801 0.1358421410406929 0.10118705165366482 0.13376469217736914
1120 1968569.0 0.1403599838984512 0.18401416924633726 108605.28040291036 0.052759704930449604 45246267.9287987 0.09998892458423482 0.1327337160574484 0.10347121666149868 0.1358137306856021 0.10311085091706433 0.13534580534889526
1130 1992267.0 0.14067345502092546 0.18477674268186003 108121.11095359898 0.052781722379536815 45314015.353946984 0.09985139832647193 0.1327438221320425 0.10343908934684927 0.13578632558442558 0.10344099477444607 0.13578933039600447
