1 272.0 0.07163523343023648 0.08365822688358382 475751.77661006455 0.07163523343023648 475751.77661006455 0.17692403026566905 0.1935517740860764 0.17824246461550616 0.19352040003380622 0.07163523343023638 0.0836582268835832
10 13989.0 0.07230675765576608 0.08549656989281784 466114.6383819299 0.0695802100164416 945146.2913585933 0.17691764968752402 0.19293099599796512 0.17716197065224656 0.19337674205272382 0.06971905853916593 0.08513398606505863
20 25008.0 0.07689666611280455 0.0864083963974473 387924.5624230629 0.07042337644675879 1328081.1052840557 0.17721943376914162 0.19647836581209102 0.1770653931871025 0.19333435332353904 0.07393097221188047 0.08588767911762982
30 36844.0 0.07873797106666407 0.08965194532021803 382195.6521479484 0.07048702691266254 1709799.7920191432 0.1763582702835884 0.1972048400576789 0.17690849557795404 0.19436644514466378 0.07518736508198987 0.08831312645870468
40 50329.0 0.08144439137072931 0.08968753760144275 347698.1936671359 0.070819467535606 2053508.0238995117 0.1802254348649096 0.19716726085284036 0.17773415417321298 0.19504934132716406 0.07645123845146157 0.08787440636223151
50 65156.0 0.08148743229538623 0.08976791931432349 348726.37194988335 0.07104109461756832 2399663.0523867803 0.18063231025549187 0.19788626458901923 0.17824657442985484 0.19550691400295336 0.07634139231066513 0.08763306947367985
60 74809.0 0.08150387068641138 0.08979218485808267 348714.570968956 0.07119904914855782 2746562.7662694044 0.18062206170998935 0.1978744261563364 0.17863671817413063 0.19589604337195185 0.0762604186738353 0.08745635191804643
70 93467.0 0.08220932479134593 0.09652776555208847 348316.8027891652 0.07096168784291156 3098603.3777356665 0.18207495965332632 0.1958880247268383 0.17902464673366417 0.19586690009496538 0.07668236405453922 0.09310759280593077
80 114878.0 0.08412465347997991 0.09722028765590025 326285.90153936925 0.07105403017206541 3423117.506184538 0.1815621983825702 0.19320029809077208 0.17931802778422334 0.19552986073794484 0.07807896955472067 0.093441253775713
90 127671.0 0.08931040336231093 0.09731993169248315 273043.41742890497 0.07142769546076115 3683182.7004058515 0.1857044793213805 0.19294035463267967 0.17987990737378623 0.19530437646003745 0.08098556957431183 0.09305782403780154
100 147321.0 0.08938828598401262 0.09744991229454246 273627.8804142909 0.07173813871054376 3946327.295857364 0.1909858447167977 0.19271369703174515 0.18050591418433076 0.19506845623141247 0.08116871871793069 0.0927201088693874
110 160455.0 0.08938972081169676 0.0974683453497099 283097.99797946314 0.07199111202687798 4222118.852978294 0.19098718460674718 0.19271121767442673 0.18145016752585136 0.1948564761210185 0.0812780996249932 0.09238425431477906
120 178167.0 0.0896136331081267 0.0975956756722779 289646.014933365 0.07217280838700141 4507037.876061768 0.19097926637365542 0.19145942091014315 0.18223798774390623 0.19465911530775146 0.08142364047275544 0.09212996976455641
130 193230.0 0.09143429068319275 0.09811227690636855 283818.41099685634 0.07244392824882374 4783957.781511367 0.19234832840147992 0.19027256855880392 0.18292270083637968 0.19435353429219954 0.08289613114548325 0.09221525313715159
140 210952.0 0.09369571345407524 0.09897354702480314 264389.4514218728 0.07268855465518327 5039419.441796909 0.1930317034291232 0.18961671389446533 0.1836298955391636 0.19402688502334428 0.08426815663496227 0.09244299817611984
150 226388.0 0.0956111933484848 0.09997382124016196 249832.52294655502 0.07290260276074786 5279532.378338303 0.19395311668393334 0.19166760624718038 0.18429023721712412 0.1938290681846256 0.08553564303332101 0.09285276523227429
160 247249.0 0.09801818662635368 0.10146119415048929 233243.5240688397 0.07310425201480669 5501534.847355335 0.19465323085611672 0.19111117570644187 0.1849117831594712 0.19364484532966253 0.08658845534131648 0.09245589180098221
170 260051.0 0.0980663723030335 0.10199100591645247 234213.14480817114 0.07328299805093814 5726004.381726353 0.1957697698910015 0.18707328083023067 0.18552831957285496 0.1933545267221865 0.08675417323929749 0.09265285587180971
180 275396.0 0.09811131839754746 0.10228092957853813 234135.08549760337 0.07318453698888035 5966632.391733558 0.1973161131235633 0.1867870945180488 0.18617397125974644 0.19299354176166608 0.0867856555011491 0.09244355201070091
190 296444.0 0.1065442589256738 0.1023271569827333 186174.3456526013 0.07340887340431121 6132728.105278363 0.19891388340052316 0.1867141219085372 0.18683869682769935 0.19266506668394234 0.09181944317554609 0.0921533088955439
200 306650.0 0.10662681699239458 0.102477397684252 188220.23094223696 0.07362923397076554 6302014.053902437 0.19756722666427215 0.1868018151657183 0.18738585489520468 0.19237248551707284 0.09199623348835714 0.09192990499084554
210 313778.0 0.10729200315905904 0.10312152655973444 184808.31103628405 0.073864030581765 6466556.026550944 0.19757864758027796 0.18685571476902804 0.18786849528405308 0.19210976948917755 0.09278638277496674 0.09238371405854424
220 328321.0 0.1073329659806173 0.10329366271896923 184666.18180801696 0.0740818329536471 6632651.008841835 0.1975394235211898 0.186752156874487 0.18830685735014097 0.19186955064490413 0.0929316984834727 0.09229570477381019
230 339410.0 0.11115342669754619 0.10403038830439754 167234.78634497625 0.0740952245928914 6798393.794715033 0.1967498343044324 0.18587090355458702 0.18867400071355803 0.19163395816502676 0.09550773269823465 0.09263986596433882
240 355182.0 0.114475559074609 0.10435092426989771 153137.4014756832 0.07423886471142307 6934580.317731302 0.19660850825005408 0.1855407332189352 0.18900737423997885 0.19139077520436493 0.09786866534586265 0.09264543262882369
250 380263.0 0.11507451137412775 0.10573702485027826 150959.9948081031 0.07431047609567161 7076739.485953838 0.19632649116719603 0.18552090505727797 0.18930755862206436 0.1911560749636477 0.09838130555955686 0.09314985225824891
260 393068.0 0.11546162963128967 0.10582528959777335 151388.29564169073 0.07435130266696054 7223084.6931414595 0.19747784819017608 0.18800616368119283 0.1895853058998317 0.19095921219806958 0.0984555426406812 0.0929706915220725
270 405322.0 0.11764726658616836 0.10583401798989678 143928.1964740872 0.07436916563611105 7364642.631131283 0.19809071915528087 0.1880033531405 0.18989918145131948 0.19085019307133785 0.09895794270331602 0.09276711295784437
280 415233.0 0.1239127402292898 0.1127825007002581 127510.46644597685 0.07443672221945942 7482151.439120974 0.19650550013608847 0.18819744403149874 0.1901748539092546 0.19075465699500746 0.1038493380635177 0.09715969918296148
290 428117.0 0.12395066992354302 0.11293846650794208 128032.72291985236 0.07452623395476789 7597186.002946528 0.1963152888209242 0.18822700754470462 0.19038978568193254 0.1906671848724036 0.10384388706093528 0.09705451700736835
300 442166.0 0.12397371896978095 0.11295367463651255 128613.21683910879 0.07460870122942333 7713931.258166304 0.19631529007418144 0.1882270231307742 0.19058664626798888 0.19058611606531817 0.10383790587855442 0.09691950779812418
310 454177.0 0.12888984292889336 0.11418913090069191 114607.24058384978 0.07476613310138609 7803993.628227535 0.19675010236994198 0.18632459147954275 0.19077343844987688 0.19046913967472306 0.10558445348875492 0.09720909392351527
320 468094.0 0.12990310257781143 0.11466914679530374 114511.84777993779 0.07494655326211812 7890993.801083964 0.19654018651345712 0.18632294636777275 0.19095439581037796 0.1903399850396836 0.10623997038702324 0.0972891152864332
330 493925.0 0.1300059322658097 0.11518582807902997 114334.48798769583 0.07511400171054419 7979954.159015935 0.196510092548801 0.18555781495791485 0.19112290985109925 0.19020475975867324 0.1063103814289743 0.09751425219786015
340 508363.0 0.1354213882962277 0.12095154369938282 101165.54379673948 0.07535692530285067 8041451.9760471685 0.19796896828583524 0.1867323143748646 0.19128652798040832 0.1900949825569641 0.10762613917382523 0.10122359308355797
350 530751.0 0.13547972105159375 0.12096885406830055 101501.33412313776 0.075586353140029 8106058.44135928 0.19796866727397522 0.1867324411719523 0.19147691172135398 0.18999918262672924 0.10774768685460541 0.10108599660267868
360 539452.0 0.1355669227593758 0.12165161551961423 101434.11222598073 0.07580595026142833 8172599.505739388 0.19792331308818395 0.18495952051172473 0.19165597536864518 0.18987922428771062 0.10790069297558744 0.10153501447650205
370 548881.0 0.13637267674259518 0.12279630769462864 101595.4868271298 0.07596717763082964 8248285.136929214 0.1962920756754393 0.18546419857143243 0.19179152536416003 0.18974973322255245 0.10814322077956173 0.10202966010661296
380 565478.0 0.1401443941344607 0.12519101754977455 93632.31666083615 0.07617280431282825 8307365.022948793 0.19872872718027657 0.19051144381657495 0.19197360415198478 0.18976972562659467 0.1106281540440747 0.10307164138412331
390 585300.0 0.14020996476090122 0.12525124538069637 93877.74460916307 0.07636814966072693 8368831.520489011 0.19872874716638592 0.19051527746253302 0.19214636949794156 0.18978870520599553 0.11074594561257044 0.10302242408762018
400 605841.0 0.1421368402499138 0.12729096116067617 90369.43613857494 0.07661091781489267 8419012.997787952 0.19681622558331427 0.19078538722874636 0.19228190228394157 0.18981086575752315 0.1126580796121834 0.10480917208326714
410 631541.0 0.14247353315491407 0.12736759818939303 90550.85821694345 0.07684880583510502 8470867.796701342 0.19840390121473514 0.19205400624825086 0.19242313678238962 0.18985920197182554 0.11299551388826931 0.10480583752484536
420 646791.0 0.14437942461376072 0.1296596066842558 87228.21157182829 0.07717493773179054 8506577.236035887 0.19711664950910826 0.19229181814507845 0.192558677463397 0.18991229083118716 0.11457064768370975 0.10610476393112292
430 657628.0 0.1445086733320328 0.13087435665457312 87221.43688517384 0.07748808967488291 8545141.926013973 0.19693998285930472 0.19319476322682239 0.19266197642864705 0.189980009546106 0.11467924790394064 0.106593590885048
440 675398.0 0.14470014781852858 0.13105750656530785 87118.70696690948 0.07769581117047043 8598595.948626438 0.19379722734194169 0.19290819056271905 0.19271622479872036 0.19004900750715473 0.11482963113206215 0.10660030031088542
450 692526.0 0.1469654544874114 0.15267817744394596 84474.79818142613 0.07775827945345656 8671934.436592028 0.19423580102201285 0.20549341612113753 0.19274803014358366 0.19032946645717305 0.1158760493990684 0.11697415836725317
460 707119.0 0.14699758989672193 0.15273138576491568 85163.87694519876 0.07781808951163477 8746544.655143123 0.19484210080318118 0.205565513519291 0.19279079419860587 0.19065965424867512 0.11588783321257665 0.1171652416996531
470 716948.0 0.14900247442050726 0.1531579234573262 82710.76529793786 0.07783351513271525 8826408.85121089 0.1949002785704273 0.20485751779558506 0.19280998222544427 0.19096391020577888 0.11721569589155267 0.11813409543085675
480 734979.0 0.14903089761931562 0.15322303827818431 83009.39802743042 0.07781303973815086 8913254.26017189 0.19490037304494126 0.20485984713329425 0.1928534407115536 0.19125278769195092 0.11723278628753439 0.11825804085310264
490 758067.0 0.15434193647333924 0.15483537480685816 75224.8639848904 0.07789621649563946 8972498.386105444 0.19018559100469667 0.20252612373799356 0.19281446603658098 0.19148213527662422 0.12122527714256826 0.11844693880823487
500 777894.0 0.15439960478221426 0.15498546081234965 75345.02818920414 0.07797613085487876 9032572.084083034 0.19067111469207748 0.20569205505367782 0.19276587675805668 0.19172785245888746 0.12128125413751913 0.118582444037718
510 789703.0 0.16117229331730695 0.15507558165453966 66410.37162601274 0.07809741537419887 9074185.14688554 0.19023009784720823 0.20117342577283076 0.19272682139136238 0.19195814455731008 0.12639729905492367 0.1187090576980966
520 801817.0 0.16242567877169767 0.15640954187721373 65712.19253849481 0.07811781145380207 9135535.003708899 0.1907372958000806 0.20227539304272615 0.19268009866173458 0.19214607922068141 0.1271345253100746 0.12001735640984255
530 809063.0 0.1625401919779753 0.15641334928321782 65651.65773989721 0.0781374521230496 9196987.75498715 0.19073897113521954 0.20227529595960697 0.19264352058370107 0.19233683825307574 0.12720197697761215 0.12011315322641516
540 816652.0 0.16364785901922702 0.15666154789784037 64509.14378176069 0.07814402664898416 9260069.091742465 0.19109974690635492 0.20266060206587658 0.19261210585635608 0.19252376859066425 0.12779758368349584 0.12011174336536341
550 830121.0 0.16676697898299356 0.15836403750266906 60988.85369676583 0.07818140827175488 9312777.676209105 0.18849632541726302 0.20272909682432005 0.19254101978949986 0.1927079360079461 0.12975865277168094 0.12115292041291532
560 856656.0 0.1669783435138994 0.1583877743718259 60780.15392465766 0.0782385556997351 9361018.276406541 0.18843992589379802 0.20172397616394425 0.19246831864714134 0.1928758163719415 0.12999405403245853 0.12121147078681498
570 874148.0 0.1669961456836166 0.15849195031149343 60799.62500163476 0.07829373252675051 9409747.509297758 0.18843992588185476 0.201725213575819 0.19239776884084184 0.19303078424657358 0.1300012506652514 0.1213071272620509
580 887389.0 0.16706697061383788 0.1588102152012284 60817.54095994967 0.07834703895285014 9458937.984373283 0.18843687191662492 0.20172417484620056 0.19232964592758794 0.19318041786659257 0.13002062869396339 0.12144444005537569
590 905397.0 0.1677291810615675 0.15896533463279547 60148.72289750923 0.07833737490441038 9521268.351791004 0.18763163561402077 0.20172333213945223 0.19226099952329162 0.1933249509070526 0.1303457175289865 0.12158980730685207
600 927072.0 0.16826142420595602 0.15934594997694995 59740.03317117928 0.07832503197227059 9583811.606330862 0.1862801741557859 0.2011424696811536 0.19217047544650695 0.1934588852700482 0.1308396480826129 0.1216779346650068
610 937554.0 0.16840011647193712 0.15940015871253352 59597.34834687927 0.07831308719923206 9646127.348832535 0.1862804729694476 0.20114280699952125 0.1920740752615654 0.19358464445765525 0.13086261131512394 0.12172690296424345
620 956497.0 0.175878616680058 0.16333990643690194 52351.70770581128 0.07846734318792258 9663485.373079875 0.1905090422350414 0.19907546261241826 0.19200829103462982 0.1936854939833241 0.13661159877034357 0.1252199440337115
630 971595.0 0.18031906742755793 0.1636942490956053 51107.02965670324 0.0785686295865663 9690916.655166538 0.1885411169297428 0.19634304120617474 0.19197117905939742 0.19373939047014876 0.14018845765220483 0.12549880932427201
640 987118.0 0.18289438271813796 0.16544016789083646 49068.62989638233 0.07866317183375067 9717453.77720645 0.18760830055305153 0.19640533820474354 0.19190476263978357 0.1937833291718094 0.14118596207599593 0.128022297536455
650 1003158.0 0.1836412090935624 0.17099544021653934 48956.937724534815 0.0787557120713472 9744441.05298776 0.18776495228592505 0.1895105715540449 0.19183892071193567 0.19376305621417492 0.14152390302818127 0.12969943190842742
660 1017148.0 0.1870242557531013 0.1734743921218426 46485.59862752119 0.0788454899137916 9769114.097894976 0.18882199274867736 0.18957329054818758 0.19178368391555276 0.1936991016443946 0.14365803792851126 0.13151339941955414
670 1030290.0 0.18739777046100012 0.17357303078560885 46348.285446432834 0.07893253585450291 9794373.613824233 0.1882623396865155 0.1897176900786527 0.1917332646499066 0.19363980712338255 0.14383864843300356 0.13166532609306084
680 1046261.0 0.19059461404682018 0.17876782635911925 44149.47281123935 0.07906115567187666 9807337.012891516 0.1885292226463407 0.18962486464401493 0.19168432927327805 0.1935848469422779 0.14574530616324902 0.13334792353525698
690 1063098.0 0.19152290459154128 0.17894448943604654 43569.78196931298 0.07914889191412242 9829258.535157386 0.1875287438333572 0.18887462390244508 0.19162999823311427 0.19352107537677382 0.14645624612349248 0.13336009074660735
700 1082915.0 0.19180622727306898 0.1826142890381484 43441.24121826173 0.07923017151679478 9852664.954846295 0.18757633533828133 0.1919230555478123 0.19157164117454806 0.19346202610296273 0.14659834866035754 0.13468820445649562
710 1111524.0 0.19830637126111994 0.1844159590547703 39455.72162574382 0.07937474240380084 9855989.734936208 0.1888637174646206 0.19122660007361142 0.1915317520123379 0.1934315674264553 0.15189550632448456 0.13553265352242344
720 1132150.0 0.21000083004112535 0.19253809700389457 33217.43550075263 0.07951905117614877 9850697.262085732 0.1904045418551814 0.1912081181009977 0.1915266018875002 0.19340971231650275 0.15799464266241597 0.1396667302899829
730 1146771.0 0.21307554339006377 0.2008714042838379 32503.26936916809 0.07962446322927343 9854690.496758163 0.18921981014264197 0.1914533632191115 0.19150225991048964 0.19340213855593036 0.1581786558138809 0.14399813579476958
740 1165326.0 0.21512254337005793 0.20225663534150803 31681.303429878484 0.0795807834478031 9898806.486482345 0.18978809805131275 0.19089865711925535 0.19147767999963713 0.1933726297629824 0.15901617225375142 0.1442273187482133
750 1173025.0 0.21626911291980744 0.2031352768655838 31316.354168096892 0.07952887098006794 9945026.841961803 0.18962061104083006 0.19087422872970827 0.19145306676317037 0.19333963689286157 0.15984724017915947 0.14480597631634082
760 1190255.0 0.2165046834640311 0.20331517301973798 31229.223519650608 0.07947830688811812 9990822.386441026 0.18954868538655004 0.19086738425088887 0.19142817868603162 0.19330716741801424 0.15996470648417616 0.1448990504705695
770 1215273.0 0.21725506806987277 0.20431270500496063 31072.043792169192 0.07942385491652534 10037669.35892968 0.18995602659965058 0.1905528132534655 0.1914078401780211 0.19327422996148494 0.1604034039711252 0.14528609025116523
780 1226606.0 0.21730322163055876 0.20755674343236966 31189.50593882321 0.07936980296937338 10084547.599638171 0.18948087738944103 0.19073866965929429 0.1913831323271163 0.19324176770027976 0.16044126223531252 0.14632662875041555
790 1245174.0 0.22326269262524184 0.21379332053296743 28820.6205859035 0.07929910699013103 10134527.55506072 0.18930259998493282 0.18599076761342734 0.19135544188118964 0.19318779731950736 0.1630131085801454 0.15068115753357314
800 1251492.0 0.2235596592589981 0.21403318067321805 28713.440035646978 0.07924112361613825 10180616.52407645 0.18930197299692597 0.1859916960174448 0.19132981184020392 0.1930979604622332 0.16309890014073455 0.1504663816050863
810 1271369.0 0.22393256297173772 0.2142484757149924 28779.567868884067 0.07915646889128596 10235041.742500328 0.1868634235266809 0.1840713461252145 0.19129910033249542 0.19300669352412583 0.163122515414369 0.1504399698926737
820 1293872.0 0.22413628951515488 0.2144691069998672 28717.04773275186 0.07907385403932166 10288907.517352475 0.18710915413768703 0.18394374628634572 0.19124537190685953 0.1928977031784158 0.16324845747475633 0.1504381074013909
830 1305174.0 0.22692946081352375 0.21641315689340218 27769.90628356396 0.07900016753856531 10339353.624090558 0.18692427320752786 0.1839586219969621 0.19119426874157644 0.19279002279433563 0.16519156134343185 0.1512341933406182
840 1317804.0 0.22731185284552835 0.21664732545671922 27779.803040752533 0.07892727116330421 10389653.890361931 0.18688025802218233 0.18387901020149222 0.1911431169224898 0.19268427248475548 0.16517544176082039 0.15121126532547946
850 1330325.0 0.23128269011973468 0.21699872564662534 26429.35609995314 0.07883185264927643 10446268.966566563 0.18714545891658108 0.18390083760513576 0.19109429886811843 0.19258083081514957 0.1668994896620835 0.15136117512454686
860 1347035.0 0.23134479050210313 0.21706498245894987 26419.128165370836 0.07873862766430675 10502324.844547532 0.18649472882268267 0.18381615215033204 0.1910439015755336 0.1924794320752462 0.1668649199672519 0.15130545162346332
870 1363596.0 0.2330529520006068 0.2323093689602698 25891.197796480785 0.07863727276118954 10560847.549883917 0.18725395143491771 0.19115577777695475 0.19099951735886078 0.19245576165570483 0.1675974787094918 0.1581154856898401
880 1375051.0 0.2347385809439929 0.23279246726554764 25396.24389049094 0.07854109985846254 10617481.035514148 0.18483929996865053 0.18491977418728786 0.19093251656214977 0.19237035712776895 0.1679808366165309 0.1583784691315555
890 1395265.0 0.23500102421427485 0.23298773308902337 25345.273255747263 0.07846647854985017 10667050.084715651 0.18404565593169622 0.18233231656934307 0.1908625512094276 0.19228002873638958 0.16815625679326335 0.15824217625593473
900 1402761.0 0.2351497740166106 0.23303460585609895 25306.00253586151 0.07839349726999852 10716146.054399552 0.18404537099900234 0.18233111414548728 0.19078689087875755 0.19216961907279864 0.1680649808831607 0.15818568518270829
910 1410884.0 0.23562177975647117 0.23307821111229127 25165.341926267665 0.07832210253970887 10764702.281753168 0.18396973259731586 0.18230867656545424 0.19071222495855478 0.19206142475980328 0.168095163857033 0.15813585005473266
920 1428939.0 0.23564478288135265 0.23315758182211915 25177.84265835763 0.07825224317996307 10812848.107375389 0.18395968262596918 0.181853978203002 0.19063900409470153 0.1919540466092325 0.16801193590179134 0.15809043356213948
930 1446299.0 0.2357199654459686 0.23326009952548868 25161.522732091733 0.07818429707169161 10860428.369260835 0.1839554916307795 0.18185945745548074 0.19056721607011723 0.19184561867361688 0.1679764208627545 0.15805021183546955
940 1453212.0 0.23816587303572712 0.23793514860752724 24409.073710180513 0.0781272029246564 10903824.545632057 0.1843075946213861 0.18327471135162376 0.19049764606286684 0.19174247489759566 0.16850226661392462 0.15965609415520984
950 1477103.0 0.24256092349622232 0.23859670864564553 23272.93901197442 0.07811753382538393 10930311.289255468 0.18587615656463263 0.18370435996235693 0.19044553932826938 0.1916561387464265 0.17014587991988597 0.16018000041069264
960 1489422.0 0.24291943201888153 0.2500305706054691 23217.069429619172 0.07801456519982614 10988828.112183515 0.18425690204452075 0.18479407811856166 0.19038675450546 0.19157838953430248 0.17007862824698652 0.1686487998571012
970 1497379.0 0.242998081478397 0.25007473530551894 23206.659529358647 0.07791369797478993 11046799.771504436 0.18423091076537798 0.18479195517719715 0.19032335755654042 0.19150849834627867 0.1700358880375025 0.16861444912984264
980 1504805.0 0.24374533844161295 0.253002517972199 23014.65156921743 0.07782539805672574 11100360.391138798 0.18458117832685303 0.18421230847806241 0.19026212103678172 0.19143888384887198 0.17037576304515686 0.16947301873609724
990 1524974.0 0.24975504210938113 0.25356099208308774 21421.142351448692 0.07791305602064472 11092545.63834777 0.1845811783268549 0.1842123084780536 0.19020479568148477 0.19136596179669432 0.17326233320708564 0.1701394676219539
1000 1539316.0 0.24995582945322817 0.25367328199393574 21398.67453412086 0.07796851778117271 11095322.09918528 0.1894408069253043 0.18482617997783587 0.1901872449389741 0.19129905056407187 0.17329357632422632 0.17006630899638608
1010 1551395.0 0.2612205719120051 0.2599785776868443 19067.774940220974 0.07812349923616921 11062741.880352542 0.1899038519107926 0.18484438272419954 0.19018326923353282 0.1912367603077395 0.1762572561427853 0.17287138872027683
1020 1569583.0 0.263294343768599 0.26444771744246753 18667.487357930637 0.0782582621147025 11036328.272562647 0.18950827563656286 0.18333953059807734 0.1901830067522541 0.1911598895887208 0.17680009684451675 0.17711339125539924
1030 1584099.0 0.2633853018691243 0.26448579096667574 18660.82175858707 0.07839043339941786 11011066.316946015 0.18916238047249437 0.18333408930126147 0.19017512384071386 0.19108401997560778 0.17681574842256195 0.1770356355364233
1040 1598904.0 0.26358987121086597 0.26483459251195784 18844.04839406129 0.07850526022319923 10991902.14790904 0.18809884655509046 0.18215655024576247 0.1901626569693579 0.19100051478738111 0.17687670449087767 0.17703775475102645
1050 1618354.0 0.2640239652266002 0.27042488185594665 18802.77830548607 0.07857143503258904 10988558.638200233 0.18690338748694166 0.19270686642700718 0.19013544020025627 0.19098654827997227 0.1770652356055836 0.17900042238843056
1060 1639484.0 0.26413237573833626 0.2704679791241305 18797.154679107072 0.07863637292965381 10985693.545360927 0.18690307434036632 0.19270593105214207 0.1901049749235372 0.19100275358413965 0.17706070181815098 0.17896410840381013
1070 1649173.0 0.26962283265871706 0.27085812360363043 17802.994587757537 0.07876259382046952 10961871.65652265 0.18931441717054703 0.19296703397044745 0.19009039185239038 0.1910202329111699 0.1788132037639364 0.17912315560290626
1080 1672919.0 0.2703702797062519 0.2728115949745256 17708.03936330348 0.07888474190424756 10939468.17942144 0.18925218200432833 0.19269346718867417 0.190082470004433 0.1910383394403518 0.1789824082949949 0.17950100946523292
1090 1685601.0 0.2703733538846282 0.2735967002713801 17729.32510310566 0.07901737662262791 10914118.65923933 0.18907478842595588 0.1825576795899723 0.19007433470900797 0.19102416789707047 0.17899280384813546 0.17978307374384225
1100 1697956.0 0.27041139404513204 0.27413913806262113 17755.14985592631 0.07914762152626265 10889863.244970582 0.18907446083522628 0.18255578761212118 0.19006525305811878 0.19094725128706483 0.17901787256063859 0.17980213993121763
1110 1716157.0 0.270517275614537 0.27422708692627135 17748.939324886338 0.07927554062804676 10866611.256212676 0.1890894663273356 0.182559553466689 0.19005641661041917 0.19087174001695567 0.17905892505369347 0.1797247490764267
1120 1730292.0 0.2726125231790214 0.28814893384890594 17405.300977402498 0.07942348272398424 10837047.323937656 0.18909794917971903 0.18520926190754686 0.19004660663176348 0.19080675879371714 0.17993385007239632 0.1836883370887611
1130 1738371.0 0.28161394588400285 0.28821417133608546 15916.446155119882 0.0795622346290285 10808062.005474541 0.19034329217138346 0.1851615583676494 0.19004131539579724 0.19075553539828238 0.1821206333886366 0.18363510771995806
1140 1750451.0 0.2834662352548716 0.2922405228628713 15669.466539876265 0.07965126100224855 10794529.7140852 0.18833353180611287 0.187017031970778 0.19002617961820242 0.19071383690245194 0.182480021108402 0.18532811877709876
1150 1767629.0 0.2850919851328618 0.29283164151464935 15447.604542961006 0.07974811209398794 10778344.308153864 0.18741866156612702 0.18649845669372475 0.19001150098669248 0.1906819837048566 0.18297893318519304 0.18517732815708865
1160 1788371.0 0.2888797279780609 0.2933662121490395 14849.044729340583 0.07983936704091643 10763220.523250643 0.1873797018131296 0.1865898605744316 0.189988964269154 0.19064641843275681 0.1849154463419543 0.18565931367749752
1170 1803621.0 0.28900382422550314 0.2934277692853233 14838.356772807669 0.07993396345079073 10747173.135151856 0.18652558635339084 0.18607226755647394 0.18995936860844967 0.19060742086989757 0.18496510199561272 0.1856571181811524
1180 1820949.0 0.28910532542515255 0.29350763511259276 14827.01055368087 0.08003155157388714 10730329.197726903 0.1866996079196952 0.18532255394100366 0.1899304544178041 0.19056860792842295 0.1849183177566024 0.18562157366176277
1190 1834679.0 0.2904647498659902 0.3018123091826194 14883.229123600351 0.08012903617292787 10713771.583204199 0.1865134975131561 0.18805084372614306 0.18989752530182155 0.19055363519895224 0.18421822023081041 0.18725484229580988
1200 1849548.0 0.294272730544485 0.3023936812256667 14371.575472383991 0.08021354826452726 10700688.265680652 0.18825189993341052 0.18866813340807376 0.1898777513775634 0.190537421232657 0.18681157567938433 0.187533337914615
1210 1866923.0 0.29469986301129947 0.302625637737097 14339.68271841039 0.08029700530547254 10688017.20093152 0.1880852995317286 0.18905492218147374 0.18986439578590916 0.1905223451379171 0.18701253909050544 0.18756881170920986
1220 1884509.0 0.29474460096245175 0.3053816151850292 14339.53799309187 0.08037916190921542 10675875.398671523 0.18813450339146973 0.18915110951533953 0.18985014373320921 0.19051093658852675 0.18699869976646283 0.18853330147722838
1230 1897145.0 0.2950554678288177 0.3060522021676872 14313.356871955322 0.08045495647548852 10665802.038162295 0.18790990187053147 0.18744857566410306 0.18983528958301082 0.1904929633811181 0.18712702522403551 0.18890680948065885
1240 1906093.0 0.2952813486477691 0.30687436543247143 14366.325588586846 0.08052517667515582 10657642.437287653 0.18773856342990125 0.18736798284568473 0.1898181700054118 0.19046784908494227 0.1870842699337186 0.1888277147156679
1250 1923920.0 0.2959021908491236 0.30739911049673874 14345.816172676383 0.0805932334171941 10650215.655008001 0.1875412835663447 0.18746594176827563 0.18980030160005004 0.19044386545827877 0.1872187658245246 0.18889919589162565
1260 1948200.0 0.2960515723383015 0.3074497870747066 14327.994055836338 0.08066021839951523 10643178.664984044 0.18745112744085138 0.1848848393818241 0.18978231219791672 0.19041819992746167 0.18721754183349318 0.1888950559047141
1270 1958648.0 0.2967897965448156 0.30939622964303326 14226.255235087836 0.08072666600700304 10636249.303798744 0.18763374513573694 0.18251597939610015 0.1897641455651998 0.19037300428516074 0.18707479645258104 0.1894438751594159
1280 1981184.0 0.2990878932743085 0.31169360817505576 14090.84683562969 0.08079131568936032 10629772.427129323 0.1875461017603515 0.18240186890323823 0.1897462792766605 0.19031048705278303 0.18784295180941116 0.18986687999288995
1290 1992604.0 0.3018385875986793 0.312844352810159 13740.290023596444 0.08089595749689268 10610647.505935248 0.18922709587517605 0.18242556272075794 0.18973650404864786 0.190248883043903 0.18964907712845286 0.19011187826123668
