1 1189.0 0.05727224863456895 0.13492188345392228 1136709.7785534444 0.05727224863456895 1136709.7785534444 0.14145669058652277 0.2364775591896264 0.1414566101421304 0.23647755138765403 0.05727224863456968 0.1349218834539249
10 15438.0 0.05857811218451353 0.13505293381113087 1067054.446842549 0.05788507898390281 2202293.2747383574 0.14119131389112172 0.2364790303475831 0.14138557960043502 0.23647862396357408 0.05833882041955809 0.13499084164045677
20 23827.0 0.058624444493236186 0.13576785871491043 1085291.8739438953 0.05809638272788977 3287499.3897799305 0.1411802423242683 0.23514864607451308 0.14128471567606435 0.23616167228492346 0.05846458322197118 0.13555556762445684
30 40057.0 0.06502745692792072 0.13578167833106766 811315.5725832701 0.059795921270553117 4052128.0573131093 0.14149789474161056 0.2362336929143229 0.14132515117562702 0.23609336103487474 0.06409347265891387 0.13553656085525417
40 55507.0 0.06539381596152176 0.13681224515524923 814705.7547733928 0.06081657061907695 4841569.69153405 0.13977614040089337 0.22955056806563234 0.1410261824949258 0.23527873827901888 0.06458136559433574 0.13625625462886376
50 73840.0 0.0670329668337352 0.1458648591143427 769867.4126516111 0.05982656536738449 5679694.343019835 0.1399327852044546 0.230433448842432 0.14077424441579273 0.23424873842389274 0.06539830816371897 0.14195861453799374
60 95048.0 0.06753825987051008 0.14635714226526075 756233.2650921049 0.059119583972688426 6490466.800462677 0.139949518339505 0.2306333192253122 0.14063915905183774 0.23362603145781607 0.06560131401837059 0.14266672478806422
70 111433.0 0.06809878982140663 0.15160786343753924 767876.6429915591 0.05858021850525892 7299932.666256007 0.13972473850652375 0.2310941549046728 0.14054461484285113 0.23323987815356256 0.06576178404269739 0.14620041424318786
80 122168.0 0.06819978885141414 0.15295598914435696 783259.0606104904 0.058103136901462356 8119827.010519184 0.13821972404709076 0.23073093525722604 0.14031558919710876 0.23292742701400046 0.06570552550942552 0.1476636964290898
90 138308.0 0.06881976007784861 0.15331587442098274 769418.6447883168 0.05776396208853769 8917303.990716046 0.1385869738260272 0.2340140873230734 0.14012162567184344 0.23294709782960393 0.06605780339522774 0.14772268063897684
100 155640.0 0.06965138427141289 0.1595354606870838 747043.6163483966 0.05753884670581537 9685012.289406663 0.1387041591731392 0.23733464744661992 0.13997608934812 0.23321990672960133 0.06660369211560968 0.15133547570739136
110 171426.0 0.07016357507297755 0.16911217372684437 737300.6150433349 0.05702614517557026 10487654.419505643 0.13636430975565925 0.23827785188808975 0.1397250426219331 0.2336206314408117 0.06673022618705161 0.15468245445058718
120 194139.0 0.0777851356609994 0.17035769135221598 547129.2359786337 0.05738837457703193 10971596.076928992 0.13532735994785475 0.2378527879845807 0.13938023525547136 0.23400018504451078 0.07000627844747159 0.15600320374513107
130 208513.0 0.08068413390359966 0.17057421204089146 502651.21270067344 0.05785330342594974 11386647.602078544 0.1356036689706673 0.23676310153089616 0.13907766570379765 0.23428841243460538 0.07195590006010677 0.15638718016687878
140 217320.0 0.08080470294842082 0.1708206931567005 510864.3250276464 0.058240192878595845 11828483.967411952 0.13558999290684415 0.2333340170938881 0.13883071439077924 0.23433126244064195 0.07196287461052342 0.15661995596975262
150 233665.0 0.0812240219116372 0.1772973523748696 522232.7728086922 0.058528811692654295 12301424.8745352 0.13533395111528054 0.237933327598684 0.13857732197237346 0.23443467280823962 0.0720704682124198 0.1592478468783514
160 250073.0 0.08137939304915837 0.18353631848758442 530867.4618421283 0.05878471516481132 12791316.410178302 0.13533643571922568 0.24062403419870204 0.13837604995739813 0.23476435006348373 0.07213388410857025 0.16328541794459467
170 272992.0 0.0833226416645285 0.18391464220976045 497405.71898862126 0.05895578725002369 13255124.283266045 0.13528942215557754 0.24055145310351733 0.13819586644291104 0.23509884775275608 0.07319658774676972 0.1636918191248151
180 286646.0 0.09314553605064242 0.1841545033309543 359839.5449790125 0.05914221477288868 13555023.925966332 0.1354454213089603 0.24052352089068482 0.13804487178320282 0.23539837088383245 0.07841833099442466 0.16427243956376064
190 300069.0 0.0939404618564044 0.18422297141811786 356765.9612361891 0.05935983690887494 13843367.490732871 0.13616392915397038 0.2407112343435992 0.13791432594736622 0.23567037544459132 0.07916551967010454 0.16469493083199943
200 320885.0 0.09719515833714347 0.1878389705341855 330587.98348464223 0.0595175305656829 14119809.159834424 0.1372020526229946 0.23863371282102697 0.13789123856852528 0.23588861005783796 0.08087353850135397 0.16713312980615197
210 331102.0 0.09726110008834223 0.1886579240555594 334448.4589835377 0.05945243359627331 14478039.26872157 0.1374715915464344 0.24505677909632645 0.13786465617422639 0.23613093509409178 0.08092432156346305 0.1668719726645205
220 341800.0 0.10005402417574728 0.18973452708746494 318501.53266368 0.05940436653168489 14814923.105061306 0.1387706442262549 0.24520320339327598 0.1378818526143545 0.23654001956872447 0.08152650676225771 0.16730977167341604
230 350808.0 0.10018281940998759 0.1901195283774025 324898.8728753736 0.059208830256266144 15218146.569513712 0.1384423245946331 0.24813212725992034 0.1379075193284881 0.2369274124024711 0.08153983120205943 0.16764143307860133
240 359716.0 0.10085895606891748 0.19412761068143108 322840.452552547 0.05915206996087741 15562940.463579342 0.13867237596861767 0.24959252706417007 0.1379274306604887 0.2374320347843972 0.08200759632366188 0.1688960363753723
250 382137.0 0.10145672060440704 0.19653170138915063 319905.81965243997 0.05895322685061232 15966144.694911452 0.13743056622968156 0.2458647220887719 0.13794722153004182 0.237757682875736 0.08218667073797031 0.1699125623401645
260 401494.0 0.1014880032657769 0.20859367000939405 320301.2579889751 0.058769094381833115 16364526.762433335 0.13743666023525977 0.24424606652319203 0.13792753139813882 0.2381508381104176 0.08213661654199247 0.17702089423564818
270 413799.0 0.10196875231690986 0.21201626192004355 319161.58563356963 0.058478560512589824 16816134.661339033 0.13757652614624719 0.24414276440300994 0.13791102973936736 0.23836867132997533 0.0824785837617373 0.17797977399256612
280 436143.0 0.10238622627847889 0.2121936179968527 315394.2288339243 0.058208344458797204 17258458.101085622 0.13751673024915884 0.24419248664022017 0.1378983740888874 0.2385742646248985 0.08254626256345692 0.1780265448445491
290 457574.0 0.10239016341279723 0.2139716777231348 316805.5851933013 0.05795356748851631 17696873.39992777 0.13931156898517705 0.24261551007959636 0.1378908681286155 0.23872396478987734 0.08247138786169365 0.1792542785143038
300 474681.0 0.10451826462910141 0.2189061569632797 303462.1677645662 0.05777091893639417 18089853.332557123 0.13793793921972256 0.24142168203693276 0.13791083546493682 0.238820701552419 0.08381053032467281 0.1823491002653431
310 496704.0 0.10485558616792368 0.22235989862441857 302797.92061600956 0.05759102389629782 18482529.96875939 0.13798899341904314 0.2474104767827661 0.13791335654378795 0.2389620973188987 0.08378758430228132 0.18252170673665938
320 512990.0 0.10572501516889014 0.22238643721014867 303403.95061138406 0.05742203158590427 18871262.499995098 0.13788558882783966 0.24680828361703344 0.13791319004027744 0.23920506241312597 0.08402388198088587 0.18250520971233447
330 534084.0 0.10705084106001525 0.22358648914736481 292759.64488917554 0.05740144633044114 19174014.92497448 0.14225284736791247 0.24578558126024966 0.1379526697723549 0.23942370028101329 0.08474781605194624 0.18266174197432267
340 561113.0 0.10794755821151314 0.22424841799048445 285659.9039955055 0.057465873968404385 19429313.606117617 0.1429658896876372 0.24553500317761304 0.13809427309073338 0.23960883146070464 0.08483598184372465 0.18237342970398218
350 581635.0 0.10817951622948913 0.22461239611398284 286307.77387318754 0.05751756137940066 19691267.765983757 0.14202409508258937 0.24550780686520535 0.1382245966509491 0.23977682090075203 0.08502742100898196 0.18233211596615376
360 608110.0 0.10879539056278638 0.23482451685684638 282370.78465075366 0.057577101898480976 19945458.63377663 0.14465193046964078 0.2427438953085932 0.1383435462225211 0.23987536769582152 0.08531001973501404 0.1864898434247419
370 621456.0 0.11302851778639555 0.2351593678774377 253008.71533004736 0.05757192614604296 20201318.10615566 0.1431435024173038 0.2427916627537236 0.13848821823090746 0.23995357857399355 0.087253527876907 0.18659396892658128
380 631696.0 0.11341059464169384 0.23633832499678983 252142.77066190785 0.0575127758118497 20487274.844702084 0.14333204967833402 0.24227862173814446 0.1386010545032285 0.24001472832367568 0.08744298281984435 0.18669037452325896
390 648510.0 0.11429316784013287 0.2367495683346745 247380.08396804376 0.057464813623241726 20762488.258746915 0.1430834585923143 0.24197185664466697 0.1387148221436649 0.24007285545094217 0.08735579778826938 0.1866975940455419
400 669005.0 0.11446390563854292 0.24210012990124452 246989.9820136129 0.057419330933752254 21035992.573382147 0.14307941548824948 0.24188254420734281 0.1388237562762905 0.24011932360822874 0.0874728506304775 0.18941195416204168
410 686726.0 0.11486426301904673 0.24268446372761812 244799.83109830675 0.05746280797025345 21256678.644590553 0.14303972498538495 0.2378178640860537 0.13892636773255085 0.24009181035959085 0.08791875257918377 0.18970039102767014
420 706588.0 0.11496561565109208 0.24289106075662092 244436.04092669423 0.057504308677530404 21478131.097110275 0.1430886902467883 0.23791028628994412 0.13902477497633794 0.24003846699993325 0.08799462638827425 0.18955871143493705
430 718747.0 0.11579886422789774 0.24378880771714528 241208.52614541698 0.05758421216950442 21676035.1571092 0.14248017981914723 0.23843425590499437 0.13910830304586191 0.23998543324336544 0.088794115988538 0.18941782748438799
440 737149.0 0.1174470033681092 0.24830032422323764 237767.74921245308 0.057606946890492526 21900809.8658907 0.1385954520505889 0.23762417370351774 0.1391667666402485 0.23991740662027497 0.09004280657436539 0.19056817056189346
450 751333.0 0.11885425739789875 0.2505815488696026 229943.63558929504 0.057627235070373706 22118786.292372864 0.1390904550510117 0.23682101567040165 0.13916333368645228 0.2398636277148219 0.0901568155232033 0.19138591695310542
460 766952.0 0.12051506769960482 0.25091095736180086 221614.6025664586 0.0576421483148162 22331284.903473295 0.1366216277453098 0.23810541850344552 0.13912357887701562 0.23980916173971792 0.09083105866343645 0.19128851487064932
470 795926.0 0.12058223027356706 0.2515984199668818 224380.92091011076 0.0576196854135203 22569619.28869084 0.13776812243774583 0.2380239928310197 0.13907301081243992 0.23977230970483576 0.09066825661721509 0.19133675426038743
480 809611.0 0.12126263008586091 0.2529315442667231 226875.8652783659 0.05758771490259177 22816352.22097751 0.13758884663042692 0.2393836671358015 0.1390439154048042 0.2397653030847612 0.09080452822527282 0.19092976400801762
490 824031.0 0.12180733066491406 0.2533171149524914 225215.5073823608 0.05755214219848047 23063944.725571647 0.13595563418624534 0.23751519615594036 0.13902394116411382 0.23976069495839988 0.09087602803347436 0.19090991699073653
500 843390.0 0.12328746397744375 0.25349865091968365 218260.36493352294 0.05752895229938819 23297104.13168153 0.13507874139743153 0.23747864198694063 0.13894340192157953 0.23971511562907385 0.09120474640735206 0.1908389151794204
510 862249.0 0.12388544472415916 0.2627387417133121 218670.03548603185 0.05741620432789995 23593552.505634688 0.1350207197081883 0.2397137857731306 0.13886575721096417 0.23969178651284204 0.09104077412697181 0.19584765814054392
520 884575.0 0.12487977575569782 0.26465506509674835 214646.4870038288 0.05724914653904243 23931063.712530077 0.13461342965302273 0.24033787358556777 0.1387910478400027 0.239696845909948 0.09118925148339434 0.1960401170716337
530 903926.0 0.12529484971043123 0.26508086874511866 213175.5505407236 0.05708643538542527 24266062.269303933 0.13426365767667373 0.24018525218324602 0.13871172769652068 0.2397067655314357 0.09120426720892966 0.1961202020279399
540 926672.0 0.1254846966610912 0.26519232994168634 213269.1386861741 0.05692908963888598 24598520.44690123 0.1342248827981935 0.24005194709203984 0.13862933743196118 0.23971372187628867 0.0912468098466832 0.1960295426935155
550 940215.0 0.1255002762040967 0.2651947160102749 214714.85723627766 0.056734135602371415 24966682.339136854 0.13374532035271192 0.23998978591442818 0.1385475890109891 0.23971997248757737 0.09112773809521241 0.19593289986297235
560 953555.0 0.12593149468553483 0.2656918195313553 214926.2583701187 0.05656285931018719 25316535.067230128 0.13411102324630494 0.24005386166983278 0.13846670526843707 0.23972562344168594 0.09129608962563206 0.19620811759996248
570 969282.0 0.13014178785643118 0.2703521283524379 196957.94867739017 0.05644568918101354 25609027.987781502 0.13486615442719713 0.24213915354754717 0.1384025857810769 0.23975516423244847 0.09198429328135041 0.1967886284003421
580 987791.0 0.13033496133266897 0.2757245523554748 196703.3418081087 0.0563371466320418 25894740.989623953 0.13486593260559235 0.2327011023328618 0.13834171832333458 0.2397153312015122 0.09205119573098146 0.19745858223468415
590 1006692.0 0.13040805306899617 0.27604535113710404 197060.42367701535 0.056235108306428576 26175838.373495016 0.13525066893790033 0.23358435017617601 0.13828507068411588 0.23960227610707416 0.09197422498043473 0.197599516369963
600 1023366.0 0.13080445451836478 0.27631735258671214 195947.78606409297 0.05613333266768068 26456752.47979169 0.1355511961055489 0.23359728963974985 0.13823892184988093 0.23950227024580747 0.09172139598002763 0.1975766746451363
610 1049845.0 0.13082699567385123 0.277433020294171 196457.11590605314 0.05603482207108319 26735907.213729132 0.13540158753431877 0.23341489618775277 0.13819376743303718 0.23940361212146222 0.09162320957213833 0.1976748648345554
620 1057269.0 0.132380429710383 0.27764469703628647 192039.6584686313 0.05594102697681967 27008373.8417372 0.13535386255734447 0.2333896606553337 0.1381486511525808 0.2393070929194914 0.09205585242614125 0.19772447173661914
630 1082188.0 0.13256917799868218 0.27864334631936066 191887.0798762053 0.055842979819082525 27285452.775772434 0.13556759536994092 0.2335573150641582 0.13810401465146716 0.2392112148557031 0.09200085597643176 0.19781596516785477
640 1110965.0 0.1329494720185508 0.28012796313223143 190404.85690096815 0.05575710158142113 27550818.069432706 0.13506571821823204 0.24350174664040186 0.1380596972995635 0.23927444121177052 0.09208523944135691 0.19827986889222513
650 1129301.0 0.1329820174571684 0.28072562608734825 191240.6383964347 0.05566955306449648 27819006.508255072 0.13505991533512618 0.24239941073948845 0.13801361471386298 0.23932749944487572 0.0920001559183834 0.19844409856171702
660 1149941.0 0.14107849964422986 0.2825172190856442 162042.91997281136 0.0556559713824166 27993659.122970965 0.13829485174187078 0.24566085904696774 0.13800827962831821 0.23938315356891396 0.09577364765776049 0.1994846597521747
670 1166400.0 0.14127278226769918 0.2836630732809505 161540.46102373634 0.05564272241884195 28167536.428823747 0.13911628666978912 0.24458547474513012 0.1380223064264339 0.23946708659696037 0.09569840478242334 0.20060805553960281
680 1188050.0 0.1424533057981451 0.2924096459758389 157665.01919269946 0.05564444302142272 28323592.379911996 0.1393280027965149 0.23946747453512873 0.13803949250247693 0.23954563908316465 0.09630250265077003 0.20440565188865012
690 1201332.0 0.14260503619296058 0.2927053962939485 159443.47355656215 0.05564752677103807 28480176.182943273 0.13926265211128652 0.23771901635682002 0.13805791313034782 0.23953463635459907 0.096303302094538 0.2046857049125174
700 1211696.0 0.14566288571083785 0.30277002250835056 152361.60339294685 0.05568705918621955 28595945.43444612 0.13884237434014965 0.23586796036350605 0.13807058460026764 0.23951752906519316 0.09729149950027026 0.20880286948106586
710 1228109.0 0.1695586667768461 0.3030670435445595 97697.04903433922 0.05593090408493674 28443795.055911973 0.14282248658269497 0.23591403057260205 0.13810946879092292 0.2394665230253726 0.11611977753574201 0.20905034054054222
720 1240480.0 0.170069161634352 0.3047707880158565 97190.65275826224 0.05616858065814578 28300884.515701953 0.14241176882989676 0.23705448953788694 0.1381731099465565 0.23941545586065371 0.11636482959790295 0.21007338151584487
730 1249827.0 0.17047340600152647 0.310838262450755 96929.25148473229 0.056404395406016744 28163710.731401045 0.14004427560119817 0.23495914181889815 0.13821060617424763 0.23937729341258882 0.11636189863793982 0.2100152469757845
740 1259165.0 0.1759540311599892 0.31092376185630644 88393.91201331031 0.05664680279562676 28006293.012150995 0.14559814320197106 0.23496646520500364 0.13827277754179187 0.2393178477309557 0.1173738470848445 0.21006947677884652
750 1275605.0 0.17700239701484122 0.32008137865034536 87518.79816107948 0.056875909258412335 27863227.331530143 0.14087620207713175 0.23454540114662173 0.13835679881568938 0.23925986938264276 0.11805488018397593 0.21328411699282068
760 1292113.0 0.1770546192863727 0.32581161087148985 88612.77809807577 0.05710761395073215 27724694.315962333 0.14078012604191434 0.23915045558444223 0.1383896656326411 0.23922213602912834 0.1181084521254803 0.21501841017317172
770 1306507.0 0.17705907895918135 0.3274599807221449 88802.25050591143 0.05733337997331431 27595762.10270734 0.14078212182201144 0.2391463166182364 0.1384206828246495 0.2392211812709825 0.11811427374829897 0.21510849830458473
780 1323499.0 0.17843160840356315 0.333559256474927 87102.95369078354 0.05755569543866362 27469895.46501957 0.13767204282044537 0.24063033106620937 0.1384312438406678 0.2392413370355939 0.11899792011995255 0.21855155444725183
790 1344073.0 0.18148210899483075 0.3344648623468748 83335.48412086636 0.05774839240777707 27364658.09966762 0.1388332792806236 0.23416448278365723 0.13842377321163243 0.23918750879379638 0.11981352301369574 0.21930274673200686
800 1362939.0 0.19336812794689032 0.3394138104204103 69425.91808659457 0.05790710171071533 27266772.36711878 0.1390463003337253 0.23357868871183624 0.13843128806920638 0.23912007551343406 0.12350325874064623 0.22121530657009572
810 1402649.0 0.1936716715339775 0.34782542005258166 69232.42210607907 0.058062177999824695 27174106.06663538 0.1392914008286786 0.228937232439372 0.13844035731548965 0.2390566779405179 0.12356493414404007 0.22430555509931874
820 1422621.0 0.19432664041452824 0.3500756853938988 68879.19939054089 0.05821308917150478 27086742.375714947 0.14089921111197296 0.22906072015209727 0.13845908022966663 0.23893388490336484 0.12372252762068028 0.22544275012399884
830 1443091.0 0.1949720867790414 0.35137452399449304 68704.5642526766 0.0584100913608811 26958400.630153444 0.1400881088861122 0.22940623143015695 0.13848232243622274 0.23881682295025283 0.12409514344231262 0.22527105955787746
840 1459083.0 0.1998115398169051 0.35459318234391174 64006.91865003096 0.05860386047659863 26826147.700489204 0.13958531604933053 0.23043402364515853 0.13849514574278826 0.23871248941445558 0.12511098124745273 0.22573337497708157
850 1480831.0 0.20062454112640263 0.35590040383754756 63544.29350334465 0.05878726754754704 26705252.75808166 0.13577954783550145 0.2311358707635963 0.13850533059167383 0.23862458712246795 0.12572469459142793 0.2263003272285416
860 1495901.0 0.20298634074743319 0.35793523583149556 61833.517098454686 0.058938171105333725 26613605.4561119 0.13608982291908311 0.2306333266136614 0.13847681942355142 0.23853121039788808 0.12657462287405324 0.2273592835750538
870 1510769.0 0.20308839347183177 0.3581515411223433 62025.56302891993 0.05908602393760434 26526914.403941806 0.1358971259529437 0.23052061226430112 0.13844898310693649 0.23844004619506592 0.12670163468302667 0.22745707048384506
880 1531976.0 0.20324169055383084 0.358770372348353 62584.46249940917 0.05926458405635935 26415277.50768031 0.13590133841121615 0.22933279495466294 0.13842009111739426 0.23834059864351723 0.12672786332637506 0.22765297066115633
890 1552674.0 0.20643012174744513 0.36057274384696814 60082.08193683487 0.059423054108713215 26318958.85126281 0.13742971287263295 0.22745538981185856 0.13840751268668128 0.23823040370171994 0.1274253601832331 0.22796096544309688
900 1577760.0 0.20655900501154226 0.3635993177407151 60183.678244160095 0.059546522453989746 26256653.533773307 0.13680179346055046 0.223410850866137 0.1383944989336159 0.238079343203141 0.12757306290937104 0.22888922637939166
910 1589141.0 0.20957963939237145 0.3647248301795806 58484.733587573384 0.05969793722763147 26167026.533031244 0.1370027567849046 0.2239498823119996 0.13837789883244905 0.23792427129479465 0.1281730995449027 0.2290002018277417
920 1597277.0 0.20960115170737167 0.36475400752133974 58559.11587713242 0.05981405901834747 26111283.89559989 0.13734165423800945 0.22385329722954972 0.13836298088429844 0.23777125927682968 0.12819109996281566 0.22888202384506542
930 1611700.0 0.2109260724670711 0.36533362664261526 57536.16140509699 0.05992751487882593 26057331.2580341 0.13607970511545636 0.22384936238021474 0.13833937398919893 0.23762173122034114 0.12912365365945874 0.22904645923668848
940 1623606.0 0.2118010287605807 0.36549008362069396 56957.43226356775 0.060038225816819606 26005919.62639825 0.1362062727311947 0.22374199515522786 0.1383162503957799 0.23747500027783275 0.12946357230173752 0.22897536748519084
950 1644250.0 0.2120519538021412 0.3681171956573175 57327.165542974064 0.060190198092832915 25919288.05766234 0.13618459324760576 0.22600145476324648 0.13829385423345106 0.23734257144769247 0.12970238965872607 0.22886832540042493
960 1659795.0 0.2122301733686296 0.369080237318693 57323.28152929424 0.06033864495261551 25837317.82066757 0.1361673974686542 0.22942827659564102 0.13827179223400624 0.23725791279316688 0.1297526102062889 0.2288439670958697
970 1676044.0 0.21415882180587878 0.3705221460120719 56358.69242750649 0.06049079378018308 25751923.27931145 0.136196871790227 0.22540106422332346 0.13825056466960328 0.2371533265198572 0.1302192448447681 0.22904638816096926
980 1688622.0 0.2145445925276192 0.37111663876930623 57017.92307170055 0.06064259675700614 25669710.628868695 0.13596678870769163 0.22527602516881337 0.13822831109936123 0.23703280344312005 0.13025691376311613 0.22902356587870773
990 1702123.0 0.21463101858106529 0.3718824700234154 57016.271845907606 0.060792084234758965 25590990.3948554 0.13593589391559444 0.22313660547484124 0.13820520570901887 0.23690521531808542 0.13029393430550093 0.22871724400737153
1000 1736363.0 0.21474408174578016 0.3721209841518645 57573.70028948111 0.060932723489297284 25522080.871904593 0.136013526981254 0.22370861896947072 0.13818331467664438 0.23677386912133752 0.13028377203173241 0.22867055509750925
1010 1756885.0 0.2148277062949126 0.37282260781601473 57842.09426594975 0.06107219767758615 25455954.44976149 0.13622858099625332 0.22381693047839024 0.1381632660988737 0.23664526549082376 0.13031356677860656 0.22867575409458302
1020 1782478.0 0.21544287970266157 0.3739656936054502 57714.52807166849 0.061207258834419895 25394432.922525436 0.1363302423146818 0.2229802450016215 0.13814524273631293 0.23651793254082998 0.130395255942144 0.22874089991145452
1030 1796513.0 0.21565602403449283 0.37716015456973634 58006.50971943249 0.061339981834376674 25336519.975535773 0.1363091493336119 0.22294647866778902 0.13812774647606962 0.2363904007325227 0.1304838768989927 0.230326003579928
1040 1813512.0 0.21754100984493263 0.3797282924507827 56634.241653825855 0.06145452182628755 25291924.031951066 0.13667888252797258 0.22361386340284373 0.13811258035875945 0.23625758799787872 0.1307775868719122 0.23068320941199377
1050 1829006.0 0.21821758440433237 0.38211220310904487 56340.997943255454 0.06157006905740327 25246882.7216543 0.1366004498091891 0.22375413991055293 0.13809853671707423 0.23613787591864732 0.1310301332901566 0.23160040589505207
1060 1844297.0 0.22212360313502275 0.38293202840950735 53702.50982028925 0.06169639172258423 25189410.6535129 0.13859438545058916 0.21864256014668887 0.13809001767179072 0.23600668329270116 0.13218988065146892 0.23157920442526558
1070 1859096.0 0.22323228280279403 0.3856078578758179 53091.19718956578 0.061810705673359174 25141615.01761656 0.139144559848181 0.21945917187434094 0.1380958033353761 0.2358470902070935 0.13237461680022947 0.2318235277111328
1080 1878468.0 0.22879247769238223 0.3858237791210782 49472.39978723815 0.06195907523392005 25060623.99333084 0.1370112149973018 0.2190988289542003 0.1380919268175936 0.23569035568144486 0.13549246422831648 0.23162341879498272
1090 1892368.0 0.22906629299841 0.3866762569755667 49499.05455981919 0.06207693148810209 25005647.22884663 0.13787773442098533 0.21975367468090876 0.13808473272282107 0.2355430468377649 0.1355251915440606 0.23145152994596108
1100 1912561.0 0.22980228857466772 0.3868096275526011 49082.4352372816 0.062198233653599444 24948032.13782462 0.13724783582453706 0.21762928640643298 0.1380791149030378 0.23538340959864118 0.13618891696605573 0.2312721510924665
1110 1933658.0 0.23020065003540746 0.3879423484639102 49054.998526045914 0.06232427472532166 24887518.360777143 0.13682706659545515 0.21695219875157135 0.13806953469467886 0.23522034014380785 0.13643022707110336 0.23149800601214354
1120 1951142.0 0.2307243676174783 0.38925636129948127 48937.16911493136 0.06244960069835665 24828365.209471278 0.13662237012785977 0.21570806668494186 0.138056390407645 0.2350520929790744 0.13650555524007205 0.23169095810245308
1130 1971223.0 0.23082117070627217 0.389308678942938 49187.50818994582 0.06254655790675213 24793292.07707104 0.1352215885586974 0.21610138705252296 0.13803636490400958 0.23488143857697724 0.1365159373778122 0.23147792183507065
1140 1987201.0 0.23126311361226112 0.3920607149130077 49097.657794300154 0.06265975363186436 24745705.543149266 0.13507379800894126 0.2152619820664577 0.13801115762081154 0.23471393916042502 0.13673085453425537 0.23332084264423641
1150 1996902.0 0.2342231463070491 0.4006164499805539 47305.32024862852 0.0627847194203834 24686499.397800792 0.13496682328752263 0.2147159009464798 0.13799090445707785 0.23455960883915836 0.13798496186287287 0.23469538187504455
