1 4245.0 0.04447097416433292 0.06536914456259452 2028065.2045526695 0.04447097416433292 2028065.2045526695 0.12582620148940143 0.1748256389230134 0.12582604220664648 0.17479583083578137 0.044470974164333016 0.06536914456259443
10 22013.0 0.046574172836822934 0.07433101466578973 1786923.1458924094 0.04491291686261704 3808990.380960766 0.12711663580476645 0.17794078150892076 0.12630570696369986 0.17605233727749267 0.046324926670141604 0.07280929010828774
20 34500.0 0.04660705063117168 0.07547190959325385 1878672.7046067803 0.0438492875967447 5711030.896473132 0.12563084652641354 0.17526280798388305 0.12686111619652823 0.1764926024770056 0.046268408844442124 0.07423856163713477
30 48006.0 0.046994527693306545 0.07655902742872461 1843475.1949321162 0.042096671606834564 7688790.286048359 0.12400724036489352 0.17388735609224412 0.12636159473027153 0.17602655779545986 0.04591342653151179 0.07531348250103481
40 64007.0 0.04826699369484591 0.07686042901684653 1733826.3137949589 0.041268322710297574 9509452.769702572 0.12401967737453237 0.1748083280925464 0.12579260300732922 0.17551158934302402 0.04671518665905421 0.07555853864918206
50 79098.0 0.060279387188791535 0.0769539294877586 927580.3471086094 0.04262927284408372 10074446.995263906 0.12545131598652984 0.1795353094490625 0.1255621347011671 0.17575753533465924 0.05835387355439678 0.07554713482131761
60 95587.0 0.0611788836073172 0.07732308371831341 908231.1039713226 0.04365169068272361 10730893.278008308 0.12594129853433353 0.16270572569545738 0.12557602596768094 0.1761612087363036 0.058930137933257666 0.07562497128880315
70 115947.0 0.06346590223000868 0.08374451400266805 817753.6186071968 0.04478004222895588 11271572.069563534 0.12623194991122644 0.162739203892398 0.12564198087591025 0.17426524728801168 0.060284142626189155 0.07828018859178748
80 137562.0 0.06403146653875204 0.08437662844907198 816442.4253729648 0.045319374661599826 11946808.40742937 0.12614483811400315 0.16290166180915963 0.1257067976557287 0.17286563549002498 0.0605612116427708 0.07786432940027027
90 157466.0 0.06563240259387114 0.0885479321843222 761376.223189391 0.04587999488137762 12555746.042945888 0.12698950364045755 0.16158214968039722 0.125844324595487 0.17177187725618548 0.061489191347664056 0.07872496870620446
100 172327.0 0.06837318119288877 0.08900197514896745 680685.1072193789 0.04634621089690291 13088480.042376418 0.12920325691368487 0.16282396830893378 0.1261416644531799 0.17087317406953442 0.063473987392518 0.07833029633787385
110 186915.0 0.06907818472766934 0.0900381663141039 667253.3781461301 0.046636786493500386 13659710.972777862 0.12870503744995698 0.16288016901991081 0.12637649728262274 0.17014588993594304 0.06377045521749186 0.07849897850220183
120 196731.0 0.06951620757243598 0.09387345073999935 662546.6987809557 0.04691358786020112 14233095.421562439 0.12866952522612313 0.16315032016469572 0.12656812831098177 0.1695551782411192 0.06403684117567313 0.08063037898923066
130 222832.0 0.0702760508437086 0.09395117586171706 655266.5932774215 0.04720697130980008 14796911.4786509 0.12902438459565627 0.1634189417841948 0.12674092885576888 0.16908367735513738 0.06475335312069404 0.0804197373227482
140 253923.0 0.0707940835781151 0.09468841630467016 663411.7319643222 0.04747424522195456 15381619.774155743 0.1290536811425387 0.16259684218524978 0.12690456445124673 0.168635700062082 0.06502857841768118 0.08089675247528029
150 263924.0 0.07105849079455878 0.0947504528769786 660742.9563797276 0.046995161231042706 16257277.042377364 0.12959578939708372 0.1627134291307786 0.12707607016885625 0.1682411079123073 0.06515654753200435 0.08066288378065596
160 271152.0 0.0718398400395626 0.0955014430955624 643557.1025492979 0.046536856160600375 17125865.610884864 0.1301951563405001 0.16095459670591178 0.12724706696084753 0.16785874076910787 0.0656526674623496 0.08081613853414067
170 285395.0 0.07191318765578829 0.09564496855297647 642403.7295811845 0.04609554603628915 17998234.887909975 0.13265133567141013 0.1624524660657704 0.12743490065123683 0.1674532240940335 0.06567923059055349 0.08069513191415617
180 309599.0 0.07200214248994102 0.09576169584128452 648047.7676044577 0.04571388928624707 18849289.146571964 0.12936993373881475 0.15421254561344339 0.12763415957931357 0.1669327497157455 0.06572935774907443 0.08054636191522417
190 325140.0 0.0724412945408574 0.11143755936050442 652663.8846747158 0.04520830541551594 19805780.919001058 0.1293064383752198 0.15538922717125483 0.127721735167926 0.16628154088141617 0.06605179045304016 0.0930742932411393
200 335445.0 0.07245415927266968 0.11145892089051841 654921.5225763256 0.044803281631581204 20706445.70731061 0.12931451087686263 0.15563709477757282 0.12780077516456417 0.16574562000137125 0.06601643724893236 0.0929859347028309
210 359014.0 0.0760566511134036 0.11227665740517008 569591.0003884572 0.044566318101162454 21437018.221298024 0.13006137901045833 0.15435758798707233 0.12788715975881962 0.16524228230633659 0.06798343668806339 0.09329204525408948
220 374220.0 0.07818283142684487 0.11339857858395284 539130.0265324517 0.044214795283951905 22253791.472164404 0.13123895186649684 0.156302421112005 0.12800283567478662 0.16478300165339588 0.06883194991221882 0.09362972249533022
230 388537.0 0.08015698557150186 0.11515207174401462 503046.0863787025 0.043946303864590676 22982459.561502934 0.13011351382894287 0.15503756190371135 0.12811501737198422 0.16438111500499927 0.07014910265039828 0.09490805033115708
240 418856.0 0.08138517394806435 0.12061681955876662 484105.82959257235 0.04382175443471902 23570161.689587343 0.13018776956257871 0.15539087189217204 0.12821250200970769 0.1639949657342411 0.07098057851934718 0.09719417514688837
250 425574.0 0.08143334686869542 0.1212590209550776 483862.7309872251 0.043716070066457245 24142457.334146872 0.13017673174424152 0.15526619863235872 0.12829044226742883 0.16365180321672063 0.07103761880991608 0.09747476315197091
260 453977.0 0.08162703055933332 0.12200451970674844 487866.45054517593 0.04361821416991857 24712323.430080965 0.13010334168686122 0.15338305757707993 0.12836042229889935 0.16329881409236685 0.07115100559599308 0.09757182380319646
270 487621.0 0.08168309506686994 0.12238013282098933 490158.04334546597 0.043528488902943245 25277909.951924406 0.12972370577758371 0.15429826654281004 0.12841695251216126 0.16296969021187077 0.07121959009870468 0.09787185579312675
280 502880.0 0.08473965244682377 0.12443378029901239 439542.2865795781 0.0434449515854145 25795967.64023643 0.13028849877444032 0.1564375964395052 0.12847199913109775 0.162692460308567 0.07324898193876601 0.09918202479512662
290 518841.0 0.08512727507717788 0.12445035873027978 435775.58673221956 0.043378303882587795 26294863.304243382 0.1302797546081964 0.1564047953839778 0.12853418252219712 0.1624771058778467 0.07358471004912147 0.09918137481535909
300 536906.0 0.08589563098402989 0.12452829039241965 426356.31346548034 0.04356069797865545 26574434.691408742 0.13286238223495822 0.15662654555478264 0.12860483697971362 0.1622774669659264 0.07388796498786684 0.09918489166666743
310 553544.0 0.08683667834248882 0.12542467534419496 416411.51139980234 0.04373334786641451 26850142.581141863 0.13226656279580792 0.154161676865603 0.12872409275604374 0.162040167465857 0.07455802468495709 0.09920359923670394
320 574815.0 0.0877081856679777 0.12573942958805084 407539.93589785503 0.044009866629683106 27053753.380155828 0.13202455596579443 0.15409411924936797 0.1288262972641301 0.16179408666256498 0.0754066860631182 0.0992873183799061
330 590580.0 0.09400833770625723 0.1337190386107869 346878.2696301055 0.04429318818369057 27154741.9562711 0.13373877387226527 0.16165873159690874 0.12894544538992456 0.16169954086000107 0.07890496328833851 0.1016374616374233
340 603018.0 0.10138874817385124 0.14018666696760232 278958.5941686234 0.04472009208858292 27033583.086439554 0.1363432166323399 0.15867628257733318 0.12910984371060616 0.1616051619462355 0.08309665951693215 0.10439323658294183
350 617507.0 0.10201418476464298 0.14174885453552716 274204.3170694328 0.045102369631644865 26950601.574693553 0.1352749904932825 0.1583380888290669 0.12930679726316974 0.1615189785020849 0.08365153980417869 0.10509473168361522
360 629359.0 0.10220779668671483 0.14198267845182197 277474.4936923857 0.045445474726096974 26916341.591542706 0.13519441170572138 0.15794665482137563 0.12947128425016263 0.161428285556411 0.08383591735719413 0.10510645618764795
370 643124.0 0.10312850629534515 0.14235607679472795 271362.1395911161 0.0457515384776776 26907371.64417131 0.1359903019656753 0.1580531835426696 0.12963626499270992 0.16133698794679652 0.08486050988867447 0.10515046504133634
380 660604.0 0.10314076281075456 0.14237091347887626 273385.55627097434 0.046038915517148934 26925061.215209126 0.13569633448999785 0.15629727780541114 0.12980364641589456 0.16124649679353598 0.08493904541961769 0.1050543461172467
390 679119.0 0.10553021074893067 0.14270672418308525 258030.60154096538 0.046158553087453966 27061162.337932013 0.1354658936334577 0.1577427068660911 0.12995112943601309 0.16113832916445173 0.08656386361847371 0.1052443377806524
400 704469.0 0.10564222764252273 0.14279354513211728 258077.13053485696 0.046272604762764034 27204178.59075785 0.135253859232716 0.15769292520178113 0.13008542388089409 0.1610533222785093 0.08675796468437628 0.10524830135136858
410 729538.0 0.10649592992405937 0.14360438829830233 253298.6762633904 0.04632169512292347 27405766.461902823 0.13454014111383766 0.1571202990803929 0.13020108725153742 0.16097402459218751 0.08733692642101386 0.10564559075071592
420 741324.0 0.1079061512007677 0.14452480558340933 250293.99698392436 0.04639125469164686 27583593.852303073 0.13350232375823162 0.1559129473171939 0.13029988289328548 0.16087455707984608 0.08826004563974371 0.10618503490449725
430 762038.0 0.10821894977204048 0.14458987069808046 248358.67993624357 0.046459782301194734 27760686.33921782 0.13367347170877106 0.15596537528427665 0.13037547849485984 0.16075982662259303 0.08837461564707402 0.10611925458349003
440 772319.0 0.10953406356239649 0.1540229733842839 241493.1665547714 0.04653692742500242 27921471.353102207 0.13408510195002216 0.1564369672322809 0.13045394539766028 0.16066051203013365 0.08860061641501787 0.11017325476855631
450 797139.0 0.11285863508043206 0.15627004618244336 221013.76097488307 0.04669940547611523 27973584.180946283 0.13444783330895718 0.1562733318536422 0.1305374985655015 0.16056575018506744 0.09112173095011473 0.1113025475706715
460 810997.0 0.11319693035535285 0.15667537780014346 220305.55936628234 0.04685128604628029 28037279.457303528 0.13349633662277474 0.15671211467585128 0.13059457335893632 0.16042092288807366 0.09113981710278696 0.11120897750006062
470 830548.0 0.11506479356151088 0.1591221710940475 210380.14985939045 0.04695718373812411 28133089.59649497 0.13088963806870918 0.1624537575236577 0.1306451443495957 0.16036851203979474 0.09291088010506614 0.11312240745367155
480 841724.0 0.1152951239913813 0.15933917207313147 211138.2198628333 0.04703468828764978 28259897.019342314 0.13017715267606886 0.16182283061327685 0.1306496158460156 0.1604021150996807 0.09310943872666283 0.11312381918970552
490 856038.0 0.11976579961087225 0.1595797588912847 191198.3391247879 0.047051238601395616 28431429.651383754 0.13077765210682832 0.15804060424404584 0.13065406487836279 0.16037858604171681 0.09501666083293252 0.1130394533495569
500 872676.0 0.1198031619414512 0.15967032523691052 191456.14899448975 0.047067297348091175 28603845.612297256 0.13082119189596264 0.15801918508342724 0.13065636641847256 0.16033166937561247 0.09501177815851533 0.11290941306092725
510 898291.0 0.12062533755539963 0.1636506762142706 188641.4467242302 0.04712641644961602 28723837.91729447 0.12803160335395705 0.15892298634409655 0.13062638773876134 0.1602961271961308 0.09532252872980267 0.11545217998441754
520 914018.0 0.12133392043189146 0.17810091864861366 190260.45343265816 0.04717849790662159 28854019.63286582 0.1269204094572433 0.17573798365050133 0.13056340133041056 0.16038495547845671 0.09575025696592367 0.11988041992683565
530 922579.0 0.12188307477678982 0.17898983687405695 189270.40199822775 0.04711950895783016 29116207.900799356 0.12481122543024935 0.17597284704185445 0.1304742864166181 0.16067668585992242 0.09589539682330665 0.12090962986089682
540 941338.0 0.1220879740247523 0.17911722818087802 190978.28822802645 0.04705028137074471 29393469.579254903 0.12465959939033094 0.17552087185145582 0.13036815171426097 0.1609546171428219 0.09605803463519637 0.12111277017977642
550 969440.0 0.12385626417907321 0.18085735981571155 184094.95055380394 0.04703057618434729 29601975.156650834 0.1248624791740801 0.17579203376934185 0.13026694991064544 0.16122308308549216 0.09709517251168631 0.12273213155912924
560 1001780.0 0.12398170630276434 0.18093022193526692 184229.32252459857 0.04697296612403607 29859483.596455306 0.12453078504550978 0.1744206397856116 0.13016697916486733 0.16146113951464391 0.09706564225478213 0.1228269507343351
570 1016531.0 0.12609630060981122 0.18330900787155205 176502.72733194663 0.046913074851047336 30114312.913279265 0.1218879447995593 0.17422533145244196 0.1300321510739182 0.16168679886692292 0.09850427153150436 0.12208663694521431
580 1031480.0 0.12612309123465595 0.18373074116346688 177340.63397418693 0.046854041722906116 30369136.93404563 0.12177035209942849 0.1742928843599479 0.12989176885021272 0.16190352524276308 0.09841076407761817 0.12220171639534373
590 1049400.0 0.12699321372829073 0.1842592479751451 174235.47733659687 0.04681730356483665 30591592.746875733 0.12166164681540824 0.173954803704864 0.1297545087488606 0.1621125563595513 0.09888327316978535 0.12249517169078725
600 1067199.0 0.12785738028121651 0.18582031140670074 171774.76425579537 0.04680206419334877 30783294.017749123 0.12296298197524105 0.17256721819615464 0.12961957093227347 0.16230409251432948 0.09964585878472285 0.12322247598960348
610 1092619.0 0.12916957287582428 0.18680164247932754 168577.28901908596 0.04672834191073564 31053157.74723541 0.12351836272052609 0.16749899093025725 0.12951322727934445 0.16238216761638868 0.1009385656979632 0.1237948372299466
620 1117591.0 0.1339998942402705 0.1905032456477296 155615.63241426245 0.04667448519817833 31284952.24801194 0.1242480351317091 0.16848974602665073 0.1294236856654812 0.1624742142489937 0.10305718421127769 0.12550571483783354
630 1135331.0 0.13448007652746846 0.19124080314917946 154300.57060797507 0.04662507231020916 31509592.036372423 0.12419014963224682 0.16991561627166452 0.1293412739250998 0.16258698729408966 0.1032074028363282 0.1259793389407407
640 1154084.0 0.1410917003474803 0.19974856520377973 134019.0989846247 0.04665379106468082 31602117.006180804 0.1229996785897195 0.17021953786795113 0.12925089074834992 0.16270329527686314 0.10645733954639251 0.1305219688196801
650 1171409.0 0.14190460401269786 0.2007189048464604 132568.0378087665 0.04670659723308994 31659377.97613186 0.12328297328809225 0.17167471523863825 0.12915618217848268 0.16282326114362888 0.10687442283389677 0.1310564875048435
660 1183400.0 0.1437664983852028 0.2021141745708638 127742.717895395 0.04674238986554642 31735044.90475536 0.12137017546478618 0.17059832384070706 0.1290485514355195 0.16294401755187526 0.10774228537154208 0.13174848981573908
670 1203693.0 0.15115568010451952 0.20778872862274114 111081.41296806358 0.04671830306316206 31883939.082867622 0.1184235829206494 0.16944371315491463 0.12890763042842981 0.1630590428024136 0.10910464166534398 0.13485585767230432
680 1220162.0 0.15187109479644229 0.20936004534179012 110244.15267222153 0.04669351316076453 32033292.140474062 0.11884436558831196 0.17056781803368729 0.12875642006903285 0.1631609781945208 0.10960331354572617 0.13587337779946038
690 1230892.0 0.1524121608360412 0.21116587172550016 109831.18561451879 0.04666053330894983 32195545.30899185 0.11844720868308352 0.17032039183307862 0.12860917160230295 0.1632656616578464 0.10984647819970955 0.1356590908189329
700 1243114.0 0.15309444823740592 0.21929931672573386 109154.53564629368 0.04661126358803568 32384035.97194586 0.11799528070300798 0.1752085303405991 0.1284595234961819 0.16340115752111667 0.11015528387285262 0.1380972273206329
710 1259523.0 0.15414888271271956 0.22031627267631004 107700.8265361995 0.04655324065650218 32586375.461571585 0.1170803571163565 0.17358714358303284 0.1283114281590636 0.16356554369825016 0.11075137513295209 0.1384148752746219
720 1283442.0 0.15493381237888867 0.2219513078008849 107123.7779111195 0.04649552567429626 32788301.483550023 0.11734931742780166 0.1733389821406069 0.12815883865322636 0.16370588611011938 0.11109308766698543 0.13937168278121959
730 1315685.0 0.15639186406053743 0.2223293639564219 104441.4807407748 0.04645459048250268 32960283.7092881 0.11647124576637832 0.17071759632295716 0.12800491167862824 0.1638220944168373 0.11115166390956063 0.13940112696679408
740 1336030.0 0.159168182441916 0.22543122844925784 99392.02242117113 0.046446930613695876 33072331.256609987 0.11935657457339152 0.17097416254242825 0.12785664335263563 0.1639151643810569 0.1126080055672339 0.14101965207687095
750 1353103.0 0.16697810002473548 0.22929603788979006 87062.48909022848 0.046449383217385946 33155213.183973882 0.12251374776154413 0.1725851924326684 0.12778560323402913 0.16402377813791935 0.11454008758033195 0.14246373173570492
760 1371613.0 0.1676027377993422 0.23009766565578194 86361.21712202259 0.0464551336251822 33231769.76255945 0.12244294572274372 0.1711937189013531 0.12771589379435958 0.16412845149435867 0.11432096243466966 0.14250692765769693
770 1389201.0 0.1743240319468298 0.23302487537523228 77279.96270349229 0.046421942958390694 33368023.1510476 0.12572063479233703 0.17357724415490022 0.1276557047890871 0.16422849098186934 0.11510086839990742 0.14308831582040865
780 1404077.0 0.1745903184306249 0.23387962078938254 77101.88874075706 0.04640884101493732 33468301.892228603 0.12588660500397897 0.1733600042007484 0.12763139161733103 0.16434529577349985 0.11525078701260374 0.14345632495165306
790 1428101.0 0.17514624619715863 0.23514841235572714 77059.03951989974 0.04639282141961121 33573771.951888904 0.12548052914650712 0.17389711826620283 0.12760634332455534 0.16446104983187865 0.11523765531736652 0.1434016264066428
800 1440362.0 0.1772911767210715 0.23620520484673818 74974.25954267512 0.046374222568728946 33682011.20883062 0.12550921548198232 0.17054963420497798 0.12758181717366285 0.16456472267139585 0.11606007573181472 0.1440649185739754
810 1455107.0 0.18019904287394012 0.2371942330856919 71587.1808897865 0.04631670930320759 33859207.55762521 0.12325518168602795 0.17037027004196403 0.12755006313827122 0.164636456630331 0.11756883694646389 0.14478601056234197
820 1464452.0 0.1802386360270279 0.2383567576755348 71704.04636432136 0.046239101719107514 34075250.06301827 0.1231790332034396 0.17431125857716645 0.12749665273114638 0.16474324267311158 0.11753658292301994 0.1453601733692644
830 1478646.0 0.18096327294798362 0.2385320223422258 70928.51038825915 0.04616222406993152 34290456.30839544 0.12242547281139117 0.17348612233821487 0.1274395179213279 0.16485247569283695 0.11778208877599829 0.14544219528422295
840 1499081.0 0.1812365869562185 0.23939067850998272 70981.02405185407 0.046087155306618485 34503237.501562506 0.12253312964087958 0.17337548170741549 0.12738100039474803 0.16495398135108397 0.11803050445192653 0.1453680457986413
850 1514337.0 0.1831059853400332 0.2404948634530415 68975.10075306325 0.04602816862576498 34684309.95494584 0.12223717124453992 0.17254393447273944 0.12731992552059312 0.16504889666763664 0.11895181924007336 0.14605193479724166
860 1524152.0 0.18354025239814717 0.24103869419852392 68632.64997739646 0.04597064824648607 34862904.92826118 0.12175306617405023 0.17074864427616443 0.12725867424371665 0.16512163990354237 0.11917129648726661 0.14631894803197248
870 1538955.0 0.18366709903255513 0.24115426923076683 68571.2641905944 0.045914435148554394 35039492.225671485 0.12134780924413914 0.17073076189618608 0.12719406807220834 0.16518618217360864 0.1191045110473885 0.14637798934827426
880 1554194.0 0.1837110432472082 0.2412594469120405 68651.38635772871 0.045859485266306586 35214224.28365906 0.1216129901779103 0.1718293970804362 0.12712805262873159 0.1652516538878431 0.11904061458085793 0.14643499277763336
890 1570148.0 0.18437434487780777 0.2517451719970692 68332.00420587775 0.04580575649255317 35386863.62852858 0.12156172725071303 0.16724527934659708 0.1270658970004646 0.16529467100134262 0.11912191974401633 0.14898767763586077
900 1587349.0 0.1845547819848179 0.25193924567146914 69157.2390578134 0.0457152285733248 35634986.73866926 0.11920004307956819 0.1653363169309865 0.12698904549533319 0.16530357936074036 0.11928850617128531 0.14900396515403952
910 1603105.0 0.18587056355284523 0.2529126704107963 68379.0086852179 0.04566342189516957 35805224.87271392 0.11893168186995112 0.16529491907342703 0.12690236666028037 0.16530533998155206 0.11963437403636291 0.148886264244219
920 1616750.0 0.18629331223921278 0.254473126360102 68134.54437565301 0.04562459824556243 35949689.46066927 0.11884007643591682 0.16483825006712036 0.12681538495066738 0.16530251291182171 0.11958816501356184 0.1496502908427118
930 1628738.0 0.18653778849874147 0.25464588369900537 68895.67733171642 0.04559256765843263 36081461.80031342 0.11558489230620536 0.16381575111653945 0.126715758949623 0.16529316574649738 0.11952104903734737 0.1496479354911963
940 1646939.0 0.18668607381674068 0.2554122245863865 68866.59654928824 0.04556940014050335 36195760.95578629 0.11562449612741849 0.16336023046125983 0.12659768544080424 0.16527578384660468 0.11952210197080598 0.15002616501486626
950 1667678.0 0.1869602105160049 0.25763000870122466 68973.73065708134 0.045543817374221085 36315058.97106738 0.11492599136193603 0.16201263420642406 0.12647966784545486 0.1652519739952589 0.11949907350985885 0.15057770521420416
960 1697276.0 0.1874273433414158 0.2583042640121162 68537.27594812993 0.045529140566478776 36412421.71400459 0.11416538421729698 0.16164944338853932 0.1263508679899117 0.1652108010878207 0.11954855010805791 0.15071092799263466
970 1713213.0 0.18858210846203527 0.25846792111019384 67629.65751617914 0.04551469678050419 36508537.122708336 0.11468008220064208 0.16233024561007345 0.1262187332092327 0.16515563204987774 0.1196529944269336 0.15068562771915964
980 1729154.0 0.1891915634438692 0.2598342433917409 67318.05629391749 0.045485097227988 36634814.99060661 0.11464693597854712 0.16231951761352903 0.1261006660769279 0.16512673113817647 0.11967096463141882 0.1508878579039557
990 1743374.0 0.18945186556268936 0.2599007647534016 67106.73942590927 0.04545608966652213 36759889.113206066 0.1146483655440443 0.16256335437720043 0.1259851964028951 0.16509914359411737 0.11966039787068425 0.15086373572343104
1000 1757703.0 0.19011215925269723 0.26078548728230655 66508.88916060766 0.045422087329257184 36894835.28801718 0.11546311669254035 0.15995664592282108 0.1258761510710284 0.1650719665678771 0.11953773310219884 0.1508460775572861
1010 1770391.0 0.19047876248347737 0.2608999113403581 66149.46338616575 0.045389535051150086 37026744.681826554 0.11656645030616142 0.16182255112580723 0.1257820731322106 0.16502693993228976 0.11955363597494431 0.15083621612001882
1020 1786107.0 0.19182516730933685 0.2620424842763192 64924.083155620654 0.045345080375015 37182635.27269568 0.11646888164684889 0.16121966749108563 0.1256913287037176 0.1649925480764654 0.11975502931513753 0.15130760362297585
1030 1807725.0 0.2092181911978007 0.26238314719815653 50219.29282205841 0.04534220546969663 37238921.54708255 0.12536552776984497 0.15954568853405304 0.1256158824243973 0.16494191550944817 0.12207557503225858 0.15120180944218053
1040 1826160.0 0.21089113736956924 0.2628940930430502 49295.62708052414 0.0453610769957398 37248622.07184049 0.12513901917804757 0.1529794305646795 0.12561134729893889 0.16487074681205943 0.12350231311135808 0.15109303473025443
1050 1840823.0 0.21422108556390793 0.2657770905617939 47300.07408957303 0.0453518021236749 37315703.64243232 0.1269153632917885 0.15602420038229867 0.12561387217782846 0.16476982801245407 0.12439306454639552 0.15149587074011442
1060 1851035.0 0.21430367935434358 0.27002263053872033 47457.54627270735 0.04534229027289634 37383457.582024 0.12691780832060126 0.15576038858880403 0.12562621515433198 0.16468636184619023 0.1244436501512577 0.15158214898855044
1070 1869298.0 0.21503682997029194 0.2866404165931869 47222.746180128765 0.04533314669277754 37450220.305225946 0.12698897641896564 0.15692637892992967 0.12563843449233386 0.16461022171881093 0.12430018540485073 0.15958433648768425
1080 1881224.0 0.21613801763891047 0.28874445532289456 46731.19091140671 0.045336354052918276 37490115.332209125 0.12588791098996577 0.1569729717809847 0.12564360084207593 0.16454000024504556 0.12497850205300007 0.16020529512052367
1090 1897784.0 0.21691656025159264 0.28956825652807333 46329.86425058769 0.045337697074744936 37533577.4188203 0.12750135961463188 0.15940923829572023 0.1256564801103396 0.1644859472408834 0.1250404747569898 0.16019763465257025
1100 1908665.0 0.21714115200437592 0.29429663496410474 46263.324608149276 0.04527681867201978 37713142.217840426 0.12661588931474016 0.16055136064009978 0.1256683458737329 0.16444673539310437 0.12495777506300323 0.16273059314364063
1110 1922540.0 0.21716962568299866 0.29439879617329756 46310.32610249198 0.0452170598802591 37890985.550274685 0.12523129396754787 0.1599475329459492 0.12566690878768413 0.1644073474207444 0.12497460787355587 0.1627148058153239
1120 1947431.0 0.21781852860124623 0.29461275968112316 45920.89926018602 0.045158336653677154 38066989.2692014 0.12537502033412204 0.15984275125632721 0.12566334631283155 0.1643669520749257 0.1252004441164023 0.16271271732547835
1130 1969331.0 0.2193031427613012 0.29798877271329893 45108.6693474874 0.04506495988209765 38323304.02240689 0.12442495350517621 0.16100525626785975 0.12565392401586262 0.16432615387179836 0.12549290290964388 0.16383270802511202
1140 1986694.0 0.21943944584506359 0.29847072377028794 45128.35436402731 0.04498900867913369 38540630.24701555 0.12445726234714469 0.16157585920638953 0.12564303883305505 0.16429843081091114 0.1255908924941637 0.16416288769585444
