1 174.0 0.2113497414579994 0.241070333702551 14838.313445913329 0.2113497414579994 14838.313445913329 0.42416593027408006 0.5109235695936739 0.42415519576586896 0.5106344599728072 0.21134974145799973 0.24107033370255213
10 11928.0 0.2177071171540628 0.24726361599588276 13777.391864320572 0.20975995291466001 28644.021434798626 0.426212002954902 0.503047533558714 0.42532885746883714 0.5065334332700102 0.21445903259927981 0.24446180180502813
20 30944.0 0.24701407724186708 0.2533071504521524 9634.8030557403 0.21399510676445144 37807.8701433487 0.4352578137791078 0.5013871654469808 0.4312084065861877 0.504241590713699 0.23379254767466068 0.24717583357430767
30 45582.0 0.25380968991760733 0.2667182360741307 9203.074789862756 0.2174699494827983 46620.508870267324 0.4360953132725514 0.5039872150717879 0.43270055617105696 0.5036041789163822 0.24084649062642313 0.2590471103898558
40 65280.0 0.25686072203617216 0.27062968462094383 8943.140646300833 0.2181616228902131 55468.11482193827 0.43405773899501954 0.5124948290610372 0.43321767215522883 0.5053752664476586 0.24334963200514442 0.2620194370605663
50 86772.0 0.2588897782009109 0.2776519830999032 9158.414815957729 0.21838405071223568 64598.573558594006 0.43764699870197504 0.5007936654760291 0.4335692156773664 0.5057930031566867 0.2445699245516746 0.26722114816614656
60 101103.0 0.2728748850598457 0.27765939846520504 7984.840452116741 0.21790384550064748 72695.92921885691 0.44979919196093027 0.5015676957481201 0.43632874982412473 0.5053362612970181 0.24895936581569345 0.26761109997686316
70 119758.0 0.27952667564419803 0.2844982981701703 7988.191563255835 0.21748670219166746 80782.75489336942 0.4530733553363667 0.4933470136611004 0.4383716135272779 0.5051956126646222 0.2544561742782359 0.2732423824269401
80 137307.0 0.29273965857103923 0.28489009055087355 6986.019245938474 0.21858613671925117 87440.87319370414 0.44812624395118417 0.49240780170021126 0.44007581002793444 0.5037288447708752 0.2667287583280007 0.27362128424072824
90 154770.0 0.2929841640788309 0.28507067670910635 7124.368165152799 0.21936136379208743 94348.36864652766 0.4490901848363016 0.4945484928537727 0.4410443653551798 0.5026460396837982 0.26739111420443273 0.27390484634450096
100 166207.0 0.29390927791021704 0.28527302596289195 7082.69039384242 0.219311112749433 101446.91130166486 0.4401686207806313 0.4856797296819011 0.4417334936283292 0.5014128994970329 0.268246173471998 0.2738329961695098
110 180721.0 0.29535682464136664 0.28594689264565176 6984.1517544575845 0.21920472089500656 108466.59091801429 0.4401761390941358 0.48570441988207114 0.4415927050349129 0.49999683025190683 0.26867887688707875 0.27369786394082835
120 195509.0 0.2955056583853668 0.2872609428663741 7024.995627497538 0.21910568720021806 115524.11196082704 0.44043937534479677 0.486065382767171 0.4414767893610376 0.49882358283161843 0.26853456519931623 0.27445828666318406
130 210921.0 0.3216452489284552 0.3111465929436167 5584.972414484815 0.2177960981873606 121970.34659007874 0.4382363609526216 0.4902035248748261 0.44147966257729476 0.4980255108360293 0.2789145074194161 0.28653632969787457
140 224167.0 0.33230645457929603 0.3330197212896326 5276.625780233727 0.21654772936508548 128164.22221596743 0.43037601053061136 0.4896979008516904 0.44086582490359427 0.4974563664364617 0.28481710683677885 0.3002109110035463
150 234035.0 0.33830467501075584 0.33813619511398857 5039.203326650509 0.21534462677659366 134171.6092578066 0.4300801635148707 0.4914280851882494 0.44018575491968004 0.4969760117980105 0.28979470343093255 0.3035551201184882
160 265568.0 0.33995859972939724 0.3399648851958933 5046.862569968406 0.21380362019215293 140547.34196317062 0.4314421484100869 0.4950987960090819 0.43961423562079943 0.4967159548549772 0.2896220390264815 0.3043218723688403
170 281398.0 0.3463863613685325 0.34450987548972006 4830.947582686395 0.21241255288986632 146678.0231359294 0.43120056183492883 0.5058761582341501 0.43908922609523887 0.49717285708167147 0.29093621384968016 0.3068149929708492
180 303316.0 0.3588970758814749 0.34891257597050507 4483.39200009306 0.21135239424081725 152240.400254655 0.438624060179312 0.506803191744423 0.4388241454146457 0.49762731471120536 0.29478523923693606 0.30755445218436855
190 314227.0 0.37655567155468717 0.35171424583195154 3923.7487701655964 0.21114845343963573 156387.91964913614 0.4408663242710589 0.5080707020226728 0.438849435458274 0.4981262244638419 0.30320388072159626 0.30869731432194186
200 328703.0 0.3796922063458528 0.35333608962886187 3943.5487173316324 0.2108315726156668 160683.29197570536 0.44342684199854376 0.5021927440810505 0.43902800007596204 0.49850927739580475 0.30510586500677406 0.3097885130158924
210 342124.0 0.3865964262898931 0.3586033224498777 3855.4186990542917 0.2105412230442321 164870.1115654302 0.4362475887801959 0.496654178304779 0.43896554291549505 0.4984656125060933 0.30862567002831043 0.312566782332035
220 365769.0 0.3934630811292039 0.3628692625150074 3681.564118634559 0.21033385180837025 168798.844626545 0.4379193630221678 0.49825312055168247 0.4388670330356907 0.49842890914051136 0.31387200695289375 0.3133106893338297
230 381702.0 0.3992916324321806 0.3729850865216903 3672.306393900589 0.20976849981578027 173178.00534022055 0.4447822349811471 0.49624816793202714 0.43906353979407375 0.49832610093958457 0.31522646819717276 0.3152780902708611
240 397686.0 0.40367886511128404 0.37424754187874 3598.489997846826 0.20913529637681488 177601.6359001944 0.4392493743684507 0.4856142320870307 0.4391282625686298 0.4981480956509136 0.3182854809313692 0.31536302695965135
250 416032.0 0.40636367352818686 0.37840545919561913 3630.0077361584354 0.2076523198112336 183377.90508889817 0.4331299202748245 0.494056482496189 0.4389744410867833 0.4978402154880512 0.31858035381430627 0.31468608669502773
260 432311.0 0.4154747430086222 0.3904348310504204 3466.2032730137103 0.20552977167001854 190359.70980362938 0.4297954942359721 0.4953214922090302 0.4386447773758434 0.49777724385665323 0.3222332605968379 0.31838738087785035
270 449180.0 0.4172456922824393 0.39230518341485726 3523.9227451311376 0.20365003865633893 197067.22766492076 0.43024739437311044 0.4882836801547878 0.4383213703373753 0.497493834113062 0.32289697485037183 0.31772132725789065
280 462653.0 0.4300352317904249 0.42693876733641545 3246.320582996984 0.20209337859861687 203135.00993070452 0.4211755521886652 0.4999927332719063 0.4378774723419284 0.4975268853138554 0.3274105528784733 0.3267130402235285
290 484970.0 0.4325693297868839 0.42868817810464727 3192.178146831589 0.20048150986062502 209417.97031865048 0.42267536611062545 0.49543093716262054 0.4373195087287553 0.49758183434694886 0.3278385604574449 0.32814292707821213
300 501371.0 0.4459545157614994 0.4580333170226446 2976.029843920184 0.19921255720598638 214944.87599618305 0.42132713604591165 0.4980526554192081 0.4368233994483288 0.497541399945804 0.3383655373920095 0.3394328084153049
310 520290.0 0.4705776306173249 0.4791450593529334 2555.26509745425 0.19878318736556333 218392.61235021453 0.4306770361718403 0.5030311255419152 0.43647331235709497 0.4977128707957713 0.35053629629639826 0.3482950097344072
320 549984.0 0.47172478206948787 0.5008773230463134 2595.6244306389804 0.19825116019285025 222107.85163873635 0.4359578585035561 0.5013162874844063 0.43648781400575937 0.49770231311833496 0.3505379144829879 0.3648151512284672
330 565120.0 0.4756274045759191 0.5144530871081368 2548.397853845245 0.1978094353149539 225599.28643157583 0.4273583750443645 0.49414690537551875 0.4363561662991597 0.4977159418686604 0.35095227122457323 0.37063840569025314
340 579930.0 0.47768950091879775 0.5161066037700212 2521.6366191710686 0.19741757228894352 228967.52019038284 0.4275629921867058 0.49408121902178687 0.4361220299629885 0.4976071794709456 0.35165367885519533 0.3719640788084893
350 605726.0 0.4779863874709737 0.5181943555696625 2581.8713476099942 0.19700544702829612 232438.5726571079 0.430133788412975 0.48326689061148675 0.43584728257160493 0.497207494721812 0.35150256060697443 0.3716712430150553
360 622581.0 0.48699293585203823 0.5336396638218605 2475.337785734431 0.19662618440531976 235758.04103172704 0.42431695877230524 0.483433324837136 0.43559904549054596 0.4968208870114534 0.3549186359038208 0.3772902195655517
370 648037.0 0.5027421353430495 0.547397989317578 2287.4086982411704 0.19598278641019892 239595.76748445234 0.42615382005734703 0.48409170204495355 0.4352877215765732 0.49642131916737203 0.36233404983530165 0.3852144148770701
380 663656.0 0.5047247385874424 0.5486324478776307 2272.965703956075 0.19538483237599227 243330.65556711177 0.4281552128029644 0.48418780890909696 0.43504561137881986 0.4960985901973917 0.3637056336893492 0.3861113622632063
390 673824.0 0.5158186780525513 0.5561099963164499 2140.200406534673 0.19515622598254026 246032.209949833 0.42525896297719923 0.48396424907902186 0.434802047020091 0.49575345933532367 0.3695445806843653 0.3888388562277308
400 698568.0 0.5182872616608013 0.557175950572696 2114.913412109714 0.19494593694499507 248668.49567391974 0.4253452704629187 0.483864378928792 0.43456437672274684 0.4954573634355833 0.3706282148985012 0.38900144950100546
410 731648.0 0.5412983490014986 0.5879986872172082 1910.8596366331628 0.19493673884106735 250602.8947718916 0.4356934042207945 0.5030332708927707 0.4345863269033216 0.49533377148237784 0.37801693678445764 0.39361624505798215
420 742456.0 0.5438832322378433 0.5882414082083945 1887.7887964572662 0.195095504835793 252089.4753422349 0.4355993497488313 0.5027070027604715 0.4346132596980049 0.49551329287201024 0.37934962540865547 0.3938639200901344
430 756647.0 0.5493114797406242 0.5900702662899572 1887.2639658742246 0.19510150548548308 253961.3690579483 0.4376939007266107 0.48807079122225 0.43464572299490795 0.4955815563443238 0.38025814480034487 0.3939003561766182
440 785264.0 0.5549938390978741 0.5945528075326039 1844.1569442714353 0.19505518011938783 255926.20352588783 0.4351486314700044 0.49094895768978347 0.43463183278704953 0.49539921952510485 0.3833365717697832 0.3958562550980838
450 808617.0 0.5726324920447847 0.599916553754512 1689.233984269155 0.1948330630897604 258228.81275953268 0.4380651861894874 0.4926465546349907 0.4346998333851767 0.4953304507509303 0.3892253785684614 0.39737606802319236
460 825216.0 0.5760464340632845 0.6095825949974816 1678.6829362698195 0.19459402602133802 260573.9635853876 0.4368608700625659 0.49276975573572657 0.43477149466749077 0.4952874101871026 0.39084255470715823 0.4035784116401163
470 842042.0 0.5785886115995569 0.6123825500961754 1662.7244952493525 0.19436003856569228 262895.04502765136 0.43904359156234257 0.49657489236479513 0.4348208625853754 0.49524042122537254 0.3922301536794997 0.4039239975534906
480 861001.0 0.5906380889910856 0.6385407664059058 1575.875710467989 0.19426578249839738 264739.3153186963 0.4342914111151892 0.4941973936617299 0.43489147308118686 0.49525464215479187 0.3965919055860271 0.4143194252855322
490 886906.0 0.5949783132820683 0.639505632013755 1543.0614576477299 0.1939860253314492 267103.2342659739 0.4358907316283681 0.490433590814562 0.4348928995901512 0.4952256617442005 0.3976281606327612 0.41474541017083616
500 902495.0 0.6043202385595403 0.6646572331078073 1485.2162889488252 0.19363609180189068 269643.8261393773 0.4386524793343016 0.48474596357525485 0.43493034978259787 0.49503031428193844 0.39992641730743145 0.43557023808258305
510 913693.0 0.629157275861691 0.6779290206096732 1325.338744798422 0.19336395223641745 271821.6328923512 0.44022256898857487 0.4908016597519646 0.43497335297184514 0.49490014818815203 0.41092008934635055 0.443830426238079
520 927808.0 0.6361373000675462 0.6803596369883351 1305.4651402216457 0.193216214073459 273589.59288146487 0.4413626907781108 0.49135474400478657 0.43508552247326826 0.49482452086452067 0.41316908079985143 0.4450771084954649
530 942709.0 0.6369278731224365 0.6961726375298606 1301.0432841386723 0.19296763663466804 275680.0053393713 0.44088113429876347 0.4952209321384328 0.43519966381891284 0.4947790181607971 0.41338232320130824 0.4595465450132718
540 960305.0 0.64783182870428 0.7133224861446223 1242.0388183897953 0.1929509404194402 276974.95319235476 0.4396037360614681 0.4942062056013951 0.4352968259613484 0.4947651838233983 0.42075597194895553 0.46581646776637237
550 970517.0 0.6578424784823034 0.7341345669405961 1207.0713079342413 0.1929977378586127 278033.25541171886 0.4426727169581857 0.4967440983017974 0.4354266837153768 0.49479391828871744 0.42627312217947955 0.4796739831218623
560 994531.0 0.6759838118216185 0.7559585774406546 1116.6797096186133 0.19341958491404904 277826.8285004655 0.44869758951708943 0.4983150485743857 0.43558990753277127 0.4948171103118074 0.4355797772739498 0.4945010715772966
