1 985.0 0.16043808490951691 0.18916815353902408 41815.06089052874 0.16043808490951691 41815.06089052874 0.3008419716650146 0.31639066382066827 0.3008419716650142 0.3163906638206683 0.16043808490951667 0.18916815353902355
10 12003.0 0.16044149561045798 0.18916914163137302 41838.64572375627 0.16041394611471055 83653.70146159784 0.30115691285950547 0.3163930520805839 0.3009564957357371 0.31639153227881933 0.16043978743777693 0.18916864679469267
20 21754.0 0.1610153459575458 0.18960271741347792 42611.59641392547 0.16008886483945348 126258.72600879981 0.30820796203123463 0.3169411412886965 0.3030623021750746 0.31654560074518295 0.16060857379804666 0.18928872912325112
30 36823.0 0.16151558896670373 0.19348379553279751 43112.009555006785 0.15790262317254924 169526.31054411738 0.3069210305120017 0.3182900237425778 0.3044149462543097 0.3170696181399344 0.16027564442315562 0.19156185449426774
40 62090.0 0.16436176918177658 0.19669041625257108 41232.09784405853 0.15515982126836197 211737.36243739075 0.30678058616577664 0.31883786027077027 0.3047623993540685 0.3178749189441599 0.1608430243346714 0.19436886186260716
50 72780.0 0.16841038063675462 0.19703545828340072 39320.160949559664 0.15356404520387942 251891.53796242428 0.30122356961297775 0.3167435281415827 0.30410133925536514 0.3178114753130047 0.16289522350323146 0.1945919456888351
60 90980.0 0.17477402445297754 0.19935774177984747 35849.109838194156 0.1538248707129116 287569.0739373198 0.3047411201072518 0.3119029255123518 0.30380461802206343 0.3170919164818051 0.16646251772754558 0.19613447651279467
70 104053.0 0.1754878661043726 0.2005558457543329 35518.05301711883 0.1538872084996175 323041.4435477183 0.30487824333917024 0.31048622462680375 0.3039266001265971 0.31617396692615013 0.16653900221260085 0.1972538481643752
80 114265.0 0.17650749143025415 0.20056430515264131 35974.352536699815 0.15290625825000356 359992.4740719044 0.30252065121385924 0.30953902810585027 0.30385351610438244 0.31538803245182256 0.1668976594735701 0.19717061406321162
90 125677.0 0.17651797397580474 0.20057742941043702 36578.28118473973 0.15212149805031241 397291.796560348 0.3031966077255671 0.3163582392207626 0.3037302838320762 0.3148722385402221 0.1666081364237844 0.19710379426324862
100 137000.0 0.1799484418843369 0.2035772292630779 34776.66352896548 0.15089833336182365 433976.45272266684 0.3049333169397374 0.3170476167418953 0.3037083507030452 0.3150333851261578 0.16817529980896406 0.19866659601111245
110 151846.0 0.18820616053435674 0.21888224564132977 30766.444056663735 0.15023386897716043 466226.20352136344 0.30343672370157704 0.31292210217379696 0.30366098164231153 0.3150218699323188 0.17258997892439906 0.21099170183583257
120 161599.0 0.19217755529118122 0.22101979122827622 29077.476514129758 0.1495246841538897 497249.5860667052 0.2921981052480971 0.3154672609974238 0.30304696350463534 0.3152229324448461 0.1747328151769886 0.2120885718028936
130 185083.0 0.2034335417995635 0.2216835904452764 24598.878572167436 0.14915938835323198 523216.2981598064 0.294233378140003 0.3207471971920999 0.3023688272620867 0.3154438721539829 0.182057323886377 0.21277099130508553
140 199443.0 0.20386221600561 0.22199474748863487 24498.548873496333 0.1488427986593286 548919.8799012625 0.29332129567594695 0.3185957120573112 0.30179618588082874 0.31582792889160716 0.18188454091454873 0.21269386068648696
150 209405.0 0.2065412914267454 0.22801691039336908 23788.02061263846 0.14851654415488047 574039.7976765258 0.2913157030601725 0.31698799806346944 0.30115314397517545 0.3159472524660264 0.18380269172930758 0.21777813728710393
160 231031.0 0.20816117142186208 0.23025572606819292 23494.513388176794 0.148114754316107 599265.0377196856 0.284343657376498 0.3191061549131894 0.3001292799637408 0.3161426370553115 0.1846657244339579 0.21883611228757632
170 252028.0 0.21622220985395604 0.24174320269105837 21039.649661455194 0.14766407349499505 622666.7310289738 0.2905107991013994 0.337295258632293 0.2993146394589003 0.31663525705352674 0.18848192952015033 0.2240083880104866
180 260873.0 0.21739173674957435 0.24609899648982902 20757.8490786164 0.14724287053637206 645706.6434022924 0.2886284810463986 0.3369662655407062 0.2987493185451077 0.317778662884752 0.189523707254465 0.225973150718132
190 282421.0 0.22060576496099904 0.2481954238748484 20518.302900949544 0.14730081741277543 665930.529060804 0.29255760510519635 0.33817916032364026 0.2983067962999779 0.3188085254046684 0.19227455620945197 0.2272215819369069
200 292783.0 0.2403232410468718 0.2545072836002518 16249.327763675408 0.14744651871277265 681202.5338455613 0.2994942059265283 0.3430537660994448 0.2982042629899014 0.3199256894505363 0.20562758008682255 0.2316456096755594
210 301766.0 0.24079433166232764 0.2558089593469952 16252.49318974755 0.14758350375855073 696540.5243821869 0.2928928720479423 0.3257912951640275 0.298179586808415 0.3207521714500619 0.20584440493629227 0.23215229439745624
220 311729.0 0.25986331591422157 0.25608932578125765 13190.447752255717 0.1478985942994056 707261.8367845172 0.30059315064064945 0.32805920155982976 0.29812224620722694 0.32099347629292085 0.21384274770731948 0.23236620733739308
230 323479.0 0.2741642286607399 0.2707541700107341 11415.429158228324 0.14831857453787997 715108.3130516965 0.29911966505884574 0.32620177393618327 0.29822335944665274 0.3211960147310584 0.22289868876124844 0.24050242945082972
240 337860.0 0.2858902826422009 0.2724791544989623 10096.062374533025 0.14870006556905302 721739.5849719 0.3015648992778646 0.3260672444368755 0.298353449632202 0.3214163588044306 0.22552397030002191 0.2409593697137238
250 363648.0 0.28815727361422766 0.2740017178423971 9939.55104550043 0.14890801587611355 729762.1858422228 0.30286032962197307 0.3271758413969808 0.29851868920848357 0.32162165858860586 0.2259713708166398 0.24155858739630973
260 386638.0 0.3014267226978168 0.28538005379973724 8855.369239120148 0.14918302801639932 735958.8335143853 0.3117763043349302 0.34570152663873555 0.29891651239771494 0.32232737647261067 0.23448773581588594 0.2450970774459043
270 408221.0 0.30347561745345963 0.2881216093013857 8728.97625387655 0.14933983197818615 743156.0072519945 0.31129297493014296 0.34654878606180906 0.29937647881530033 0.3232043512827705 0.2360001823793056 0.24905993801577572
280 435819.0 0.3038834336500887 0.3019568323306476 8867.959009351753 0.14948932353907024 750582.0415085563 0.31266050811934853 0.34886201283689616 0.2998373649631939 0.324086351153624 0.236553891304427 0.25860665644827013
290 455392.0 0.30691602043911037 0.3135045767364503 8641.346406066394 0.149207072159694 762103.1714295078 0.30650960674213157 0.3515368410296334 0.3001413577595623 0.3249913153618524 0.2367386979272039 0.2624852009230402
300 463942.0 0.307177123580485 0.3158068602476079 8731.601460853448 0.1488719308796085 774289.4107928175 0.30716000779810826 0.3463057296036869 0.3003785455395117 0.3257344616841275 0.23708949883887864 0.264315880551097
310 474485.0 0.3076386124582652 0.31852359755576903 8802.566139217077 0.14851132151528526 786847.2948358813 0.30673741527041 0.3453797685488174 0.30060133476888606 0.3263909760398949 0.23760240529915014 0.26675114758747176
320 490546.0 0.30965840614716933 0.33302799472550304 8808.231546007815 0.14813672926688337 799609.3136573563 0.30480099316110415 0.34866196818777967 0.3007211974663689 0.3270578578017269 0.23850449006875066 0.2733688581354629
330 512661.0 0.3260276834613461 0.3403444175294957 7624.907919561495 0.148040898046416 808294.4650987432 0.31211662100294146 0.3437095789349381 0.3010132124314832 0.32757992947381764 0.2446594218091114 0.2760182390487029
340 540373.0 0.33401214851375116 0.3509148624644041 7117.498689419193 0.14790202843510747 817007.527457836 0.3097680471497457 0.3434669097906774 0.301306875982702 0.32805195950673954 0.2468398437049466 0.2796705172159106
350 567539.0 0.33776893470653896 0.35152577389973066 6907.8330638713205 0.1478564642303273 824442.252978989 0.3100562226631939 0.3437995766816035 0.30155154164525416 0.3284925617109426 0.24952213810988869 0.28013088020339605
360 585942.0 0.33907954349273156 0.35307311210781095 6857.829955821066 0.14783140738571016 831590.4544560709 0.3092485699402368 0.3428587845144919 0.3017904646206019 0.32890992146737263 0.25003056371517535 0.2808082317251101
370 596761.0 0.34142297864788423 0.3570914764700707 6737.33816129797 0.14780766932238865 838605.1622514707 0.30969539928274736 0.35173692440432847 0.30199380207117776 0.329333660789372 0.2503611933609241 0.28350779246430546
380 605795.0 0.3554927748186727 0.3628671156431821 6037.698897614593 0.14785067858886658 844121.066460812 0.31939458564868334 0.3584596450256462 0.3022852623683132 0.3299619341140271 0.25423662753112974 0.2880802783275528
390 622292.0 0.3564112575237801 0.3706748443492677 6082.389128553517 0.14800977381794883 848308.0582430526 0.3193744393525957 0.3543893946852012 0.3027198972526289 0.3306473922874706 0.2557844807567487 0.2866634506985783
400 641165.0 0.35728360521474783 0.37704841998974287 6072.248895335482 0.148118191264798 853086.1968117218 0.3107257913861163 0.35598994878365753 0.3030846762910912 0.33127468001340366 0.2559332365153646 0.2896398820451173
410 651034.0 0.3580980559061138 0.3775948898612061 6084.720216151662 0.14814699368799294 858825.0967175666 0.3029580698753861 0.3533853028840518 0.30321844463073555 0.3318630977287861 0.25610560978753416 0.28990547387245685
420 677299.0 0.3583226058797953 0.3787116493797218 6075.250627653872 0.14817426472003756 864572.934581763 0.3031054425941751 0.35374841863165607 0.30321033806445225 0.3323781165713266 0.25618482586600533 0.2911160110701297
430 698595.0 0.3586175150454822 0.37952506066842157 6071.878698145688 0.1479710675739945 873159.7397529591 0.29863158037338083 0.35701995364866923 0.3030868985377816 0.33293148995258187 0.25619521408548485 0.29147738435773984
440 711003.0 0.36749628378257343 0.3811203250674827 5638.740398987676 0.14777964486136083 881248.5347385652 0.29829079468157677 0.35741765906274336 0.30298014944982143 0.3334790943537537 0.25866190408205564 0.29209607760719075
450 730608.0 0.3679038726677657 0.39632004880424065 5657.753799887922 0.14752980858045403 890143.6180374923 0.2964180355521837 0.356962056272427 0.30284906560215663 0.3339969197594513 0.25866637524734365 0.29831474490195
460 743830.0 0.37729745179720686 0.3985012117708822 5297.604359152587 0.14719835384123867 899916.0902298609 0.29532775638906034 0.35742850273844645 0.30269570535915546 0.3345036486731917 0.265506766692165 0.2998537094483076
470 757216.0 0.37977170289927176 0.39954818414343835 5196.174976357419 0.14690759049095228 909085.0229445017 0.2956235406905812 0.3566718123105927 0.3025397167534616 0.3349704997997422 0.26678978883067567 0.3008909281620442
480 772297.0 0.38171098801241804 0.40220847490313716 5157.78643299577 0.14663128816733595 918055.474788805 0.29298636630694114 0.35689380184500136 0.30239367848749255 0.33542582894775186 0.26738722095081974 0.3022461635826888
490 788841.0 0.4148500510058588 0.41592108446130815 4073.265398270374 0.14638040435813152 925857.1891608427 0.29299822243139 0.35438166117770054 0.30220376084732864 0.335820969862171 0.28666303339284294 0.30793418981117215
500 799035.0 0.41619968910534166 0.42083416079014874 4058.9140945990953 0.1461562059532683 933267.6209315865 0.29048522679991984 0.35310926898865774 0.3020015767811102 0.3361758582578366 0.28826801264050517 0.3115244986516329
510 819175.0 0.4169860049677039 0.4328127085353243 4064.67265066414 0.1459249793073193 940814.072197155 0.2950578982834009 0.3468764758400067 0.30187173774472287 0.33648455062088084 0.28859940591474853 0.3169717200682603
520 828915.0 0.41952263261817174 0.4347792859431083 3994.481618605909 0.1456513505350958 948995.6789174268 0.2949170493894857 0.34831775022327277 0.3017338297914854 0.3366895309511718 0.28930551956692163 0.3184091970430396
530 846326.0 0.41963687297858215 0.43524719990131466 3998.9804652420607 0.1453729784345526 957291.556044819 0.2945987376381725 0.34823589011726247 0.3016026104895517 0.336907094228625 0.2891607319324775 0.31883516188872896
540 863316.0 0.42188206303837233 0.4356477940768336 3939.0252247527083 0.14514423301685866 964786.3443670525 0.29548646834971926 0.34760230711507545 0.3014785874649351 0.33711428259089654 0.2907377579680904 0.3192054482764347
550 873732.0 0.42373511505475264 0.4365432292979352 3894.9700205872823 0.14488382838666433 972784.3233567488 0.2941002667703211 0.3474284892431178 0.30134475724599796 0.33730152298489297 0.2914719114166192 0.3199375891991451
560 892076.0 0.42472564840844795 0.4381118193542343 3872.4221409414226 0.144641622446112 980501.78241214 0.2923473896574176 0.3443930488234323 0.3012008259369074 0.33744166148345056 0.29178117853862184 0.32064636003375735
570 905543.0 0.42873029455567296 0.4416603102912181 3784.800286059444 0.1444498763973717 987353.6068340905 0.2933844543243443 0.3444127555493944 0.3010631520474031 0.33756415015601526 0.29339921097665717 0.32345643849374645
580 920056.0 0.43178409076171875 0.4588371874537722 3751.681216154456 0.1440631988188152 997481.2955236098 0.2953278040972466 0.35545200779843145 0.30094488722270457 0.3377481182286324 0.2938089640708377 0.3292330661420543
590 927685.0 0.4330892552199892 0.46275019064293793 3726.800021559775 0.14364209754224194 1008273.8318193608 0.2897746457481427 0.34325903682897263 0.3008026669577528 0.3378765834900093 0.2943982499995757 0.331643386757389
600 940936.0 0.4350836669818613 0.46407758356498524 3676.9392950206598 0.14328334895966643 1018025.8034859897 0.28594496959393984 0.345161744817359 0.30061423380499436 0.33796994339128983 0.2955774877709708 0.332089087352759
610 958320.0 0.44558182190694917 0.474677182174547 3476.4526274016134 0.14299141566231682 1026527.3914277938 0.28233734788553067 0.3425371987708467 0.3003554199591073 0.33807061030154917 0.2991889863300013 0.3360197248740182
620 976725.0 0.447367736342247 0.47597130596549525 3478.5164550212294 0.1427105410864446 1034877.9295519452 0.28278744319772214 0.3407652095511625 0.3000710256770011 0.3381271395417392 0.2994554954639893 0.33652838428638526
630 987702.0 0.44954305002274386 0.47820002335065903 3442.0694631457313 0.1425291430449212 1041464.5924379604 0.2768668954218903 0.3369209194515603 0.29970860549094147 0.3381088076758705 0.2998179661170376 0.3370577595996195
