1 648.0 0.09895965951634506 0.08647298279424474 174167.73106443667 0.09895965951634506 174167.73106443667 0.1496596916954836 0.1272717138322229 0.1496596916954836 0.1272717138322229 0.09895965951634389 0.08647298279424519
10 20067.0 0.09899810183227706 0.08653609415721472 174344.5804792825 0.09895965951634508 348512.311543719 0.14965869185858122 0.12727102859619277 0.14965872350048826 0.1272709020681021 0.09897839556540047 0.08650374599388702
20 40809.0 0.0990134153850013 0.08654613572153458 174502.26115588605 0.0989596595163451 523014.57269960496 0.14965835238605785 0.12727058720093232 0.1496586114407643 0.12727083620664265 0.0989859441766838 0.08650869584890344
30 55328.0 0.09902938859132807 0.08658196675103777 175183.9645539545 0.0989596595163451 698198.5372535596 0.1495495605939304 0.12727175347869588 0.1496218046540281 0.12727051929375727 0.09899387396222371 0.08652648695424119
40 73435.0 0.1017572393085387 0.08665831860201317 162018.68159055788 0.09891544092794692 860285.8852300326 0.14857651168239586 0.12677114949586782 0.14950720190919 0.12721986741691457 0.10133634563784946 0.08656326316388435
50 88882.0 0.10194894050922886 0.08682273765451416 161289.66567102112 0.09890461692125287 1021593.269527544 0.1485765116823696 0.1267711494958657 0.14932471362942426 0.12713188351082705 0.10140806191106334 0.08667583256526167
60 98418.0 0.10311340492581719 0.08713492390955184 156187.46233290253 0.098859727155146 1177898.9903282428 0.14897740146319788 0.1267333550957917 0.14925668904844086 0.12706874130040738 0.10203952485503649 0.08684462576365232
70 114364.0 0.1031134049258176 0.087134923909552 156764.39909379827 0.09870047150932192 1335117.9316741556 0.149510634697846 0.12771068348882192 0.1492475667884602 0.1270765670052401 0.10204424171689552 0.0868467072165964
80 129773.0 0.10547458853912162 0.08833445742740248 147558.5599732326 0.09871864057402382 1482592.821154645 0.15064752213560687 0.13003450984818854 0.14941632800390617 0.12744097341048718 0.10350959187554716 0.08756384161274579
90 142123.0 0.10550415391795255 0.08844247435098461 152405.6348496729 0.09873380112963553 1634948.8512523454 0.15254001394038977 0.13010054822941727 0.1496343670286609 0.12772971130357116 0.10357125327380699 0.08761583633636674
100 158734.0 0.10690324156417297 0.08941020128741674 146797.6791308236 0.0988478651975187 1781238.0157545889 0.1513151843159686 0.13024888393227804 0.1499210793319885 0.12797762517609962 0.10469226471531926 0.08840703869719926
110 179836.0 0.10704010467674291 0.08941593538660958 146782.13098798826 0.09857839248950952 1929799.1025058145 0.15131511174906476 0.13024887291133772 0.150046669156052 0.12818224230142328 0.10467059930387253 0.08841412170422229
120 186102.0 0.10957509547617474 0.08946191719716085 136825.16251522105 0.09852555988948021 2067101.7748038797 0.15173993287131887 0.129912214440212 0.15017543958666474 0.12833328805827818 0.1055436578440906 0.08844179557048076
130 195541.0 0.10964678439769474 0.0895006395818967 137943.24761893644 0.0984805617845089 2205432.602710012 0.15172184717720485 0.1298546433359145 0.1502934943430206 0.12844948735524778 0.1055568774239145 0.088456026741968
140 207813.0 0.11020001000713929 0.08996872445087892 136008.3694699938 0.09846582062942066 2341577.018110525 0.15190971221548483 0.13000226200457507 0.15040412259557098 0.12855647239416446 0.10580184021886235 0.08866845035554334
150 227943.0 0.1116291888229473 0.09282461082953912 131333.71438960027 0.0985426558907282 2472106.1459249714 0.15210223733190145 0.13133168152305608 0.15051920439726335 0.12872375080285434 0.10629257212489157 0.09041005360222167
160 264074.0 0.11286995061938382 0.09333956359115325 128082.41528621926 0.09860253290123379 2599463.2637949316 0.15350242076293644 0.13368333052633305 0.15063061371023445 0.12890248796672218 0.10745487178942088 0.0909460775435588
170 289967.0 0.11321412205214865 0.09582984408528228 127936.82394876597 0.09862440525095273 2727125.8569070157 0.15322365304231833 0.13395784863162646 0.15078483951409963 0.12919492321069967 0.1077271291580925 0.0927489579287809
180 306643.0 0.11323536976042896 0.09587043295545275 128008.13800162128 0.09864397524806967 2854889.606243653 0.15322214044217347 0.13395761277776005 0.15091958029842462 0.12945806750584501 0.10774019504352375 0.09276176619060045
190 322308.0 0.11324201366603014 0.09588455342480089 133374.9184736708 0.09864771225923454 2988228.7132625915 0.15254261033563907 0.13354427960328027 0.15102054908436224 0.1296810786734579 0.10774362649761171 0.09275652058833747
200 333062.0 0.11336066642157075 0.09589061887236582 133367.2016796786 0.09864719146712628 3121600.9413238093 0.1525538234096322 0.13382498513718627 0.1510968785545196 0.12988727030882294 0.10780058407326523 0.09274682862104329
210 348064.0 0.11344139139466554 0.09601826859934587 133143.48903681448 0.09864671801975514 3254749.066967931 0.15255744257695913 0.13383391249790694 0.151165941273412 0.1300739245048503 0.10783838849410944 0.09279771470193503
220 361756.0 0.11346100539906229 0.09604304789433338 133241.13630279317 0.09864628574172062 3387994.408403924 0.1525574425769542 0.13383391249794205 0.1512289051333009 0.13024405970815695 0.10784508221315127 0.09279812485437118
230 384344.0 0.1135252253119304 0.09607004555385737 134132.4277162343 0.09864588948685564 3522130.4434686247 0.1525574425769916 0.1338339124979588 0.15128641757674968 0.13039946459083193 0.10788042004396117 0.09280164859785658
240 401498.0 0.11386367063008074 0.09845348584344371 133000.3402570124 0.09855843657948272 3656183.0532896444 0.1520461940779813 0.13465824855143377 0.15133279301512995 0.13055223417714829 0.10792754901726306 0.0944875327828884
250 420198.0 0.11396023296149371 0.0991998873157613 133273.98914447738 0.09792904713940456 3805661.973422449 0.14670536582960145 0.13463244508245092 0.15116971156649678 0.130714895183213 0.10783113899171934 0.09512248374773534
260 438069.0 0.11399129663326824 0.09927595880681583 134003.22924628278 0.0973462791393322 3954828.4125079894 0.14664742046172669 0.13369772214052905 0.15099710974508596 0.13083992316774032 0.10763771588884034 0.09518534579510439
270 454532.0 0.11410252430189408 0.10319985717791372 133778.64693090905 0.09680517517891908 4103165.3011135715 0.14665034794204104 0.1337173188886263 0.15083668806464012 0.13094571174686961 0.10751307999020543 0.09780206045230459
280 479859.0 0.11422622904223356 0.10325816685264849 136184.87312549716 0.09622905545311264 4255552.29933409 0.14569634795236133 0.13186039204293126 0.15067101819735879 0.13101105642416927 0.10737437758933702 0.09785588101081547
290 493398.0 0.11626730835508614 0.10327548070618203 129301.3916660794 0.09575340687275243 4400133.099585074 0.1458655566633287 0.13186565714186535 0.15050530127814726 0.13104040921011448 0.10876717031506458 0.097799305792475
300 502046.0 0.11628749643079064 0.10337420202063631 129271.86705436837 0.09530841119724404 4544032.954021377 0.14510341685476008 0.12980564994533028 0.1503384993272703 0.1310336073193499 0.10860935762453287 0.09777148658059814
310 521470.0 0.11637174371480728 0.10342850473325264 129192.87967025742 0.09489122775145495 4687257.220684111 0.14510372887112236 0.12979917277475927 0.15017017115750494 0.13099393172934248 0.10848117799365217 0.0976924704855521
320 538839.0 0.11642868351471826 0.10344822710656304 129200.73628136837 0.09449932815086518 4829898.077640654 0.14508028063630932 0.1297901682998467 0.15001175368478736 0.13095648741362576 0.10835820539708292 0.0976046040130492
330 558270.0 0.11651136865048554 0.10386232192002622 130016.52220624154 0.09412645520543624 4972728.892997505 0.15028150207155813 0.12961050871341961 0.1499878312395542 0.13091623258323468 0.10841157504389183 0.0979431580785968
340 570111.0 0.11656282721005558 0.10408666121831044 129945.81886583264 0.09377488928546038 5114997.402802381 0.15028150207158583 0.12961050871339488 0.1499964432874139 0.13087794156065852 0.1084320392326002 0.09792692725868059
350 587719.0 0.11788443673971155 0.10449372108461878 125883.44691655888 0.09344285480548317 5254043.9142180905 0.15036807180069522 0.12939270720818155 0.15000862252544195 0.13084223849411694 0.10903452291510017 0.0979939684020576
360 604938.0 0.11822349826247328 0.10451746854033525 124891.29030665428 0.09311202528168167 5392884.712481227 0.15037709318946815 0.12939698905202082 0.1500187358880307 0.13080217412617387 0.10905939336720187 0.09791688477989076
370 618318.0 0.12080184953018257 0.10478598856781884 117069.94107203836 0.09285730241983232 5522155.91524392 0.151010629436222 0.129773721768189 0.15003351804909432 0.13076734487390182 0.11067811771211 0.09802045324461081
380 632734.0 0.1211178888289877 0.1054509554529795 117250.02498120503 0.09264379819522787 5649365.82523474 0.14993391430661016 0.12991203682318633 0.15003073395606373 0.13074523264556684 0.11081717984444132 0.0983342884010955
390 646947.0 0.12305675637268179 0.10637935021522978 113491.6732784821 0.09245316516553949 5772524.940299797 0.14529397178493178 0.1301651398097474 0.15000620781999055 0.13072476912777237 0.11191326334599164 0.09876967183745734
400 677165.0 0.12312583060643706 0.10641259866316244 113487.96130635646 0.09227183130803103 5895288.725123146 0.145293666359746 0.13016508020044262 0.14988869190848544 0.13071081249196273 0.11183143351704208 0.09872474487391174
410 688596.0 0.12332155339227474 0.10646018520382387 113026.332307257 0.09210252112494798 6017105.532928976 0.14536377339357848 0.13017770713021468 0.14977723184987668 0.13069759541592108 0.11187868362868772 0.09870199840132533
420 715811.0 0.12352081313886991 0.10655114116173767 112801.69503019108 0.09194108583410135 6138398.705284434 0.14511109717583326 0.13010582548379523 0.14966735589832855 0.1306838797841245 0.11190907870047136 0.09869117134767645
430 727340.0 0.12419099950746024 0.10673328727253802 111061.78076501114 0.09180160941194657 6257020.4315492185 0.14511109717581977 0.13010582548379174 0.14956164223887344 0.1306704678514022 0.11246566295823489 0.0988153455419771
440 737526.0 0.12481341601501861 0.10865726900735614 109449.30018080783 0.09166833194188753 6374027.440350768 0.14527946201255423 0.1306426187598052 0.14946225194616014 0.13066253579241602 0.11259280002332024 0.09940872505850203
450 756521.0 0.12513006639757532 0.10877377516641476 109253.5479169619 0.09154082413705086 6490588.867629564 0.14535196885573776 0.13062629511223217 0.14937093354081957 0.13066176475150254 0.11264112429508216 0.09940095987112277
460 771417.0 0.12515553780950145 0.1088088542395566 109681.04922696015 0.09140720336971492 6608016.402649818 0.14535065546250156 0.1305693525626774 0.14928356171677443 0.1306604427612735 0.11256653373170236 0.099369871166096
470 793562.0 0.1253073727534377 0.11020684024819256 109438.77867067726 0.09129096719255408 6724158.427698164 0.14465988432334428 0.1293464945839899 0.1491988787995574 0.13065307300177487 0.11261207399567452 0.10045826991585545
480 803538.0 0.12541266543898547 0.11035035808686888 109772.37882350259 0.09111763792159118 6844839.209008281 0.14452524645506734 0.12946894999236486 0.1491036887392858 0.13062674282472886 0.11260745491110072 0.10044007921667213
490 816059.0 0.12572168761979932 0.11059329263619341 109126.82383863133 0.09095626309044123 6964282.681334656 0.14457860619066504 0.12947480380604526 0.1490110935292267 0.1306032344510165 0.11273474810668334 0.10052129010723664
500 831253.0 0.12573331344182062 0.11061499411472817 109322.24651814788 0.09076918853033986 7086167.150056918 0.14165735691946843 0.1294179738641215 0.14886431193680072 0.13057956137851917 0.11260941892623227 0.10048881816295123
510 844044.0 0.1257978888949251 0.11076175292330576 109294.52146577564 0.09061818120125609 7205265.311192129 0.14182918643415765 0.1295048291790512 0.14872344473002286 0.13055553864706065 0.1126189241872459 0.10073633545671991
520 858427.0 0.12596825098870157 0.1109114969812631 108911.33487259349 0.09047287226194907 7323764.344872197 0.14091417227994488 0.12911849751795465 0.14858935884261895 0.1305346271105772 0.11255811366767272 0.10076744781018025
530 874195.0 0.12622188783688024 0.1114878408423173 108323.10600338594 0.09030696697720354 7443725.734310854 0.14091360497752203 0.12911671671472655 0.14844481244932975 0.13050794458865794 0.11256524766365769 0.1013068947476195
540 899653.0 0.12640030914274356 0.11159700762073854 107964.58473807639 0.09010624644888944 7566896.277565302 0.14077408145173279 0.12915185874588128 0.14830353520487244 0.13048267810723674 0.11251351686513354 0.10131179830558029
550 923323.0 0.12668032862218126 0.11176290646460149 107733.62488538328 0.0898786639878313 7692991.273102143 0.13992898734668935 0.12878802598922734 0.14815602609513567 0.13045363820993547 0.11248771519196327 0.10139540048393361
560 936845.0 0.12679232530179274 0.1118788476580599 107499.81829019856 0.08965853319404835 7818543.79044912 0.13992805464306668 0.1288062414777715 0.14800936195068687 0.13042414083567883 0.11242297440898623 0.10140085633499675
570 946394.0 0.12680400907428585 0.1119346736068229 107497.2594999467 0.0894459931172924 7943658.097955842 0.13992805464303873 0.1288062414776754 0.14786783292603484 0.13039580634604778 0.11230677415338834 0.10137258375248703
580 957231.0 0.12683599702815568 0.1119679668301291 107695.55163814999 0.08919127683134458 8074169.885222185 0.1400169903590172 0.12837934838268944 0.14773224732738063 0.13036330393580925 0.11219136727465667 0.10134082336926684
590 977398.0 0.12691105181310414 0.11205360769236063 107559.66290601493 0.08894505108826167 8204118.745161718 0.14021197981855787 0.12848773222075635 0.1476020538876728 0.13032993220718664 0.11210268751427661 0.10132777367681561
600 986103.0 0.12857854731967644 0.1128929194106459 103549.94399997737 0.0887324245322167 8327992.163128678 0.1402056001351647 0.12848671282390792 0.14747903652584046 0.13029927740862718 0.11335925872188066 0.10200358250628835
610 1011169.0 0.1287416626754823 0.11305053287290252 103339.85377839628 0.08852665689733448 8451280.124675423 0.14027660453560442 0.12848775781452304 0.14736013847723314 0.13026961197721837 0.11330712864458822 0.10203112301254792
620 1041208.0 0.1287564554966903 0.1130655801661116 103708.11084169515 0.08832742156832152 8574363.016546616 0.14087212148947537 0.12888117127472387 0.14725182569511883 0.13024471976970536 0.11321032847827962 0.10199545410614438
630 1066381.0 0.12882663486828846 0.11312936534864114 103721.50416466617 0.08813439365563214 8697034.041806966 0.1408487897860101 0.1266528242665016 0.14715029606692262 0.13018779343463943 0.1131307707980645 0.1020100225574732
640 1075124.0 0.1288582299252565 0.11331106516193494 103761.18467107684 0.08794730506333319 8819321.259429362 0.1408491254312534 0.12665282688191556 0.14705199073115327 0.13013264572602826 0.11304905077124686 0.1020495455185336
650 1091519.0 0.12887134319230162 0.11331336729780958 105518.69223108332 0.08776588582231604 8942352.146909717 0.1400249158301165 0.12642556239934727 0.14695164538952377 0.13007779723139368 0.11295968277216614 0.10198993737439414
660 1106132.0 0.12888826196914815 0.11331902065352653 105677.29742817824 0.08762387276741464 9061008.33330778 0.1401452192322672 0.12627561466175463 0.14684739785111478 0.13002186365948923 0.11287434451210664 0.10193284255542782
670 1124752.0 0.1289491083979885 0.11345755662315694 105638.07602633623 0.08748603656706916 9179341.939776627 0.14014518618579208 0.12627483574710335 0.1467475143156731 0.1299660305032947 0.11281936207238333 0.10191390073246667
680 1139043.0 0.13317572166364008 0.11360915216526166 95937.69498973634 0.08737938198404024 9286850.439832026 0.14054033183280445 0.12567396576020198 0.14665286380533907 0.1299082415000493 0.11467175286798895 0.10190992342406006
690 1153444.0 0.1332776528419979 0.11370160466652023 95793.90419747209 0.08727568375390703 9393985.286327675 0.14053463756611312 0.12566264892014273 0.1465643526731329 0.12984688177993542 0.1146488717508779 0.10186450725821951
700 1179601.0 0.13370811972851304 0.11436044774023628 94951.78788655825 0.08718906747902432 9498401.267738886 0.14135178214664962 0.1278465676579814 0.146487693167656 0.12981218613372136 0.11486618229905719 0.10244634451092502
710 1190683.0 0.1386905824212643 0.12047691031657337 85226.34723867687 0.08713546225824123 9590419.141558431 0.142122562163125 0.1298489745788899 0.1464231257824198 0.12980425824971978 0.11809568231834824 0.1055208966674954
720 1209896.0 0.13874885260836722 0.12063889472764833 85202.74153844487 0.08708332567364399 9682246.536021976 0.14212645022714668 0.1298527437636704 0.14636352711067593 0.12980492507455185 0.11807251488786742 0.1054673324036892
730 1230089.0 0.1387806257790621 0.12076650649850629 86691.04183247752 0.08700895910661999 9778456.519022113 0.14217871654894107 0.12941169417435153 0.14630568758774948 0.12980436921061395 0.11803556633715606 0.10542910784122736
740 1251757.0 0.14189803616558191 0.12144320781498552 82132.27821298642 0.08696516862820287 9866470.111931967 0.14357259384464674 0.12939293483676254 0.14626987862777388 0.1298019434682742 0.11932936687733423 0.10575284882901877
750 1267555.0 0.14193762097084858 0.12147070103479082 82128.44446163916 0.08692253053079675 9954337.020912722 0.14357259384471446 0.12939293483677838 0.1462339627185452 0.12979649728143675 0.1193132475826836 0.10575315312314122
760 1287229.0 0.14196344231826463 0.1215040013259941 82169.14639296937 0.08688099991644013 10042102.267336627 0.14357236911011365 0.1293928319594419 0.14619898865562722 0.1297911932806639 0.11928477242280909 0.10575293710622556
770 1305613.0 0.1438830363159877 0.12360752679046044 79448.63351242745 0.08686110423968421 10124298.62541326 0.14385683989004938 0.12965031474526137 0.14616712862955633 0.12978802871293635 0.1208794850169465 0.10700485425061639
780 1314972.0 0.14391510794583406 0.12371050468861229 79460.88613311473 0.08684171225094744 10206439.461145272 0.14404973667594728 0.1299011268868016 0.14613779445684238 0.12978658655742784 0.12087346499401871 0.1070372425780909
790 1331651.0 0.14416021072658522 0.12383298208617095 79696.99448675672 0.0868228050619291 10288739.60922387 0.1440641714812365 0.1299096231160007 0.1461114026118484 0.1297880460885033 0.12094843529016885 0.10708284028565467
800 1344928.0 0.1444814272513858 0.12394560368556001 79178.31053901756 0.08680436471708404 10370484.81572929 0.14406636683435012 0.12990987052373804 0.14608587157842146 0.12978956699281402 0.12113897691490237 0.10713101455984413
810 1379074.0 0.1448276730853467 0.12429816124084309 78811.80971983238 0.08678237488106423 10452400.187450383 0.14403282822073882 0.12963598072758745 0.14606080079645228 0.1297896940263524 0.12122222243748783 0.1072603547016549
820 1390446.0 0.1499710715406569 0.12663355539918753 71175.50395150034 0.08680689397996484 10519812.348180087 0.14488895014529896 0.1296208713221617 0.14604304176846858 0.12978915797926105 0.12461041473488724 0.10885051749757027
830 1416288.0 0.1505388957034139 0.1306345182888301 70984.09648883503 0.08679459075058021 10592777.38246519 0.14462610886273933 0.13016344263434168 0.14602606639995588 0.12979069893170297 0.12489257132477953 0.11208769064539355
840 1435812.0 0.1506248391736235 0.13075671126002658 70922.36466274444 0.08679212799289292 10664092.216389256 0.14499503838716202 0.13054653452494244 0.14601117171726405 0.12979694798063962 0.12489767402256012 0.11211933190758835
850 1449466.0 0.15072533938233626 0.13079555303065113 70789.260752562 0.08678972250864021 10735265.793705598 0.14499503838717917 0.1305465345249412 0.14599923125510084 0.12980575628315782 0.12497095702163742 0.11213265540541663
860 1462920.0 0.15364279956503485 0.13118299972381536 67090.37992801488 0.08681679379602575 10797895.982472003 0.1449140760431548 0.1307610105432869 0.1459865872800902 0.12981585289444855 0.12631396778172543 0.11244325000508407
870 1484033.0 0.15382229246433124 0.1312100410242116 66908.65425669769 0.08684381865123904 10860345.664410645 0.1449708039361976 0.1307605465059584 0.1459748594256992 0.12982669949611822 0.1263596238440649 0.11245344599780827
880 1511092.0 0.15413415779552586 0.1313246621145251 66553.43597196329 0.08687023620633516 10922516.562079635 0.14497740671892714 0.1307600214823065 0.14596351775613486 0.12983730439648417 0.12660265752450212 0.11253878053180538
890 1530024.0 0.15492275478098033 0.13146143340329983 65777.72092071871 0.08690272536482284 10982878.141455296 0.14354585578130327 0.13011092556805673 0.14593801726475375 0.12984111297358963 0.12713674375450104 0.11264142624049613
900 1547661.0 0.16327641059242928 0.13684773776446732 56805.975542815846 0.08694124057962178 11032221.810760435 0.14468723795174931 0.1306128303901023 0.14591951613998316 0.12984865589850472 0.13338134056836187 0.1166657971417449
910 1567652.0 0.16749258504572093 0.1383709918322878 52986.17748060983 0.08700643511585278 11072119.908104096 0.1446035400845595 0.1309483368939456 0.14590571386097517 0.12985814819323138 0.13506975315808276 0.11724968183902566
920 1584911.0 0.16758587917429912 0.1384176530434018 52953.0327201532 0.08704642042570403 11116887.273881003 0.1459008838270209 0.13173521642225908 0.14590453871247397 0.12987737318777032 0.13512177289483204 0.11726996837693156
930 1594441.0 0.16773438012328815 0.13850576162305714 52854.72038914329 0.08708555498428183 11161732.105106484 0.14590088382702088 0.13173521642225353 0.1459044994548428 0.12989732853937597 0.1352421903631318 0.11733421109716868
940 1618415.0 0.1677768210174277 0.13852370101652137 54309.27070058994 0.08711476334891076 11210164.643741747 0.14500863044559223 0.13054520933409525 0.14590023373715125 0.12991074871694255 0.13523183166355254 0.11733061599235181
950 1632613.0 0.16798814659108602 0.1406212623669591 54157.87128620482 0.08711254642982973 11264782.583042957 0.14461851065345743 0.12905684773333945 0.14588674678000535 0.12990472980092252 0.1352621339796145 0.11840355412430505
960 1647287.0 0.1680994597427701 0.14066536219968817 54088.85907517786 0.08711037522042042 11319322.558050657 0.14462648338904974 0.1290577462301461 0.14587363269685283 0.12989591623619015 0.1352926126719605 0.11839661364379338
970 1656574.0 0.16815178163811112 0.14177775168656953 54101.790179580814 0.08711053123952317 11373392.008080894 0.14474880598432374 0.129417426183829 0.14586126698575433 0.12989070396979888 0.13531128565600223 0.11902831650045802
980 1667153.0 0.17086161791585217 0.14265950061480506 52123.21777995169 0.08705548370190219 11437887.61863601 0.14354960579173195 0.12919931678448124 0.14583892507775456 0.12988387852387243 0.1372928082290529 0.11935731477348537
990 1684433.0 0.17565767969824544 0.14281258231637547 48673.31649044648 0.08698323308821006 11503876.73082707 0.14879024754951178 0.12892140847529088 0.1458561291584973 0.12987523912066384 0.1390965356816405 0.11942287839144762
1000 1699240.0 0.17577310873116755 0.14284464140690276 48592.3548499721 0.08691226925665158 11569553.30744496 0.14879583420085088 0.12894031715750626 0.14588545342474668 0.12986574850962854 0.13916414232821422 0.11942960104756511
1010 1714692.0 0.17600244115508146 0.14377725775206543 48456.04901431392 0.08684269687277071 11634843.783634271 0.14880735115381155 0.12903091330405422 0.14591432673819735 0.12985731060302774 0.1393228564136711 0.11952338631592331
1020 1733935.0 0.178500380523977 0.154575066097073 46491.11871090121 0.08677091758826848 11699262.06514289 0.14741100745541283 0.1325757204942798 0.14593378204665386 0.12986374586915383 0.14037932978609632 0.12524559641551103
1030 1757144.0 0.17864633840197533 0.1548318025120914 47383.010899132154 0.08668508563574528 11768156.511024488 0.1448065153174537 0.13234913336591542 0.14593761469084396 0.12988892228434346 0.140489434736941 0.12537680909839186
1040 1783938.0 0.17874645558966168 0.15486525960089728 47348.50798118363 0.08660088857755588 11836700.377227355 0.1448013326639651 0.13234876565233974 0.14592672432381684 0.12991255335903723 0.1404837258655103 0.12540408898038613
1050 1798232.0 0.18033025305232792 0.15523550135577527 46169.40327402082 0.08653472082166896 11899634.171665441 0.14463183570935864 0.1312790012076339 0.1459172357301258 0.1299330589638164 0.14164509548286486 0.1255162304793507
1060 1824287.0 0.1803767786136683 0.15548159368573633 46168.8435448805 0.08646995299776107 11962261.085326083 0.1445113193610005 0.13117999135458291 0.14590495813756738 0.1299450016101681 0.14161089865122 0.1256010005146504
1070 1834005.0 0.18125994563961928 0.15907155429069178 45672.07607214112 0.08638904221595436 12028974.160692178 0.14448941731359802 0.1329288571064715 0.1458913074392205 0.12996521667794536 0.14189319523961982 0.1275594117550939
1080 1848662.0 0.18168337267885273 0.1591625525910417 45384.47664915319 0.0863095698380718 12095181.40240392 0.1444865159548258 0.1329282259079904 0.1458783359647311 0.129992630783508 0.1420475216037688 0.1276770549239688
1090 1872618.0 0.18357202451655105 0.16159119429092228 44202.9933211151 0.08622244481100183 12162806.699784975 0.13905255660549246 0.1334215663338707 0.14583074058092113 0.13002272463747733 0.1425500555974221 0.12882510870467356
1100 1893971.0 0.18635713324572614 0.16235883008589144 42535.84908405239 0.08612611222975465 12232095.688430935 0.1393932080939798 0.13351540703785994 0.14577072132749846 0.1300540134396223 0.14503148543567068 0.12926279100817908
1110 1912052.0 0.18806574727980724 0.16360800805745884 41557.28612644223 0.086053968472664 12293699.64092075 0.13955589848336022 0.13020348643636698 0.14571599503272234 0.13005693910126234 0.1455118766029364 0.1297743188980321
1120 1919884.0 0.18815398604962877 0.1637933005121467 41756.22901779486 0.08597819109751169 12356604.984564863 0.13952090660109606 0.13017820718968431 0.1456608765001493 0.13005814415977537 0.14548720099114562 0.12977243087575405
1130 1935252.0 0.18817674177729685 0.16395838128841078 41755.742034262665 0.08590374314999363 12419212.640093312 0.1395206738124081 0.13017034936522434 0.14560658446221905 0.1300591361622126 0.14543553495353853 0.12977793533915702
1140 1947328.0 0.18829814492047003 0.16410994895833908 41681.78887266729 0.08582947595991014 12481805.365758026 0.13952098835550011 0.13017046337311858 0.14555324827452967 0.1300601116609798 0.1454541097745503 0.12984611703811783
1150 1968490.0 0.18835887889185277 0.16441591616863974 41673.79157440752 0.08575649793431035 12544100.636872007 0.13952052707235038 0.1299746770539552 0.14550083579693857 0.13005953949761917 0.1454321665627143 0.12987603129657993
1160 1987391.0 0.18838927659107646 0.16470551312887596 41667.97302963274 0.0856847403251073 12606116.654452417 0.13951861817299666 0.12998180153464886 0.14544932773221234 0.13005885879048432 0.14540114093430156 0.12999670271635252
