1 724.0 0.12957238866842882 0.17331950610883845 80154.5139121658 0.12957238866842882 80154.5139121658 0.41549911785035576 0.4729524317709235 0.41554882964656914 0.4741910865390482 0.129572388668428 0.17331950610883687
10 16372.0 0.13559189713204198 0.18179474699334974 70210.25563864024 0.13125682072485872 150057.633470843 0.41805369650660607 0.47811749942941817 0.41689009563103385 0.47542431481776526 0.13413318395293783 0.18000451714734092
20 38689.0 0.14104243750881693 0.18200774370872808 64854.819269097614 0.13298960813544788 214329.7321814411 0.42000700257651813 0.47168527247999537 0.4172132026210402 0.4746620446063721 0.13913256222257916 0.1795612372996096
30 51305.0 0.15240949789416372 0.18517904224278858 51924.48508275836 0.1351295942770588 264003.23757100885 0.41870004081021894 0.46440974776620314 0.41820447834348684 0.4731155051695756 0.149122690591117 0.18162653621292202
40 74163.0 0.1546437411748805 0.1854218696402757 51705.32457342272 0.1343431876457156 316810.029336317 0.4192746643751905 0.46393420707576605 0.4184462947811115 0.4709188480609098 0.15020829702467806 0.18047125357594504
50 88845.0 0.15541705494280889 0.19251640378646287 51424.04064836051 0.13308291576748402 370324.92992220225 0.4210330191608607 0.46316962432785763 0.41884686055690007 0.46945700968756743 0.15010735281348173 0.18504824896084998
60 99295.0 0.15583739456318493 0.19269391967305988 52249.44109288175 0.13105558847584756 426712.99187899573 0.42080856512530057 0.4616855900798612 0.41914607187462805 0.4683383997729527 0.1496361810185311 0.18474310373529831
70 114163.0 0.1595041526763048 0.19409152918239653 50837.66602067669 0.12993618272127108 479979.0862773116 0.42463190059916606 0.46544481199778964 0.41983871635691195 0.467986594113195 0.1510943290612654 0.18568625413938597
80 131080.0 0.17931708273837962 0.2042837273214659 37410.55236457216 0.13107912574875066 513366.96774313966 0.4383491996752548 0.4719826471192882 0.4217505191333477 0.46819559281253037 0.16072557588105824 0.19059062616824113
90 148280.0 0.18019341191008414 0.21185232984799096 37102.78694003462 0.13210043521822495 546981.8398389668 0.43673991497950415 0.47571262966705036 0.4234066780249825 0.4687708115165075 0.16201674306020614 0.1965223099816481
100 159179.0 0.1804681520077259 0.21836077424974296 37483.09869898326 0.13290806542618283 581835.4669470771 0.43522388481696983 0.47941725657916556 0.42457315688256925 0.46987034857462684 0.16287445393125352 0.19974324310359454
110 175463.0 0.18204326178358193 0.22316172525333308 36751.627731791414 0.13325578215193992 617314.6962477245 0.4330792190761056 0.47327702608737054 0.42540216099944156 0.4703782164341538 0.16437685740080024 0.2014724931218934
120 188389.0 0.18584853647651262 0.2367512763665016 35305.214977743504 0.1328702034597372 654423.6782047418 0.43074889363220975 0.4820054973570529 0.42590620756220376 0.47098602789534894 0.1652766426172797 0.2053861446453941
130 214251.0 0.1901085937957312 0.2555131736293801 33201.98586015371 0.13211956987571166 691954.644125171 0.42858445585836663 0.4908381709840296 0.42625404387833166 0.4723090551699122 0.16789058703029558 0.21259561449841152
140 223367.0 0.1910988989872806 0.25860108496697537 32907.12365909409 0.1314697802257322 728747.9870541507 0.4298269324736473 0.4926950821929333 0.42648093942739473 0.4737171051731046 0.16815008090347486 0.21519389356799362
150 253686.0 0.1922007835690519 0.25917156998572166 32846.22522545456 0.1306200818301169 767117.8936436191 0.42737952227428566 0.4902297098884907 0.42665510269191936 0.47495086572872397 0.16879391212554343 0.21650949258371285
160 271722.0 0.20729682231708155 0.27327305571677596 26341.90326089841 0.13019985039597906 796992.8384807389 0.4347641769843419 0.5021322939440874 0.4271387431676768 0.47662897881271027 0.17679241860082462 0.22293318376562804
170 290200.0 0.21232345616844386 0.27813424363933154 24531.958762181406 0.12993116497318752 823952.4838596067 0.4366858709234731 0.5029512331434526 0.4276651140023193 0.47814945828379235 0.17990037787398025 0.22629172334205078
180 301331.0 0.21595265766485588 0.2781516818064283 23376.3037279652 0.12980332666467997 848530.228058017 0.4376994663454702 0.4993818437833908 0.4282649030455932 0.4794473299915814 0.1846112062725755 0.2272472920751594
190 322222.0 0.21613234696301264 0.27872394566053416 23585.769970072066 0.1296893671391282 873180.4678101201 0.44138598095692977 0.5075692558140859 0.42880048374155766 0.48066518377055306 0.18459311255591337 0.22804370295389062
200 337865.0 0.24407950865915154 0.28668479086404763 16428.802554624323 0.13067914665359354 878665.5134989462 0.444027812436468 0.5092369806537569 0.4295009820813225 0.48203874953995685 0.20091479630752257 0.23305322518954452
210 348007.0 0.24508074730436746 0.2893590090432479 16367.852383644304 0.13150967255778767 885985.7898276625 0.44507567028682127 0.49846993096348313 0.43019628855126113 0.4827773344986758 0.20137091138764288 0.23582633787745466
220 352271.0 0.24661090121519041 0.2904495150608609 16264.974676225664 0.13213704787348587 895404.372177741 0.4449527264860261 0.49860900690460525 0.43087170878532804 0.4834861984874212 0.202258543114169 0.23667118187034003
230 361185.0 0.24775492283482894 0.2908931835848842 16109.020366447552 0.13274087830570816 905015.6203617275 0.44504297587210984 0.4992387561766727 0.4314877186427964 0.4841582731968328 0.20312191566071972 0.23736736636513128
240 375644.0 0.24944631632262163 0.297514253778763 16199.835533664082 0.13323585790524978 915950.9410522925 0.4457080831399919 0.49676831383779607 0.4320570195706656 0.4846688066662394 0.20437211265589145 0.2407299174251906
250 397534.0 0.2501756807135871 0.2987388751199463 16169.344392293066 0.13370655512705548 927187.2338827195 0.44867056707125713 0.5002562455920277 0.4326557167603651 0.48521384391814854 0.2052675044811852 0.24178660810507674
260 416772.0 0.2506790453714778 0.3010902570696649 16207.761559174456 0.1341423858879867 938897.773381317 0.45210265418654394 0.5063287801556223 0.4333143027530282 0.4858810612282856 0.20572845718230515 0.24278479150717816
270 433083.0 0.26391875610125237 0.3014095652845951 14186.441268778804 0.13503732388109105 943680.4842039322 0.4517370640823384 0.49532540073006864 0.4339946646154666 0.4863034763028748 0.21657444727652553 0.24298274833674616
280 449558.0 0.26417991472066416 0.30232947813091837 14190.542046092303 0.135870542012602 949326.9467018567 0.4522070108660275 0.4967923835041102 0.434628636858819 0.48663402713072623 0.2168756859023525 0.24332213997729676
290 474388.0 0.26593362042257485 0.30604350001810654 13948.841059540982 0.13686855570100925 953584.2510744043 0.4495794229644989 0.4938934447448349 0.43522422936126764 0.48690650501772614 0.21840099892880588 0.24590701948227017
300 489891.0 0.2767997052418082 0.308234700350683 12635.542702244591 0.13776005906796013 956788.1482743843 0.44859526779786907 0.48869996617539974 0.43575256228945175 0.4870212435685925 0.22071515309199408 0.24634338971925795
310 508054.0 0.2769178373261859 0.30939144943828034 12932.345675618471 0.13849051131621679 962169.9852614376 0.4438870969388757 0.4860010798533537 0.43605492996764533 0.48703137231304616 0.220952471834855 0.24663578743148565
320 515684.0 0.278013716933084 0.3132095286501897 12803.6025209576 0.1391969734948381 967772.6709784425 0.4443991095701593 0.4838646333861063 0.4363201942980322 0.486984402581866 0.22172309512086144 0.2488935665994556
330 535643.0 0.2782495161067722 0.31503546340934296 12788.325579565582 0.13986108619781543 973906.8676598062 0.4447636135381834 0.4842373261584075 0.43657359798338485 0.48689591004916005 0.22201197129643183 0.2501503902738178
340 548599.0 0.28112558371982066 0.32377156192344736 12893.170857408817 0.14001869659295774 985074.6049278397 0.4398648684895854 0.48587325598270065 0.43669351189791294 0.4869216555549596 0.22242411644693263 0.2522491891473182
350 572241.0 0.2812494590426427 0.324141134876642 12968.509986192705 0.14017956350077376 996304.1062213666 0.43991004301846587 0.4853161315615862 0.43678502865436214 0.48688298456239326 0.2223803011873505 0.2521845671334265
360 590842.0 0.28755203651055994 0.32826752899722317 12589.018784178455 0.14035895799011736 1006922.3649139476 0.4514193497059163 0.48403618684777505 0.43707202925036664 0.48681767251408237 0.22383624358284682 0.25297989527160714
370 609848.0 0.2880052354940794 0.33124954377407884 12537.833776282832 0.1405343053498275 1017538.6203043958 0.45368518958994664 0.48509581609655655 0.4374717476212069 0.4867478141507068 0.2240598518304316 0.2539596450704318
380 623880.0 0.29831353138759736 0.33825320006593956 11418.812406375557 0.14094032600885892 1024417.687733714 0.4523535927933749 0.47042355618656745 0.437830188030168 0.4864449698854399 0.2280328519074026 0.257062837544993
390 631701.0 0.31301043957612945 0.34730074364664615 9975.628682798068 0.14143640210365338 1028399.3145213398 0.45495550723158146 0.4685542630968208 0.4382782263307026 0.48600896883128386 0.24129893621672813 0.26052877010630465
400 646953.0 0.3144971855052969 0.3475425957969158 9895.887614338902 0.1418745705945674 1032997.3058489009 0.44290805043559717 0.46771770794215295 0.4386727892975954 0.4855752955834904 0.24195929576112493 0.2602013058288063
410 678191.0 0.31684298371543823 0.36762623469779354 9925.181178055564 0.14130256880731007 1051220.2266779572 0.441286396324315 0.4777505304878246 0.4387684880201332 0.4853590746588164 0.24220118702571855 0.2654116498442275
420 695422.0 0.3185169825673853 0.36886117954818465 9835.997103949525 0.14066683233579577 1070615.822026358 0.44612291412924665 0.4804393619450694 0.4388727056788368 0.4852081073474296 0.24223051814097102 0.26540676310265676
430 711413.0 0.3292784321692475 0.36936682973803525 8965.961077819034 0.14024174608430845 1086178.1553976587 0.447824968792715 0.4799745663593199 0.43905835937630394 0.48508956062233594 0.24999689125298907 0.26507660089490653
440 721093.0 0.344435917189255 0.37522635125872666 7856.450712445041 0.13980549190169939 1101313.7566835068 0.43941294914029344 0.4741053558497848 0.439156277137718 0.4849049260672113 0.2554746447227966 0.2651754608172175
450 734177.0 0.3445410641412344 0.37540861748247073 7898.825306390595 0.13936231344396235 1116711.536341271 0.4389695029261931 0.47436987549340537 0.439148290534886 0.48464550210094864 0.25510227370416777 0.2647038757614535
460 749479.0 0.34601595955923825 0.3922753816835482 7818.440478223235 0.13871771529090784 1135974.473764703 0.4367215016741634 0.48685359013747076 0.43908516273842907 0.48469205593001186 0.2551759224402689 0.2712582991641523
470 764212.0 0.3480453506514552 0.3935336266859891 7830.868014819282 0.13811119476712477 1154751.258367605 0.4375935359448897 0.48519015926825015 0.4390481456640141 0.48470826986140836 0.25498566101392534 0.2713998886417804
480 785931.0 0.36080848211822536 0.4134639929907694 7044.447284837232 0.1375796946672094 1171842.442002011 0.4352485798652114 0.48141754607779963 0.43903002534743496 0.48470057843855696 0.2622960705128824 0.2833522752313121
490 809559.0 0.362763719529691 0.427070860165549 6954.409349376165 0.1372514538437893 1184965.6096166272 0.4480031097514111 0.48854408468849764 0.43913463219612664 0.4847353117721666 0.2622796693971666 0.2885536054403446
500 822163.0 0.3767706621843034 0.4328223512390113 6276.816777890014 0.13686305234463536 1198936.7085612104 0.45339441511385103 0.48566405676962193 0.4394113694640217 0.4847544431786462 0.2714911141843289 0.2894997263735897
510 848706.0 0.37680187995181846 0.4353815384868922 6283.576272888082 0.13649394284426253 1212608.2440200418 0.4497783497766983 0.4844170197470733 0.43964391590648333 0.48475871956710875 0.2714694711315705 0.2917997078049292
520 874614.0 0.37973772268161915 0.4412502244585398 6172.842019821677 0.1359696837887419 1229680.922264219 0.45151471928283243 0.486008824075276 0.4398605098379137 0.48477399286923384 0.2717901993613825 0.2931490517376024
530 896865.0 0.3918921562914889 0.44340755600684956 5608.5029918233595 0.13546638536325373 1246182.4211284393 0.45234050574870766 0.48614025264059807 0.4400939422809247 0.48479944091792215 0.276492901000043 0.2946828297220039
540 907485.0 0.3934459924965491 0.44405498366886786 5592.703682922231 0.1348817872091057 1264775.5291338984 0.43923219268079317 0.4856807531676866 0.440220358737142 0.484814000065102 0.27669887557506306 0.2948590797099337
550 934562.0 0.4070354681521478 0.4587263358455283 5066.462725902493 0.13443556869148712 1280031.4695048707 0.43353586634145946 0.4837042941018862 0.4401676086153137 0.4848181696141694 0.2832817059071603 0.30326758133599946
560 950733.0 0.4214843053593973 0.46364751800993476 4566.368139654326 0.13406301583445124 1293357.1039953069 0.4356855214022021 0.4838506735746622 0.4400554389267357 0.4847996767764892 0.29125910905572777 0.3059210612138538
570 964702.0 0.4263049972175053 0.46924421106621755 4544.75107719329 0.13372572285867038 1305907.7222841822 0.43556369000726114 0.4740212409664422 0.43997975456898875 0.4847153315444286 0.29355133443573245 0.3069914060505702
580 984911.0 0.42672966949146074 0.4844965614840092 4546.34968013296 0.13339232954668326 1318452.5430176964 0.43483575575641953 0.46651633183848495 0.4398907734600738 0.48442120958888235 0.29366183998702006 0.3142816719248451
590 997046.0 0.4293201001217899 0.4861047639300554 4478.345141040669 0.13312330044412646 1329430.962625608 0.43550793962199463 0.45663147417567435 0.4397674782595425 0.4840356439438563 0.2950565495769788 0.31568735299747924
600 1009047.0 0.4320878908091026 0.48662984810380794 4474.117273410487 0.13278102949812165 1342321.075715469 0.4380402894502051 0.4588111429417009 0.43970848901836396 0.48355729025968247 0.29561869102124644 0.31513900119783317
610 1028453.0 0.43287816170896454 0.4870496545441529 4459.578113234698 0.13237108784016233 1357062.4557714032 0.43622388935501877 0.4578777153848612 0.4396636824963578 0.4831419501803545 0.29575337439527766 0.314821023700601
620 1041573.0 0.43647708281587616 0.5076157405887585 4368.349556895421 0.1319037896896604 1373438.2638168596 0.4338864814072439 0.45999168221599346 0.4395981753101863 0.48277126802541737 0.2971345684633868 0.319864920507124
630 1057343.0 0.43717272205707486 0.5082854821880831 4379.082704499268 0.1314284464386414 1390230.0008938378 0.44060797173128985 0.460213440677462 0.43955423615613737 0.48241329859176646 0.2972828389707118 0.31984981963352055
640 1067452.0 0.44849187659447687 0.5230708618236709 4132.033944767966 0.13124711766721198 1399065.5022124315 0.44301938805407987 0.45450624818885216 0.4395529681956805 0.48197981516830024 0.3034195852444921 0.3277260424491002
650 1099481.0 0.4543705056102169 0.525637409324724 3982.462189353088 0.1311704034654948 1405040.2402276788 0.44155382810464083 0.44867341663699806 0.43959257499944204 0.48150107021777205 0.3058516415627517 0.3285614957130198
660 1114002.0 0.4592288359645636 0.5383087821628088 3867.14177218784 0.13099267113849725 1413620.9084294722 0.44227560105757857 0.4492825951288679 0.4396239506715791 0.4810228227738108 0.30690871176933904 0.3322636419281945
670 1125269.0 0.4594148155057481 0.5406339577755676 3872.7010678923602 0.13080271322693707 1422567.4556634235 0.4415437280238041 0.43799746638559894 0.43966534701214427 0.4805161479531301 0.30683005451739254 0.33472697418597386
680 1139408.0 0.4604245308603401 0.5636981047069797 3900.4138659031614 0.13051828483730538 1434190.0494975327 0.43199571570028306 0.44313122503417673 0.43962365209595244 0.4799592585494153 0.3071678665402824 0.34078845478372655
690 1152117.0 0.4785988922305674 0.5665285965814523 3505.166770604321 0.13040910018162394 1440686.9603394235 0.42729413620011514 0.4387827857149794 0.4394637614740205 0.4794079359132068 0.31596662444552215 0.34068127461296294
700 1173216.0 0.491474165798046 0.5855147164687315 3271.4007278629997 0.13044606157910352 1442945.8904214818 0.42717425347009047 0.43947173386384725 0.4393010168853617 0.4788404913553148 0.3189353412116653 0.35406580909633223
710 1185452.0 0.496207871260916 0.5982495959556543 3223.8814620876637 0.13046496481113282 1445650.0439271245 0.4307456261430419 0.43712431728496404 0.43915483554149276 0.4782691188718325 0.3187114115570363 0.35790368708919706
720 1202451.0 0.509988252526483 0.6132324048197577 3008.9077475458025 0.13059987871994755 1444953.695067598 0.43535002878565615 0.4568344313489658 0.4390656578367151 0.4778383363795323 0.3249114764602798 0.3610513127980734
730 1215119.0 0.5116552042047706 0.6275675986422887 2998.2771149808596 0.13074970547401277 1443860.0609645348 0.4362377316731436 0.4536235554735741 0.43902437616303447 0.4775288372181455 0.32557895259132624 0.36593378457333287
740 1234527.0 0.517669946999678 0.6317453772066454 2898.5287652883567 0.13068043258379144 1448701.6387022794 0.4348940085552598 0.4520319084323506 0.4389802246047832 0.47719339435291996 0.3283209740268087 0.3671677774503694
750 1248683.0 0.5219491025716692 0.6434101128162725 2846.0507894914867 0.13064438632953196 1452560.4267614316 0.4355820979294249 0.45539561277266066 0.4389341928441025 0.4768940663886111 0.3308810139431452 0.37205613717444685
760 1260312.0 0.5322674051720826 0.6505102211470586 2686.9472629536554 0.13061016289046623 1456219.0260046234 0.4351949379556268 0.46579266438258665 0.4389111563869091 0.47670783559167873 0.3352243486173953 0.37573758373689586
770 1284246.0 0.5491807545536739 0.6687287793364198 2459.394061763965 0.13067114821246087 1456938.3295704534 0.43690505909448013 0.4636982349593003 0.4388897283329468 0.4765463869288718 0.3443158187683076 0.3807150620639274
780 1292588.0 0.5825530534243994 0.6974865311337666 2056.7790299006742 0.13072111197043756 1457534.15502448 0.45124118072986436 0.48204472388367187 0.43894000402245975 0.4766018933507139 0.3616622113169636 0.39119067605093094
790 1314345.0 0.5990707224418678 0.7037328948968019 1935.2558529108708 0.1308004611046481 1457141.2770693763 0.4518780800852791 0.4829404382589651 0.4390978977699098 0.476682169387237 0.3692056514308283 0.3941221863400881
800 1328114.0 0.6017496173042206 0.7055761089995939 1934.0884730508303 0.13079629071895538 1459198.315201205 0.44414832235158996 0.4827013040366127 0.43921586417522784 0.4767629904005213 0.36938246844351175 0.39387998039869165
810 1343355.0 0.6048368951480212 0.7333563289888186 1917.131480384497 0.1309631219074433 1456266.4744046507 0.44221467567208705 0.4688667804522641 0.439249070965513 0.476676551520604 0.3702139099840819 0.4035131156605091
820 1371360.0 0.6137116610431783 0.7361766436133778 1841.8869067335538 0.13116444691766901 1452275.7939511708 0.44217525539008845 0.4678686761108113 0.439270674261749 0.476569993351464 0.3736825313346469 0.40321037876143956
830 1387433.0 0.6182126293911532 0.7382130286300526 1815.7654874524826 0.13134072155374443 1448996.0515284226 0.4446828161665183 0.46891231571556746 0.43932906195589394 0.4764849088451016 0.37592390257069863 0.4038816852985342
840 1401286.0 0.6238215422889166 0.7480839273671696 1771.5020374920985 0.13148737579305952 1446526.9242095428 0.4430442927759774 0.4676915365834672 0.43939337107665893 0.4763958580060085 0.37788532867007085 0.4077403272486111
850 1420356.0 0.624053303766562 0.7482466829657304 1773.586789817165 0.1316341944052224 1444075.688049433 0.442446014687212 0.4678698015938889 0.4394251370474088 0.4762900378793937 0.37789417326825336 0.40766302243773506
860 1436391.0 0.6382058711690938 0.7518126291386377 1666.6505780477012 0.13144044806488692 1451498.5302234103 0.42517728420091067 0.46744716211700843 0.4393171360299987 0.4761846361164925 0.37932524201648593 0.40808451524265177
870 1447370.0 0.6407382936470205 0.7542802477073299 1647.8893513364683 0.1313823611010886 1454865.6138231151 0.4227083096822765 0.4529431051930527 0.4391387749329546 0.4759958015152805 0.38064569749646116 0.40861886816605403
880 1468621.0 0.6410773994971283 0.7550501514810546 1650.465507009107 0.13133126416225607 1458030.0269541275 0.4250003201220419 0.45727264038123416 0.43895396067288134 0.4757363916167407 0.38066529174899544 0.40802685450543
890 1485049.0 0.6584764125624255 0.763107184244953 1537.497098594094 0.13142631638183147 1456760.6964333705 0.43423591443210197 0.4622157172687784 0.43886607780918113 0.47556407985618737 0.38192589942678845 0.40922688537424723
900 1502018.0 0.671594599500728 0.7693208223939436 1458.770450597865 0.13145142775553365 1457471.60424965 0.44061703886099296 0.46220899430089557 0.4388872959785599 0.47541035472398263 0.38618400228426003 0.410559050596382
910 1519150.0 0.6783713587309838 0.7713790100792132 1415.6951081308437 0.13155019886428695 1455957.0727665313 0.440570337824416 0.4639856396092866 0.43890328525880745 0.475281932553669 0.39005970774687687 0.41057336861332466
920 1532130.0 0.6892384288631849 0.7766606368458904 1351.022240012797 0.13171605366616332 1452406.7503632875 0.4444291079482492 0.4540866861695184 0.4389299272137169 0.4751131209442756 0.39251513606147675 0.41120558773004506
930 1548152.0 0.700089695175555 0.7822193034629535 1296.377337303479 0.13179721530550828 1451290.3441774463 0.43849498165573686 0.45894908877284224 0.4389853624191342 0.47491746398385115 0.3962661435569872 0.41168732734180585
940 1571611.0 0.7012441628829305 0.7917958478756354 1296.1045771345505 0.13191153128584915 1449205.859182872 0.4386707261867574 0.46148974908826124 0.4389828750434571 0.47478510416261976 0.3966761266963073 0.4141624922248135
950 1595822.0 0.7054270418970578 0.8045619615075544 1274.1758642361306 0.13201023938133208 1447562.77471611 0.4408843310756676 0.4664889144428646 0.43898735126289645 0.4746615359791313 0.3982893966428818 0.41604635134841844
960 1601370.0 0.705940478037453 0.8046782503508066 1272.219730966836 0.13218175156510278 1443812.0964277461 0.443670959531839 0.46676057474152827 0.4390302851791214 0.47457875459932647 0.39892609016223485 0.415918488013556
970 1621969.0 0.7070184268246158 0.8198313031316006 1268.6964303653199 0.1323636907426846 1439784.4685099258 0.4443840187390316 0.468146540164459 0.4390927425623381 0.4745068919776159 0.39941553819900827 0.4199819557369728
980 1637330.0 0.7079365180799952 0.8311881499271084 1268.9450290055495 0.13244940416526618 1438551.4655093881 0.4352391880171591 0.48819779560134896 0.4390767579922265 0.4745475698066671 0.39967757834829604 0.42235643823820374
990 1651002.0 0.7197646848561883 0.8414561318322559 1225.6291468296952 0.13245546270936442 1439598.9318428598 0.433489190908853 0.4848671899140122 0.439028339459731 0.47466276559530296 0.4039043856843299 0.42569009873857294
1000 1683208.0 0.7222744849410541 0.8497315867458795 1218.48851252009 0.13245205201316018 1440917.8315735671 0.4331094297261489 0.48627385152784725 0.43897089674264506 0.47477028398696464 0.4038988400384583 0.4270187112390843
1010 1699245.0 0.7272192954598802 0.8575109940830768 1195.016303188059 0.1324143090697598 1443229.2395337692 0.4303179176654307 0.4753310914271845 0.43889075078231116 0.4747890338530435 0.4057486121675584 0.42836209981026346
1020 1705218.0 0.7289758471126802 0.8847569286667141 1189.9275476123275 0.13241988681439834 1444254.519909961 0.42098214698879444 0.47884719588911323 0.43877888560052675 0.47480843667984907 0.40607103624388446 0.4400280934489066
1030 1732004.0 0.7407235425807269 0.887395657788863 1137.7502731760894 0.13246169067616181 1444157.175265561 0.41771715151501193 0.47667492418756696 0.4385988383777628 0.47482744872432653 0.41223803004879594 0.441742523570344
1040 1742083.0 0.7509455486249366 0.8911791155767409 1101.050483665251 0.1324422570457688 1445836.1939639954 0.42000583746963316 0.4772049057172081 0.4384126683463828 0.4748478095163295 0.41365790003919883 0.443098837273862
1050 1761263.0 0.7536728631773871 0.9064499910715881 1092.7619565823675 0.13241475553491472 1447748.4159026726 0.4193982733869096 0.47794591307493434 0.4382375478912388 0.47487051303237576 0.41514468087879575 0.4526304793177131
1060 1773626.0 0.7582774479638933 0.908065901539669 1077.58645906162 0.1323486088230585 1450807.0558559606 0.4149257416503581 0.4743941251290788 0.4380527404061326 0.47489540588274526 0.4159996039397451 0.4540144752351165
1070 1795115.0 0.7617492502804802 0.9109618053599269 1068.9355011042192 0.132286792430947 1453731.7408258214 0.40962189409996497 0.4729103563123995 0.4378182511556941 0.4748871895064962 0.41572837017130215 0.4536900217895781
1080 1822621.0 0.7693474106497953 0.9145205610024418 1042.6838398102032 0.1322565466545866 1455683.6935895253 0.40504638740987553 0.4781665882901545 0.4375251823433508 0.4748567990300132 0.41945191855528785 0.45416726304760285
1090 1837155.0 0.7746979682063659 0.9265417965113705 1027.028135077205 0.1322216959990886 1457761.0886419597 0.4052688253007667 0.4769525654055752 0.43722166957999375 0.4748737628007186 0.42300077477325215 0.4587906621347267
1100 1845850.0 0.7776840836921219 0.9282853781162084 1020.2397272922361 0.13221683310217308 1458927.7710803032 0.4029878666037751 0.47502000400967787 0.4369026226041626 0.47488452134175285 0.4243437133816329 0.45924444678070947
1110 1859019.0 0.7836400049812036 0.9297956633716382 1010.2336768003756 0.13225301937455008 1458850.9700737237 0.4079035126155091 0.47325145612001057 0.4366402286230491 0.47483357429806233 0.4264928713119253 0.45978165974578555
1120 1871470.0 0.7868495353047653 0.9365628376760996 1007.8825009158585 0.13221613276775335 1460972.6773898632 0.40926453241035254 0.47347726233054815 0.4363905619463232 0.47481643958105035 0.4266540400946987 0.46184260800061433
1130 1891722.0 0.7884734905941352 0.9435874847834245 1002.9929486178996 0.13223924745481613 1461280.1497921697 0.40450023382685935 0.47364381352456475 0.43613147966577204 0.4748161502853526 0.4269365583375666 0.4636915928214923
1140 1900047.0 0.788812618985837 0.9441255038536027 1003.4707099895078 0.13221512026976293 1463012.0007905033 0.40789363478918533 0.47240037754061315 0.4358687607503456 0.47480417963535887 0.42683904629754377 0.46394903728261766
1150 1916901.0 0.7994809904604313 0.9488669077269755 963.4674857716839 0.1322902658401142 1461716.783225965 0.41404998104342994 0.47209113967970917 0.43565034100508937 0.4747819469578712 0.42891290113752756 0.46665055050844706
1160 1939023.0 0.811654653491088 0.9540210543544823 927.2325295122855 0.1323371722433906 1461229.3820159591 0.4167090793048708 0.4650987515683082 0.43546980908016697 0.4747245669136706 0.4304373280674148 0.4691187314889706
1170 1954930.0 0.8278231547973169 0.9559290664224847 877.4878156661648 0.1324838592549143 1457706.533500312 0.4209644803531328 0.4681927542781945 0.43533401764385854 0.47465341602796973 0.4331284429937694 0.4694834871333673
1180 1976068.0 0.8380181975907925 0.9601413446001439 847.8630113235151 0.13266152428628958 1453247.404514256 0.42205194350406655 0.46564964463956643 0.4352233609786377 0.47458178711314203 0.4352070570263148 0.47054113087976246
1190 1996984.0 0.8415932118446192 0.9738660511052253 839.3415547882528 0.13284598993696795 1448605.3146178871 0.41734248260410267 0.4696207826101355 0.43509277374572064 0.47452072954929975 0.435153898278615 0.47449368234286327
