1 288.0 0.06487589946213872 0.05955715360890778 589388.5402851359 0.06487589946213872 589388.5402851359 0.09804542007057851 0.0931390683449136 0.09797497701324352 0.09309803996761484 0.06487589946213909 0.05955715360890777
10 13672.0 0.0648760863462136 0.05958364440096904 590382.9287108287 0.06487589946213873 1179771.4689959644 0.09804540166083153 0.09313712190275178 0.09803260889477414 0.09313125474144174 0.06487599229535054 0.05957030313280609
20 32569.0 0.06488560430647844 0.05959821906766983 597198.7549661666 0.0646467509000947 1776947.2300663309 0.0977160741559525 0.09300946001606956 0.09797671678175922 0.0931220583828328 0.06486983053711823 0.059577531565982646
30 44754.0 0.06492673143687597 0.059613674023530946 620610.6106058907 0.06440437837052751 2396907.296731457 0.09801644254496546 0.09298158204393993 0.097954820679805 0.09308060042986863 0.06486309208275842 0.05951490601121092
40 59220.0 0.0649439405591014 0.0596227365162575 621797.1822785967 0.0642589548527872 3018278.1850086185 0.0980432378167638 0.09298706957097869 0.09797134479560951 0.09305725361069074 0.06483640818606964 0.0594271776665012
50 77647.0 0.06514804038851985 0.05964479410389747 618391.9544830606 0.06419120607885025 3636497.2409081534 0.098031745517832 0.09298693168823886 0.09798476544884628 0.09304348392352817 0.06496702747541605 0.05938815741092341
60 95768.0 0.0651717219681871 0.05974253024414157 618687.4480151207 0.06414281409746671 4255056.760985756 0.09803174549187349 0.09298693168242146 0.09799246709779807 0.09303421306490312 0.06497127498577265 0.05940020112474754
70 110123.0 0.0651986807700458 0.059808439186805396 618371.166681225 0.06410652011142905 4873335.463554151 0.09803174549186223 0.09298693168243581 0.09799799926597733 0.09302755371525914 0.06497858706114361 0.0594061781968714
80 131152.0 0.06523724799153567 0.059817837638137146 618252.8597418029 0.064078291455622 5491517.476415348 0.09803245883469376 0.09298726046882608 0.09800224258564727 0.09302257097351277 0.06499347423643066 0.059391456129527474
90 141257.0 0.06525484575648641 0.059821558094144425 618281.7838876058 0.06405570853097634 6109742.208965809 0.09803237140479391 0.09298724892916606 0.09800555077244641 0.09301868852271573 0.0649986478213673 0.05937826393563329
100 149484.0 0.06526408156839197 0.05987679041742203 618429.9453170723 0.06401349826967116 6728111.494957926 0.09793009387417963 0.09251927832197387 0.09800516833414556 0.09300167557462583 0.06499858772031385 0.05938259262685802
110 172034.0 0.06540730190754379 0.06002850922866981 614918.5453890397 0.06398130137468198 7343035.780175032 0.09800023296661382 0.09257464580680179 0.09800219616287124 0.09296120827917156 0.06505650152893742 0.05940440600315805
120 183622.0 0.06546093557130445 0.06004465882248814 613752.8985141431 0.06395405784815268 7956811.263290828 0.09800049052184451 0.09257606215378486 0.09800203203995714 0.09292929964997523 0.0650774344150132 0.05936869520411755
130 199668.0 0.06546147959356298 0.06005464400836701 614449.5403519855 0.0639306814151425 8571270.394473996 0.09800183631849517 0.09257456328261472 0.0980019765732046 0.09290226634142174 0.06507348949347819 0.05933637497062152
140 208627.0 0.06550267954170423 0.06009033611086495 641256.1421720893 0.06389108780819806 9211922.429874912 0.09796872420871044 0.09368690325985746 0.09800388901183767 0.0929346757287619 0.06508650093278902 0.05932065281963151
150 222607.0 0.06551124657427258 0.06011676593221048 641534.5528389228 0.06385644340212168 9852920.494923966 0.09796872420873293 0.09368690325971621 0.09800156021692888 0.09298449212154392 0.06507687692580096 0.059297418501457116
160 245957.0 0.06557219014608959 0.060125953825728565 649526.746822462 0.06377437094695754 10501220.596774124 0.09795191962510774 0.09367465343241763 0.09799895558596587 0.0930277320929286 0.06509273834728665 0.05927455634068472
170 252970.0 0.06919621259415604 0.06198575611803518 552625.5146030198 0.06389084438134247 11049526.622864977 0.09807531383383962 0.09376909763839986 0.09799876957658772 0.09306747024521302 0.06776193913622461 0.060616816030374526
180 268608.0 0.0693273287834749 0.06205435357329499 549942.4165165188 0.06399519082020004 11595382.287655508 0.10333380347923128 0.09406861582673459 0.09803207780087016 0.09310792932615496 0.06786143228731208 0.060644790605377065
190 280766.0 0.08123792352768947 0.0670910207593699 349886.9134974691 0.06463421899529094 11841401.279434381 0.10403375630700058 0.0944928348713486 0.09832916217569092 0.09316955232523244 0.0764331355625522 0.06507380679405561
200 295423.0 0.08147747185320556 0.06713797745666131 348196.230241213 0.06521233226273788 12097567.07753148 0.10403938749218644 0.09449657473408196 0.09861311194774906 0.09323544559684081 0.07674413930570939 0.06513654121023361
210 320180.0 0.08161451334386259 0.06720781400539588 349386.9330283264 0.06573788977859873 12366406.94024594 0.10404052628747604 0.0944966217160425 0.09887029219910015 0.09329521519559156 0.07702608103099311 0.06520183690399275
220 340168.0 0.0823011687887373 0.06840376084174667 341841.32425087015 0.06607110879544713 12649150.456982825 0.10238921426050884 0.09461621739584221 0.09908981827089365 0.09335496711873287 0.0775643731962913 0.06569785918331901
230 359196.0 0.08243349102386054 0.06845690858391153 342368.16754193924 0.06635891620538846 12940839.07244367 0.10259604789041747 0.09617243619928872 0.09923442864364933 0.09342303956635868 0.07769692747566329 0.06575221312029235
240 371639.0 0.08243905743734295 0.0685043192736593 342637.43538754975 0.06662369902253447 13237648.28823073 0.10259604789040244 0.09617243619932711 0.09937391491944948 0.09353712241419827 0.07776017829479481 0.0657979931058411
250 388754.0 0.08259328195160127 0.0685871911658506 340910.82914145966 0.06686811393066926 13536334.325742997 0.10258319939816841 0.09616822510466044 0.09950202802864434 0.09364202588081545 0.07789117141112063 0.06585756327973441
260 406194.0 0.08265259244574721 0.06865406734326931 340535.4935119935 0.06708928444385542 13838856.596269771 0.10258442035754216 0.09616834368760116 0.09962012415254656 0.09373881921366758 0.07798232281227584 0.06590797448881917
270 415759.0 0.08309382014090472 0.06871182264449106 336806.82402687514 0.06730908857335431 14137837.740664776 0.1027052853053193 0.09617555892865079 0.09973218371490573 0.09382862527731264 0.078320588517842 0.06596768166249371
280 437967.0 0.08313167710987271 0.06871836329511778 336425.2542454781 0.06751373379737054 14439348.5765742 0.10270656317754565 0.09617566058514151 0.09983803351784645 0.09391214966549176 0.0783858183540997 0.06598745991616638
290 455721.0 0.08870851391967417 0.06977769746285759 276926.6627422357 0.06780453403194048 14648224.48779173 0.10279640448218139 0.09618295139544097 0.09993844872523602 0.09399007790403513 0.08353588399943768 0.06696574375381208
300 474033.0 0.08887037989950976 0.06989663220364446 275816.99364151753 0.0680765729610543 14860909.833545187 0.10279490797973354 0.09617885430675954 0.10003338250617322 0.09406289000917822 0.08362826587299454 0.06702641158281317
310 483823.0 0.08995871848043042 0.0783046278351606 265981.4584117247 0.06835998533951095 15059337.243776554 0.10295775036643295 0.09752327771959735 0.1001232457471901 0.09413958991142948 0.08435025379595124 0.07243575685749586
320 497505.0 0.09033678339189674 0.07834015374807177 264040.8573408619 0.06860975254705984 15263162.686718442 0.10377228981093126 0.09789110998704845 0.10023438562629583 0.09425531380080236 0.08456764917269488 0.07255228821466991
330 520744.0 0.09252191025652381 0.0796137961150892 245874.8109405451 0.0688915802483445 15436349.82269841 0.1038440937505844 0.0979270862462878 0.10034325737532539 0.09436615508588977 0.08587026277310572 0.07333698224372592
340 545095.0 0.09255678155767715 0.0799139396073152 245928.20521935954 0.06911921024902738 15622697.802365202 0.10283358159104308 0.09735692439968956 0.10043999444111316 0.09446723716187454 0.08595301694153826 0.07357097338840413
350 562780.0 0.09260846768109296 0.07994273020236159 245840.18881819095 0.0693298904168513 15813833.736299219 0.10282265666433933 0.09735620279634072 0.10050800034795572 0.09454955231016518 0.08604768810282196 0.07366908255635927
360 572916.0 0.09268747614994029 0.08105199187009542 245493.63373081072 0.06950948492001612 16012328.371649118 0.1028334631502667 0.09673898906710997 0.1005721739951092 0.09462386682473073 0.08614781352283257 0.07429339404927021
370 585887.0 0.09269411792221588 0.0811124941648181 245508.67252784153 0.06967962708090909 16213739.508675655 0.10283346315028638 0.09673898906710264 0.10063312518527562 0.09468087820592698 0.08619417360819975 0.07439434143504596
380 605353.0 0.09274636448232786 0.08114470689127426 245406.54313587947 0.06984096131591014 16417675.478345009 0.10283913722554353 0.09674871436971909 0.10069091098912486 0.09473496765524665 0.08625920739893275 0.07447437087673063
390 621016.0 0.09281386368233539 0.0811814612577723 244911.34914050114 0.06999422883916112 16623388.010677349 0.10283913722537877 0.09674871436979235 0.10074585283659927 0.09478647012876401 0.08632662745639218 0.07455527625861962
400 633962.0 0.09287577632235522 0.08294184378249257 244539.3710521731 0.07014024051044054 16830794.21336237 0.10171687856898687 0.09698619795831767 0.10077007475584401 0.09484132621634887 0.08633322223981904 0.07627754298024929
410 650714.0 0.09289423563170711 0.08304948443535096 245085.50897989588 0.07027929924499236 17040930.788027015 0.10171687856898692 0.09698619795831856 0.10079311134497157 0.09489351287673736 0.08637409066456761 0.07635557197304729
420 670924.0 0.0929222785149618 0.08307807057480901 245089.4937489035 0.0704118901314255 17252941.703366887 0.10171694562238408 0.09698623597959777 0.10081505435567822 0.09494322081241968 0.08642375043021668 0.0764240138548282
430 692504.0 0.09310266278858437 0.08326050448964337 243788.02100231845 0.07053853566345752 17465033.973369833 0.10170773093184476 0.09697771538339374 0.10083593360384671 0.09499062192157853 0.08653110203320087 0.07652822355311183
440 702591.0 0.09313199686871271 0.08336354288657699 244182.127395637 0.07065938409446336 17679262.013834137 0.1017485658860055 0.09699153570536731 0.1008558302729715 0.09503572458978544 0.08657798448694494 0.07665837597570736
450 715623.0 0.09343255711373828 0.08389843365478086 241869.75797213727 0.07075854775726435 17895726.719144188 0.10158520944432295 0.09566343132979364 0.10087484318434568 0.09507325970105877 0.08683234115553785 0.0772295992404132
460 748350.0 0.09345870885275075 0.08404495560163079 241809.12672078918 0.07085905541634976 18112092.019735143 0.10168741101398529 0.09613020745430428 0.10089091745264134 0.09508909248307867 0.08686830902124736 0.07730126976982185
470 765775.0 0.09352228473206957 0.08407096335812378 241395.8731421861 0.07095537525630663 18329149.56545969 0.10168741101399707 0.09613020745431164 0.10090782814396508 0.09511119683490944 0.08692303054086545 0.07733958129177654
480 779814.0 0.09363282830671249 0.0841104837659993 240798.8838880376 0.07104776367422443 18546603.868913367 0.10168750131028176 0.0961309635461095 0.10092403737757552 0.0951323962341197 0.08700285571875951 0.07738652295062343
490 799024.0 0.09365362610046796 0.08413511630764227 241485.7399181136 0.07113645655542551 18765921.59862428 0.1016875013102797 0.09613096354609926 0.10093958654117458 0.09515273365391567 0.08703751511050563 0.07742250676868012
500 814010.0 0.09426147028916604 0.08434327281690973 237176.35487703382 0.07119268376944937 18987967.207596716 0.10215440281491356 0.09594178088271117 0.10095917374212622 0.09517036631035397 0.08711223286937661 0.0775065258411926
510 837732.0 0.09444308978318372 0.08440053595994763 235949.0756231681 0.07124674839831847 19209264.069381677 0.10215438672275144 0.09594174632681648 0.1009825636889287 0.09518546235659577 0.08723345438755993 0.07755543127983525
520 859019.0 0.09457773870242017 0.08442561048153875 235194.43632816128 0.07129877285251325 19430311.42909599 0.10215439431092671 0.09594202020243627 0.10100505572181602 0.09519998636063029 0.0873352669060113 0.07758479361782669
530 887095.0 0.09467504896718841 0.08445084779730574 235393.88290004391 0.0713488704750712 19652143.66991991 0.10214124154179592 0.09594019421799764 0.10102650541328137 0.09521393482539607 0.08739844695625522 0.07761251847550066
540 910023.0 0.09472308034191529 0.08453933210215853 239125.0535959224 0.07139714636589976 19878659.26192667 0.10214124154179771 0.09594019421800862 0.10104711051732045 0.0952273592134295 0.08743606174105147 0.0776666055654023
550 919833.0 0.09475672747233908 0.08456082313738236 239761.34935655564 0.07132838780482316 20139666.31981461 0.10121374435054568 0.09540045903832718 0.10105655754519828 0.09523424473048038 0.08744908843967593 0.07768071671273688
560 931464.0 0.09478526978983956 0.08461281392575369 239623.82950361585 0.07126204182483695 20399890.625770073 0.10121563364973823 0.09540107053406789 0.1010593931924971 0.09523721846720688 0.08746544941292478 0.0777029945504691
570 950334.0 0.10055852669646476 0.08539471698005176 200638.4748465571 0.07119798363726405 20626161.15646979 0.10151812434635847 0.09487388566584663 0.1010653079888784 0.09523454843473299 0.0903680015101266 0.07819314584760063
580 958136.0 0.1006421685458367 0.08544025823401448 200473.7440767099 0.071133879805083 20852458.408386048 0.10144881004089334 0.09377208372276356 0.10107295533734982 0.09522290952761804 0.09041492132379832 0.07820773146836811
590 967324.0 0.10070966024093042 0.08545571728194302 200187.06568695072 0.07107191276730798 21077740.10711632 0.10144881004089781 0.09377208372276216 0.10107931497700379 0.09519836086763744 0.09044963343521971 0.07819633097543317
600 980777.0 0.10099498166818024 0.0961207396477724 198736.79713971986 0.07098907663164793 21311225.820418943 0.09603700944005894 0.097419666418649 0.10102261969881543 0.09521726093082539 0.09062369485447297 0.08460825239261402
610 995756.0 0.10107964749275546 0.09622501575919074 198352.7787199131 0.07090891262939626 21543438.700258333 0.09624405232488797 0.09750753329534763 0.10094339370140075 0.0952543135029934 0.09057385743534309 0.08467258902631712
620 1010658.0 0.10114335335037504 0.09628759280015248 198070.9949022799 0.07083129351610497 21774497.859088644 0.09624397864514163 0.0975075002311439 0.1008677194118545 0.0952905970134952 0.09051342506148653 0.08471392823520148
630 1030459.0 0.10117962625762608 0.09630645538782817 197906.17385897407 0.07075610000010399 22004533.529154845 0.09624182244391034 0.09750740308167305 0.10079440911762386 0.0953257280627619 0.09046133658653388 0.08475807763254985
640 1047433.0 0.10126394361625625 0.09633737043466346 197575.19426455567 0.07068929401565785 22230638.880068343 0.09625270531272796 0.09750800784025451 0.10072348892946405 0.09535976823605707 0.09043417808632027 0.08481695696523481
650 1058858.0 0.10127333697192879 0.09636275946263828 199187.13300410775 0.0706245124549828 22457325.51735358 0.09624623411626815 0.09750597387793347 0.10065479968086656 0.09539275924535215 0.09037010397283786 0.08486731937857539
660 1079897.0 0.10129745308209887 0.096379473475992 199407.9444763885 0.07056144411520753 22683574.992056515 0.09621919001676027 0.09747200152709169 0.10058773656995904 0.0954242658921142 0.09031075154096593 0.08491559989096227
670 1094871.0 0.10270356489823763 0.09744193451635517 191595.78429718036 0.07046305606582036 22921100.513314024 0.09416641730498401 0.09711121994850729 0.10051031173030096 0.09545240371222882 0.09128279874646944 0.08581070623565583
680 1108507.0 0.10272467391928032 0.09746465048348667 191510.29597034885 0.07036751984395166 23157484.639855206 0.0941668362736834 0.0971112203712442 0.10041715923483728 0.09547676225037392 0.09120512528398644 0.08585443803322515
690 1117145.0 0.10302667248270557 0.09760505382157535 190030.48258865182 0.07027471322842206 23391714.934474584 0.09416725756123841 0.09711122079627253 0.10032671081325832 0.09550041577368643 0.09120482866935753 0.08592950877218669
700 1122841.0 0.10305735635326042 0.09763348026326454 190083.297481251 0.07018452088375245 23624971.01804734 0.09416725876317536 0.09711122128090217 0.10023884416146797 0.09552339445286351 0.09113389502410425 0.08597451806903873
710 1146399.0 0.10431114423290143 0.0982985988164924 183429.16397211293 0.07012102945864543 23839275.35577975 0.09451850351523003 0.09731034992878634 0.10015789546164174 0.09554824773603705 0.09195793455548197 0.08650608796396252
720 1159213.0 0.10434567489217976 0.0983044215273853 184359.59257785513 0.07000384340084942 24084165.791439068 0.09364836301281068 0.09709052321363519 0.10007726936585273 0.09557207952240089 0.09190305154024025 0.08653814867286903
730 1174968.0 0.10454525762446311 0.09866758879148849 183385.07068277468 0.06988997500322804 24327069.43932488 0.09366033652020159 0.09710034608265032 0.09998940452865232 0.09559291885380646 0.09184867460791299 0.08654475485716813
740 1196372.0 0.1045608849028317 0.0986892645075211 183450.47556498236 0.0697791430962099 24568818.61554144 0.09366033652022548 0.0971003460826503 0.09990399200492178 0.09561326200129429 0.09177189124065183 0.08657013809667978
750 1205833.0 0.10462949533546524 0.09873356866514633 183242.16401435307 0.06967122781832381 24809259.767185066 0.09366033652029333 0.09710034608266131 0.09982085411564538 0.09563306338719789 0.09171479695080545 0.08661525096258516
760 1221802.0 0.10470045500512702 0.09877400939978799 182931.54991216827 0.06956611553466853 25048353.849101827 0.09366272401573031 0.09710117826189117 0.09973992942642769 0.09565235421054556 0.09168572102342233 0.08666580241249772
770 1239888.0 0.10474117585834249 0.09911870111767612 182759.28232406263 0.06946369843777364 25286227.25880117 0.09366172994067036 0.09710116724931973 0.09966110579483267 0.09567114569367906 0.09162417753882925 0.08701767021295076
780 1261158.0 0.10486265062278105 0.09913876175023856 182256.40419131593 0.06936387417877483 25522677.99936809 0.09366172994072981 0.09710116724932749 0.09958428920259058 0.09568945582883456 0.091589294950003 0.08705043649989345
790 1274212.0 0.10487472855208001 0.09921657219373214 182409.19857677066 0.06926654552625097 25758193.479784485 0.0936617961082541 0.09710155719800062 0.09950941610384545 0.09570730698204367 0.09151954759717236 0.0870829407630958
800 1288946.0 0.10505806252165215 0.09933052252402641 181699.96949341867 0.06917162005033264 25992194.9185535 0.09365103166649312 0.09707855851365763 0.09943626628259922 0.0957244180771566 0.09153011833769387 0.08715289486480166
810 1300814.0 0.10505852055798191 0.09936988784322173 182017.57353930085 0.06906014240719875 26237351.9629069 0.09328911291391848 0.09690362307825605 0.09936091533940046 0.09573917391617795 0.09146022288676751 0.08721053996918729
820 1318926.0 0.10543811984414526 0.09949424121957161 180181.06108373415 0.06895058593533152 26480684.019518413 0.09327129413214713 0.09689664920444915 0.09928678552879265 0.09575328926408339 0.09150523348357213 0.08726354695304743
830 1343338.0 0.11074453891288809 0.10177350637133759 156770.6860035536 0.06887163711928222 26687657.42958678 0.09353618058199326 0.09722207136364433 0.09921567196902484 0.09576861452044987 0.09574940491489108 0.0893146980967681
840 1359564.0 0.11076363954591266 0.10180205967768632 156739.92961142087 0.06879454592243409 26893654.56700236 0.09354993481615924 0.09724712738232869 0.09914825385460009 0.0957861055556018 0.09569736666500867 0.08934885230912981
850 1374277.0 0.11087599337049926 0.1020048629371672 156315.6860985079 0.0687192475441173 27098407.85116418 0.09355095797683165 0.09724741864656997 0.09908247708813742 0.09580327624551592 0.09566561411839732 0.08944966330642617
860 1394668.0 0.11093974796268573 0.10203806514226982 156143.89316599388 0.06864619802838746 27301767.450289417 0.09354946830969127 0.0972443409815149 0.09901822315149515 0.095820031223083 0.09564862368198639 0.08948631648253827
870 1414822.0 0.11100452458717566 0.10209697070723456 156167.42985920387 0.0685748087289242 27504270.439146686 0.09355021984826319 0.09724436265711961 0.09895544111928824 0.09583638388068796 0.0956138315569621 0.08952525290662264
880 1430706.0 0.11107966710668668 0.10224077788361594 155978.32998360417 0.06850502368338146 27705780.33468332 0.09355121510027542 0.09724437554261631 0.09889409351832322 0.09585236555173428 0.09556810724776806 0.08956089171211755
890 1444798.0 0.1112689797097289 0.10256965951393004 158277.4464023084 0.0684425159333309 27904219.8357371 0.09352072606358669 0.09626789385112938 0.09883394892670115 0.09586141759108181 0.09560264545220706 0.08971528763979504
900 1457515.0 0.1114930600620877 0.10265776016100608 157550.65146807127 0.06838329744748481 28100025.773258097 0.093554154639423 0.09627145448181636 0.09877505073217037 0.09586593671713245 0.09570384366267078 0.08976008792616251
910 1475204.0 0.11150745275832932 0.10271500186451785 157572.93658401948 0.06832536632002668 28295148.64825572 0.09355414582445463 0.09627145445771218 0.09871774121543873 0.09587038806468774 0.0956534580547098 0.08978238389559137
920 1500009.0 0.11160472508943624 0.10273584307721073 157168.85617903073 0.06826868102326657 28489271.22622578 0.09355414582457185 0.09627145445771378 0.09866167611890372 0.09587474274865113 0.0956425608203859 0.0897958429989736
930 1510394.0 0.11164563009864936 0.10278970070931974 157460.58131800056 0.0682132017966503 28682959.281959184 0.09355435601769639 0.09627095886335901 0.09860681679483256 0.09587900231554633 0.09559689143482138 0.08982462511881349
940 1521851.0 0.11269080400119638 0.10330538914892673 153289.2308629424 0.06815889055375227 28872694.15420294 0.09355764334776254 0.0962720941406826 0.09855357994263879 0.09588335920457997 0.09628054376392359 0.0901839451662542
950 1540368.0 0.11293377834618562 0.10340907164672561 152359.10958305254 0.06810571079508126 29061045.502326667 0.09354338652847984 0.09626964073367095 0.09850093733035054 0.09588742805589442 0.09631321886719746 0.0902264566448209
960 1561123.0 0.11295324472648638 0.10343431307508467 152703.3847806215 0.06805385663496415 29248874.008830115 0.093544362072666 0.09626685334134585 0.09844935701899839 0.09589138499141106 0.09626901074084522 0.0902421099821265
970 1578753.0 0.11295696156478156 0.10347019977743027 152801.01694845577 0.06800306072301268 29436169.53022198 0.09354431628069283 0.09626676992237608 0.09839884180786851 0.09589525121135602 0.09622253033433491 0.09025212887824122
980 1591853.0 0.11298351413139399 0.10349003252743902 152776.2973350013 0.06795329099110065 29622850.348194066 0.09355111649301798 0.09627203846719214 0.0983494037106109 0.09589907607749557 0.09619274844647945 0.09027174444235811
990 1606446.0 0.11299923000269121 0.10350560203527742 152814.20951976816 0.06790450965898125 29808986.858346865 0.0935511607682734 0.0962720664985704 0.09830098540820503 0.09590283979162958 0.09615297820020652 0.09028398225951638
1000 1623564.0 0.1130073176450714 0.10351288122666015 152905.21116510444 0.06785525593919654 29995684.484036524 0.09353222604618999 0.09625309138344482 0.09825339621028029 0.09590638253894256 0.09610857483037209 0.09029162390434668
1010 1636585.0 0.11306893234342688 0.10354441770761647 152699.63592508066 0.06780696797862332 30181652.193541296 0.09353210900854593 0.09625271172193894 0.09820669732833397 0.09590980861187302 0.09608837586116951 0.09031021434426076
1020 1651591.0 0.11309481292158091 0.10356377247278338 152675.63007529243 0.06775961764835249 30367048.553079423 0.09353168772093794 0.09625271129691289 0.0981609092041554 0.09591316711067367 0.09605564706033681 0.0903165682641331
1030 1666860.0 0.11312297401673913 0.10359135758051746 152655.55830878345 0.06771325150417058 30551835.64780217 0.0935272879481599 0.09625471048499057 0.09811599130423736 0.0959164834434045 0.09602549407167246 0.09032518368617089
1040 1691941.0 0.11315551666938252 0.10363842958806005 152631.9477822702 0.06766776852463978 30736078.886549223 0.09352571680016782 0.09625375037901227 0.09807190126710941 0.09591972848315894 0.09599798561543157 0.0903337424156488
1050 1712570.0 0.11317354994281523 0.10380918374909084 152683.12159680197 0.06762314371453408 30919851.199318867 0.09352571680198787 0.09625375037928294 0.09802864546820264 0.09592290661727948 0.0959682391009564 0.09041278114674683
1060 1732773.0 0.113174448371477 0.10381141274445498 152779.02592162671 0.0675793530130285 31103201.317498043 0.09352546498212437 0.09625341190144261 0.0979862033873051 0.09592602266131305 0.09592902879003602 0.09041941587836655
1070 1748243.0 0.11318916663871498 0.10382236867403077 152900.41674015656 0.06753637325043968 31286162.150170982 0.09352365020949062 0.09625192511380132 0.09794455145987292 0.09592907777656293 0.0958929838713608 0.09042742589147856
1080 1765261.0 0.11356186947133155 0.10388535606219582 151474.32580303124 0.06749418210734791 31467489.57923533 0.09351876783325254 0.09625192018817762 0.09790361440724592 0.09593206429741566 0.09601685483512949 0.09045495354500888
1090 1779568.0 0.113590937307851 0.10390161992181847 151448.16803257802 0.06745275807594871 31648326.96710684 0.09351681069861438 0.0962470756503741 0.09786340796641527 0.09593495231186397 0.09598394294317981 0.09045967774628262
1100 1801642.0 0.11363049679591264 0.10396059671803844 151324.99146568016 0.06741208042349364 31828606.10971992 0.09351681069908899 0.096247075650718 0.09782392933546477 0.09593778721957157 0.09596610442823644 0.0904602065356043
1110 1818776.0 0.113639901722479 0.10396635668060247 151360.69733706766 0.06737212915768953 32008466.693010025 0.09350364960892772 0.09622415047350862 0.09778506550587296 0.09594039831124765 0.09593852948474423 0.09046958486738772
1120 1824674.0 0.11405426265158848 0.10547165334106982 150001.1641999227 0.06733950204191927 32181743.95674599 0.09301731432413089 0.09607915031802167 0.09774485448820293 0.09594227545021942 0.09625875889172997 0.09178685041975478
1130 1838802.0 0.11409423775479212 0.10560072805448556 149998.19001321527 0.06730744733168884 32354654.865047146 0.0930173143241509 0.09607915031805005 0.0977030548404216 0.0959434856612522 0.09622947898929904 0.09182061755079989
1140 1857591.0 0.11413946351145242 0.10563450298041074 149907.57499822773 0.0672759500946798 32527133.48665811 0.09301731432398515 0.09607915031792956 0.09766198787708753 0.0959446746591198 0.09620349543765731 0.09183334991477912
1150 1866898.0 0.1141836045253748 0.10567922787099672 149773.44780597326 0.06724499591348126 32699150.727252834 0.09301604283697867 0.09607748946975622 0.0976216315117607 0.0959458396564046 0.09616182397566088 0.09185100069590728
1160 1881505.0 0.1142002205189787 0.10570223885374228 149773.60567950475 0.06721457086358527 32870828.371144548 0.09301601408238495 0.09607643584826007 0.0975819620963411 0.09594696429575358 0.09612984017660127 0.09186604563095625
1170 1898256.0 0.11523326030673994 0.10878867754103147 145827.12989440095 0.0671918092748206 33033304.028179836 0.09316104527786001 0.09652083233188685 0.0975437063298619 0.0959503365705324 0.09693103218922662 0.09440933016541111
1180 1906397.0 0.11540574277709573 0.10904164853165949 145209.47014053146 0.06716959229262899 33194850.116454426 0.0931606116291328 0.0965168571576169 0.09750659242326679 0.09595513348765786 0.09697120343089713 0.09452496214070444
1190 1923111.0 0.11559325394313211 0.10912308773743458 144681.29227350623 0.06714774559347392 33355675.623215243 0.09316061159450217 0.09651685348544481 0.09747010224024769 0.09595984988818482 0.09701368771626812 0.09455741975111505
1200 1935286.0 0.1171178180069731 0.11122939307715721 139119.46103389544 0.06713464140526562 33504720.707609374 0.09299014891805975 0.09657261431164096 0.09743389546428292 0.0959645945978787 0.09732959234537672 0.09593838454314438
1210 1950447.0 0.11714352424759081 0.11123879799155935 139078.98878813424 0.06712175203981485 33653572.92270213 0.09299014891796505 0.09657261431162603 0.09739720061253825 0.09596961540476354 0.09728688839844452 0.09594417357888722
1220 1968578.0 0.11716471535559825 0.11124536127175504 139228.7483098374 0.06710907225754213 33802413.195549816 0.09299014876808304 0.09657261429970228 0.09736110682232939 0.09597455397069071 0.09726169041933118 0.09594946134197138
1230 1981859.0 0.11717546700893897 0.11125821628006693 140031.27880993267 0.06709636131441163 33952036.22958972 0.092993381953726 0.09656931245686894 0.09732560734132943 0.09597940425681604 0.09723092565707558 0.0959613613849796
1240 1994240.0 0.11731488258589914 0.11128736649924742 139890.3921866847 0.06708385374637121 34101381.39680446 0.09298774919979774 0.09656929701423836 0.09729068457570672 0.09598415771021865 0.0972659031480196 0.09596957919423159
