1 82.0 0.16447225519076278 0.1369002521232926 32331.257978577523 0.16447225519076278 32331.257978577523 0.38880388894017265 0.2609082598611277 0.38757344923136927 0.26088891493834354 0.16447225519076253 0.1369002521232933
10 24569.0 0.16451928243867742 0.13697019184142453 33402.06873219175 0.16048063694868847 65770.80866844418 0.39084582194077483 0.2616906996807421 0.38947496383764996 0.26140749425365484 0.16402411770411768 0.13687332222721307
20 33283.0 0.1696813716303322 0.14000905311737966 30578.934811730353 0.1593744745970855 96470.33372712143 0.37676651070076217 0.2602704890177198 0.38717318357266645 0.2612017568310561 0.16811945929986002 0.13959794321124197
30 63492.0 0.1706365348930666 0.14541482269780986 30719.284211572656 0.1580581947377787 127369.26828804203 0.376734374598103 0.258553800655224 0.38387245639831097 0.26019382424184667 0.16815338681154215 0.14220745151389064
40 82127.0 0.17679386205604167 0.14854115877688112 28625.34179351293 0.15818422320592176 155965.5355315805 0.37606432986931454 0.25992818776277626 0.3821288917966018 0.260115355260513 0.1737129036484234 0.14348276977521932
50 103590.0 0.18132688630981947 0.15220776377463058 28631.660809989993 0.1586048956758806 184516.15748142172 0.3778879402747254 0.2589033374053518 0.3812451557118403 0.25988498537731486 0.1760477607209582 0.14541256925849166
60 112409.0 0.18639888810884003 0.16309360726782215 26779.271420644654 0.15787597100612066 211688.3593496795 0.380602147877696 0.2521046426037683 0.38074825416564084 0.25933296597405925 0.17818097651192405 0.15132542948507172
70 137558.0 0.1863990478313704 0.1631001886374696 27850.076540220332 0.15593236652785702 240835.65969791965 0.37517009145285696 0.2504320755158489 0.3799959730055399 0.2580839146253623 0.17768282635629998 0.15027505169577957
80 152668.0 0.19669364049203647 0.1653166583249267 23690.305022130873 0.1562004619801088 264281.72030950163 0.3823645129091785 0.2511457949042299 0.3801029738182734 0.2572301628888209 0.18506939405668635 0.15108462228445357
90 172454.0 0.19724789468945583 0.1659959683799607 23602.423271934953 0.15639739898632202 287701.945864167 0.3841879373379477 0.25209589258261283 0.3805317953549355 0.2566501633467595 0.18518128140869766 0.15094849726747173
100 203848.0 0.19726477733911074 0.16613836610567123 24174.284569326708 0.15656909544418418 311737.69288827485 0.3843172499804766 0.26049078982691387 0.38090305884691844 0.25677706607267453 0.18515123939108075 0.15067941529747153
110 220539.0 0.21711764257021643 0.1750683672924665 18865.519208057496 0.15789197226738033 328568.6371331857 0.380546186828693 0.2603154101530748 0.3808722131588605 0.25710211030790003 0.19909663644759854 0.15683328316403683
120 245518.0 0.2319261751112601 0.1846340434629071 15658.836579032017 0.1581912675225077 343468.9395411687 0.381215374294651 0.2607684310416718 0.380927489553366 0.25742756276915135 0.20746116106255358 0.16256985887886785
130 264009.0 0.23486170414894297 0.18842784639649005 15165.268129291027 0.1587829632355698 357143.0396146087 0.38253109614880093 0.2620848406378597 0.38105007358062765 0.2577716652856318 0.21010697876920081 0.16590895930028104
140 277572.0 0.24530018935790274 0.1892748632830138 13730.191844063293 0.1597908773772409 368162.0632843629 0.386979636088865 0.2626734863085817 0.38120941079900394 0.2581370401506474 0.21627379669121108 0.16650567826896578
150 295115.0 0.2555351160058037 0.18929278936838836 12215.467271527297 0.16063390053960241 377765.877615485 0.391862757320813 0.26572237060379367 0.38172094392939876 0.25851823384838246 0.22434670587540329 0.16641176815510575
160 322193.0 0.2660757164526115 0.1995394948501425 11020.115927019344 0.16151592437589168 385820.89378227526 0.38855400553786706 0.26443806383763035 0.3822515026751382 0.2589477971227855 0.2317304697869297 0.17353590465549554
170 337923.0 0.2878897214136801 0.20104996018727297 8756.72836879238 0.16362119349138957 387047.9410421274 0.3918062871661576 0.26769049711711934 0.38269242573523976 0.2593467491901935 0.24629935364576844 0.17414418125015335
180 357135.0 0.29370969239201633 0.20376718479723238 8338.264579176044 0.1664218023769213 386339.6265744785 0.39034527303028854 0.2657465681061478 0.3831207843096508 0.2597583868410557 0.25145963074451116 0.17643877301340766
190 376423.0 0.31017923845158374 0.20466702077574614 7091.29902847058 0.16948142322733686 383037.32880896365 0.3894185204011071 0.2687036882822404 0.38365309662116615 0.2601066639598127 0.2646696319877127 0.17753608725826833
200 394406.0 0.3205234911125326 0.20794416669653798 6610.771674261332 0.17109323348712496 383488.11829080543 0.38944867946674294 0.2681531712153924 0.3839386657925857 0.2605222656295176 0.26992831259788413 0.17955327902031978
210 410594.0 0.34868588113061855 0.21549120388128068 5138.366046985333 0.1726176643224975 382068.33698802843 0.3924530483812265 0.26530390526095876 0.38429826115256643 0.26084007426001865 0.28548001656195593 0.1847663952315607
220 436908.0 0.35823442227852964 0.2225924467704469 4789.8253408751425 0.17382805154807976 381566.5116446517 0.38539833520674505 0.2575096363918761 0.3843939515493088 0.26084494402918174 0.29341564991123664 0.18901975163497794
230 448147.0 0.36009077687121827 0.22589188572961885 4729.5878960436685 0.17467788086593083 382584.34610553714 0.37974414479861623 0.2567487683435174 0.3843322321293649 0.26067148234573395 0.29297206542302784 0.18993577935061756
240 467379.0 0.40087493011234954 0.23694351177875103 3457.996925333107 0.175150656139151 383709.199591285 0.38949950774602343 0.2641967320963553 0.3843423773199776 0.26062668144421186 0.30472093128894234 0.195480547218168
250 487972.0 0.40359951401889904 0.2389807514033465 3473.795786713248 0.1755707437467442 385132.4012677022 0.38912066707337734 0.26375623331008335 0.3845369860298444 0.26076243142939337 0.30719273122150104 0.19779863751850138
260 506125.0 0.4068463684647844 0.240171565313803 3446.1942634992565 0.17601666768385324 386423.3381796259 0.3916825735123225 0.2641493266615798 0.3848009475945412 0.2608906914254485 0.3083443894114171 0.1983697804431491
270 520296.0 0.41229661517928207 0.2554791776383938 3324.717100827957 0.1764323316918278 387734.3553586975 0.3927954051589072 0.26137290162134347 0.38507662579929613 0.26104848752119325 0.31123840442688344 0.20476209631759995
280 531631.0 0.41428060948380635 0.2588846673737821 3282.105035712027 0.176518061043284 390595.2638138026 0.3882127492128367 0.25876228127873696 0.3852556643677114 0.2610132789077382 0.3129191814208755 0.20818289806917634
290 543945.0 0.4146546689798538 0.2592910430055339 3370.361682396614 0.1766336865338441 393405.034133698 0.388656136312395 0.2592428051666584 0.3853524843374693 0.26091162325884837 0.31324097700244113 0.20865646406060837
300 562455.0 0.41968021242040215 0.26882693651557416 3375.694936071565 0.17655535374469064 397164.2160696932 0.3829217899887112 0.259468980335949 0.3853893851639677 0.2608599990151931 0.31678474852646 0.21326428782002302
310 576205.0 0.42885014697455065 0.27022506108336614 3191.9542597277036 0.17629073553656205 401695.7556728917 0.37517029280540576 0.26104875296602503 0.3851412249396335 0.2607354209928829 0.3199672167717552 0.21328368637111844
320 589838.0 0.4332058648673862 0.29373865999295884 3108.4565465439255 0.17605424308767081 406017.4512546969 0.37206929560061075 0.24886155378264876 0.3847397321497285 0.2607082407188301 0.3212741990727732 0.22773686103236832
330 604901.0 0.43339399724650723 0.2939167380990343 3107.467098654052 0.1758282703363023 410290.6147921716 0.372011063282786 0.24883156671454848 0.384355163201809 0.2603494229987592 0.32115186749323754 0.2276504201874713
340 627010.0 0.44009701887576147 0.29988996729073975 3023.006540641293 0.17553286408257093 414867.78856492345 0.37177087651213236 0.2598983415003405 0.3840146657341525 0.2601610537104774 0.3225294205615535 0.22973572917887955
350 636086.0 0.44853805180188727 0.30001786657731233 2862.0840396918184 0.17546903881830186 418068.2861343965 0.3739996893349189 0.258291511581364 0.38372174379408386 0.2601314400272938 0.32614867202388226 0.22964783233160435
360 653506.0 0.4513879425373424 0.30444879654136825 2892.573887852342 0.17534719827729972 421608.5262880557 0.3735549725734678 0.25926602969133994 0.38342187589178256 0.260081549004075 0.32697724270557876 0.23069872568839503
370 675799.0 0.4630946286970146 0.3100115982210858 2734.7336955896353 0.17537650246766348 424186.033376958 0.36214975475646227 0.2592455942133419 0.3830286405440382 0.2600636350060751 0.3361797494741642 0.23431307933821585
380 696784.0 0.4739537593726795 0.311183281543314 2562.3604382201697 0.1754023598735155 426606.87460526236 0.3609575611968434 0.25601687030711445 0.3824912199754707 0.25998684046002984 0.3408318016782916 0.23498230915230886
390 724909.0 0.4740564830322493 0.3115070899726784 2574.1052144977457 0.1754767792564619 428776.1033103998 0.3603898159615008 0.25583703134104213 0.3819317329524985 0.2598825209607003 0.3403949159343042 0.2349047360595828
400 749213.0 0.47443269240676406 0.3117070923135731 2584.0544829350088 0.1752186759084122 432798.1621174393 0.35992455200337203 0.25609160732314806 0.3813902264405414 0.2597867275174471 0.34006075604916325 0.23490339160264814
410 771059.0 0.4793695518590427 0.32277754996746244 2527.542869545479 0.17477084032607007 437891.8598137808 0.35761551907160494 0.26128602219902186 0.38083441937084517 0.2597307666908933 0.34077052355945264 0.23832746464567006
420 782598.0 0.48391322796141767 0.32432823405178657 2459.008094262395 0.1744527769518868 442189.91136929265 0.3574968037615065 0.2617319570953608 0.38028235929092247 0.2597704524912272 0.34353802090283436 0.24009275111303752
430 791966.0 0.48633442983353425 0.32946489711594146 2474.9084028987363 0.1740836157667676 446821.968160545 0.3536032587535564 0.26250942681590095 0.3796584136869217 0.2598003855500908 0.3443801778359349 0.2416836625711304
440 821847.0 0.48723779990724964 0.3322376533056736 2463.648948966109 0.17374350227701843 451290.0179611416 0.3540633968258568 0.26447967961160657 0.37907680514697223 0.2598888108150838 0.3445507452921257 0.24311437914049958
450 831771.0 0.49386107418290237 0.3350008276094158 2384.90205301245 0.17340351395369327 455715.21437589667 0.3600154889158718 0.2685505527079658 0.3786309533057543 0.2600154340282986 0.34650849504858766 0.24449566575961737
460 841097.0 0.4961099717467052 0.34710322098412305 2370.791242134512 0.17279705191827605 461847.51642584114 0.35485536196750933 0.27026729190888615 0.37811350508978125 0.26022518489757 0.34701060015247187 0.24931121206092757
470 852982.0 0.5142150208494931 0.35765290905205893 2145.487219474365 0.17246052797640274 466120.1817169114 0.3611774060010772 0.27194500905853636 0.37767980813485225 0.26047015701290505 0.3503082049558503 0.2557169973608058
480 869254.0 0.5155196566331077 0.358423352171768 2161.3906268023907 0.17204199255703356 470963.3480679715 0.3586323405473908 0.2719995809472705 0.3773211093473308 0.26070375933593815 0.35068601383654646 0.2562068482099339
490 888379.0 0.530877800173549 0.3586710780466247 1975.5576853331406 0.1717922990480536 474569.4824658663 0.36183043235390555 0.2712782454967706 0.376973221237936 0.2609264735209651 0.3579716413105247 0.25662491476771415
500 900993.0 0.5345691130056317 0.3587952417391101 1936.1695495679617 0.1715523754005424 478088.900625724 0.3629185710782732 0.26941673988278086 0.37667740733309674 0.2611219208111439 0.35831901211971895 0.25674081754875094
510 934891.0 0.5490579008945936 0.3634678042335508 1801.6136891767255 0.17147508027775066 480405.6678930251 0.35657975749321336 0.2679450062406126 0.37632117957927635 0.26127849656653335 0.36556785756135973 0.25960199840403625
520 967432.0 0.5511592137279738 0.3659473320535678 1795.9873403984043 0.17143926800248674 482440.16606966266 0.3574785220654953 0.2678895524346487 0.3759447689932601 0.2614073396230294 0.3670400296858008 0.26119594185130196
530 996305.0 0.5670763050187714 0.36874232742256813 1652.3951573986644 0.17141557528037937 484253.4056432112 0.360518050777768 0.26742751606578796 0.37561342712833895 0.2615291383443013 0.37565057065044877 0.261506513193785
