1 2280.0 0.222973184668589 0.23066478511709682 14633.793714366398 0.222973184668589 14633.793714366398 0.7154835240680201 0.6373144815691192 0.7144064382327073 0.6368896291067863 0.2229731846685884 0.2306647851170964
10 16734.0 0.22589107327899716 0.2335562108395091 14319.376963137025 0.22424156835472348 28950.63323769943 0.7192745457563783 0.639206003037599 0.7163283537535732 0.6377520250958952 0.2255665245264852 0.2328658554349655
20 40106.0 0.22985447739072637 0.2336985270609982 13930.75057477878 0.22459400054532094 42876.99928477106 0.7274429512374728 0.6406798397948724 0.7185964069380114 0.638778288328927 0.2284824014004911 0.23302240775911068
30 54105.0 0.23076957202580275 0.23430525020576948 13784.303083460854 0.22446703253863118 56663.976606091965 0.7248602032334955 0.6361556230728539 0.7206372982628345 0.6380606962385652 0.22943568152095983 0.2329668382890476
40 69025.0 0.23590696652045587 0.2429334047914157 13231.054461724434 0.22452514512732497 69892.25036417309 0.719981063540847 0.6324151671773058 0.721118146579378 0.6370589426279825 0.23360977353391718 0.23976038414357337
50 84575.0 0.23949069797295036 0.24311927266194533 12796.352003448026 0.2250378528073902 82654.94971275685 0.7226305691708224 0.6297972729318075 0.7214682884566704 0.6356014581728261 0.23569073958009923 0.23950078619120968
60 106720.0 0.2467418822607949 0.2574642222843956 11930.30609706615 0.22540359206665245 94536.37787031 0.7269822418712341 0.633623523068541 0.722008635626153 0.6351036623486821 0.24073336377334106 0.2490289898962638
70 123714.0 0.26012777515815105 0.2816604788949013 10378.569656755668 0.22671087374117455 104601.68736445536 0.7180513035543735 0.6341569773923803 0.7215601690595514 0.635056020918651 0.2503702980995403 0.2628706897882086
80 146551.0 0.268721105650893 0.2831322126057843 9670.809813063073 0.22761150894054102 113988.35300477756 0.7283915839429593 0.6380812652358923 0.7221256424450182 0.6353493869383907 0.2526006898146874 0.2635068995607398
90 156478.0 0.27146313464122007 0.2942415278626901 9652.400603852044 0.2280768223079214 123489.08850395631 0.7293411795378743 0.6414649400928393 0.7228774500413703 0.6359595381945833 0.25478463038691573 0.26990985617568813
100 171772.0 0.29409339085546965 0.30412250309876243 7627.209886933678 0.22967237873360113 130275.60118907389 0.7461950365399188 0.6456184076799745 0.7242243705252881 0.6366275607962162 0.26796962962715504 0.27542609630592785
110 188881.0 0.2954536750246286 0.30640989596714496 7814.894906438637 0.2301889314708809 137813.98872060303 0.7599405225770799 0.65549710109917 0.7265871632804404 0.6378610662627591 0.26957494238186513 0.27657675708531604
120 202965.0 0.3071080411844228 0.3099433518798046 7082.178850055312 0.23057105189900204 144648.0649041606 0.7684105852573683 0.6568890134115609 0.7294849199541207 0.6392457410003897 0.27977824557898234 0.2779822484161032
130 216757.0 0.30916112697601666 0.32074580810649017 6956.595178542455 0.2310111224744735 151314.99259492007 0.7590610551224237 0.655098753479813 0.7324523773246728 0.6406390469899179 0.2818119163592225 0.281285478425042
140 226658.0 0.32213594937255813 0.33547274402498084 6216.309331172964 0.2313087078812786 157294.71614738376 0.7736399661015564 0.6680015826183349 0.7349056245870035 0.6422379620031389 0.2885088251186827 0.29096068846085005
150 243215.0 0.33329230396968706 0.3377757445121721 5603.484768204406 0.2324316709186439 161953.82346260466 0.7809521494434005 0.670633756358966 0.7379633087958257 0.6441269573226499 0.29750853054549803 0.29303112687353655
160 257130.0 0.3529081041480366 0.33829291302112985 4708.109231987116 0.23342252065749564 165651.70035832014 0.7821936405099997 0.6702693751162464 0.7406880023482095 0.6457799243427333 0.3101559656333956 0.29368540296166246
170 269739.0 0.3625187666855351 0.33899043361250875 4444.661967453457 0.2343756226667041 169088.64541465923 0.782943299379286 0.6646353598857789 0.743132369286517 0.6470385934943772 0.3142510644397561 0.2940958122852299
180 287453.0 0.3742581532497239 0.3427903208709316 4175.765831463157 0.23553704594854338 172011.16444814613 0.7871274598601361 0.6551562817348965 0.7455572050612052 0.6477753652784446 0.31984151774580766 0.2953246055156598
190 308063.0 0.389590279518175 0.34908268565682726 3776.4193271827435 0.23625883142587498 174929.11939767937 0.77915670482809 0.6517345532998065 0.747318577542171 0.6480331080284172 0.32774435605374935 0.2993794012527091
200 328361.0 0.38964069679223745 0.34920966381344776 3810.5820893994046 0.23570894139372037 179441.82072369402 0.7683368714530284 0.6444937566257601 0.748471923839975 0.647929068622057 0.3279621549648427 0.29920815888542784
210 337773.0 0.3920901118806425 0.3614472226031406 3778.768641269343 0.2350572496927625 184074.8717266405 0.7646172728558834 0.642271268567354 0.7493780041231219 0.6477031075759453 0.3295863291785443 0.31041516432750654
220 358441.0 0.3959426465204649 0.36576554678584117 3733.807135654172 0.23466551747144965 188323.75649336295 0.7647196776837879 0.6263773437195119 0.7499997759554068 0.6468336133950396 0.33156042896257304 0.3126397108530127
230 378018.0 0.40879311196105833 0.37703162107129123 3430.624201621604 0.2340812725774284 192590.8491253722 0.7759370117937491 0.6288791641033851 0.751040172263797 0.646070492790608 0.33872538196317586 0.31752568038606854
240 395552.0 0.41629619382596245 0.3864951954804993 3259.2700338881136 0.23387695758535224 196147.89963327043 0.7799771757533948 0.6390076623121209 0.7522320958720965 0.6458020507371591 0.34286169732702815 0.3208652127346742
250 411428.0 0.43451768141793595 0.40338045092365454 2936.899085366985 0.23412128549755912 198715.1331633912 0.7775155012405719 0.6140021645023471 0.7533222441994785 0.6448424311005402 0.3532101675678548 0.33277293493029003
260 422581.0 0.4364496041811683 0.4077696953332914 2924.9706938261215 0.23430943531588092 201354.98605873727 0.7858172861644388 0.6125472914847857 0.754377853122028 0.6436428173605321 0.3542312263781312 0.3348050706851404
270 439382.0 0.4374398268582197 0.4084550655384819 2951.5525327409523 0.23446398697822204 204074.1169785858 0.786720647177746 0.6131145582630475 0.7555595508327414 0.6425120769745443 0.3547085988784135 0.33511579618040477
280 462108.0 0.4406418380280512 0.4096912364901229 2919.1946010322645 0.23421102349523212 207389.12091315747 0.7840174734541412 0.6061554390777393 0.756719126681216 0.6413603991352883 0.356106632974143 0.33598936675396757
290 482348.0 0.4495054403210584 0.41294621780455093 2770.5586740783783 0.2337705211630657 210887.072065298 0.7905999110789494 0.6056641717478 0.7577237096432724 0.6401277938966052 0.3593872929213797 0.3368216434033982
300 492426.0 0.46858099843186485 0.4187582528826192 2472.229349804996 0.23353489913653094 213770.95823681235 0.7862169645095537 0.6019767139014562 0.7587259283804038 0.6389040087962143 0.36893529246611206 0.33897510832310573
310 508022.0 0.47023558503954865 0.4200822146974402 2479.440043554971 0.23337693696042702 216525.58459436998 0.781816852171084 0.5919107377546626 0.7595419649843458 0.6375605876688858 0.3696796842048438 0.3383116128150739
320 524479.0 0.4817814782814675 0.42823276813217154 2327.600359735948 0.23329659758664098 218997.5439958816 0.7852003230999713 0.5922894419427983 0.760315354180966 0.6361774216000037 0.37545765770301215 0.3406577878499773
330 549580.0 0.4880906938407833 0.4300219584837275 2272.2249380163003 0.23325990709998376 221336.3998156802 0.7908728259652826 0.6036429693288103 0.7610712626244954 0.6349001259051339 0.37672704673634955 0.340052341398498
340 571712.0 0.49697590736284936 0.4453235332345687 2156.4722662617605 0.23357272913938182 222925.28858192178 0.789274383312181 0.5966462465402189 0.7619075038909038 0.6337760547428937 0.3814638212746286 0.3427401342488527
350 594579.0 0.5168753941524562 0.4683604425660991 1944.2313744773278 0.23379268596311822 224448.7065783371 0.7902299891125888 0.6017132933251379 0.7627143935828739 0.6328623442187906 0.3910322523369374 0.34870552056959303
360 601075.0 0.526767997716676 0.4693937216725613 1843.2871113812416 0.2342419066066277 225430.36576065808 0.792512538026033 0.6014502293956087 0.7635143618947337 0.6319959103541942 0.39599649537640186 0.34898148217199315
370 617175.0 0.5352694029605015 0.4716988831335356 1761.6057277846792 0.23440538669802966 226867.83726127737 0.7938924076824536 0.604330896161507 0.7643234359788204 0.6312460543718349 0.3991732568114777 0.34897771560461516
380 628830.0 0.5374582560294945 0.47809041461796675 1746.420639258704 0.2341599303065191 229116.01641334704 0.7951658406453933 0.6052630459266163 0.7651018393600285 0.630549889602407 0.39987338288581 0.35060664501326394
390 646403.0 0.5429617516122572 0.5013895072612569 1709.255812041357 0.2338109071518188 231553.76043976255 0.7969945535027126 0.6028384215597794 0.7658579708063277 0.6298241091897323 0.40274335510084697 0.36220264281711967
400 664068.0 0.5475905110345137 0.5033796372109525 1674.050728590897 0.23352870295915862 233822.79108043836 0.7969060964546731 0.6028360782940265 0.7666335649662301 0.6291511260362683 0.40481768987028643 0.3616612855314564
410 685333.0 0.5580596950076127 0.5251854782711153 1597.3261642436998 0.23339654010230376 235702.21382168203 0.792843783693831 0.5888746499501938 0.7673268872518125 0.6283685640303973 0.4124421332013617 0.3721779912998054
420 712033.0 0.5716703010006047 0.5294616899402097 1515.6690338642104 0.23333589527908902 237349.52187035506 0.7953187412844602 0.5816007352310482 0.7678997568650829 0.6273603988544618 0.4175313964336678 0.3724568505943356
430 732533.0 0.5861012789228461 0.5301212641919836 1410.137756986424 0.23339081593884037 238638.19317381736 0.7954554008414358 0.580976439686699 0.7685483155122984 0.6262963917920372 0.42268671288057136 0.37148212490798077
440 761209.0 0.6111870288329943 0.5371935743098177 1266.6158660545398 0.23362942668485462 239365.18813272813 0.7965588481561261 0.5784163623726201 0.7691693968909932 0.6252577712005852 0.43333566060740597 0.37424909358266367
450 778749.0 0.6301233080156302 0.5499557951016362 1160.1352898946843 0.2338377550927958 240042.40342403506 0.7950650682296704 0.580675034995346 0.7697406637286436 0.624230450695085 0.4387061670985252 0.3774775496539619
460 797162.0 0.6378119646919835 0.5539741922455316 1138.5013287342633 0.234000574881184 240801.83518435978 0.7948461204076638 0.583821781321808 0.7703278356961266 0.6233451900130187 0.4430564173351792 0.37755558299498454
470 816333.0 0.6482054042179856 0.5557782946031014 1084.9023291401568 0.23432411526381625 241132.9975967561 0.7891009003436237 0.5828139852590359 0.7708068932184555 0.622511720338449 0.4523921917038182 0.3775484414647599
480 829220.0 0.6531065987400584 0.5583430016302191 1066.191154968487 0.23462787782524605 241491.383920695 0.782543013799446 0.5877702180706034 0.7711570893048584 0.6217241396931452 0.45505173656624537 0.378767678609359
490 842752.0 0.6574854978431798 0.5688904939872308 1045.4277047761232 0.2349958918697452 241682.94477761755 0.7752820603843508 0.5876875689235179 0.7713538079744559 0.6210492967618549 0.45810512037803974 0.3824796183712632
500 859158.0 0.67769182194785 0.5860137466837422 970.3278419547943 0.23539436210051778 241717.0995683271 0.787418887425397 0.6011299929548704 0.7715747718402101 0.6205630323544111 0.46779385576744603 0.38752100186657085
510 874148.0 0.7015389530935053 0.6065681782568365 898.1766643416829 0.23588656976457253 241450.10474629694 0.8121130698500089 0.6143249266689609 0.7720929815949561 0.6202960610127406 0.4722421701871416 0.3934283047755564
520 901739.0 0.7292211856688924 0.6273852393757379 807.1162140107284 0.23657731914018595 240611.35645758163 0.8156332728014434 0.6096423172785553 0.7729309182346412 0.6201372319461145 0.4934897354346013 0.40606198410469374
530 924119.0 0.7446886656396461 0.634438332244117 758.7312562992802 0.23714114895856273 240013.34206929157 0.8175725975745105 0.6106795510123064 0.7737851995503129 0.619947963690041 0.4990046553937017 0.4069955519844681
540 946540.0 0.7468237020929854 0.643052255518631 755.9140521980081 0.2374499419636136 240022.4569535851 0.8118445603908978 0.6098410273147921 0.7745204349124419 0.6197647177748155 0.5007916713987624 0.410844057851441
550 958540.0 0.7576482409473202 0.6590759904965637 730.1979436079075 0.23773238230576904 240067.22077611246 0.8130689772250476 0.6091059398968967 0.7752141899092153 0.6195802523138826 0.5059018430510462 0.41631795907683844
560 965664.0 0.7595523529235569 0.6668561819717744 731.5900964873549 0.23743698698321067 241534.59857253282 0.7948427975858737 0.6017037963593502 0.7756287278970698 0.6192743954662678 0.507546454534226 0.41950312965238207
570 976771.0 0.7713736582131797 0.670159367324317 697.8635871987631 0.2370533517701284 243206.04059582096 0.7854930007718339 0.6060502141636319 0.7759503176595498 0.6190139682755764 0.5140580900268255 0.4208471055961775
580 1000196.0 0.7763190900349265 0.6816335222191008 689.8846280985978 0.23669042056427572 244824.29681978276 0.7864921970885191 0.6083381442473067 0.7761098347426947 0.6188008439553667 0.5153084972679626 0.42501685430595987
590 1027737.0 0.7768162319290254 0.6888428481614918 695.5585456692543 0.236366692091211 246350.45452224638 0.7862326552271581 0.6118761883999391 0.776281556818339 0.618677688964323 0.515474725081015 0.42519570717195304
600 1049331.0 0.784319915787544 0.7374323372529754 680.8427935643663 0.23604056914390145 247876.38135922985 0.7800257815042119 0.6225344063623713 0.7763830202846013 0.6186764231463759 0.51943786915316 0.4462953077398805
610 1064181.0 0.7894488654118312 0.7404801818407044 667.7834569061865 0.23584270250799486 249058.1656463691 0.7856466728047735 0.6258816199925722 0.776507772513937 0.6187795174594185 0.5202113717292788 0.4464846449921822
620 1073430.0 0.7921605889529968 0.7481787725323906 662.8115500353152 0.2357715654182362 249905.36796155904 0.7853605116003368 0.6240279489151136 0.7766546674601559 0.6188862930785146 0.5218740577209181 0.45378447175335235
630 1086347.0 0.8142109500874571 0.7594616906240148 627.5219748882391 0.2354896774375421 251280.59490105545 0.7885812882821871 0.6279639518820678 0.7768204416493204 0.6190095875612737 0.5265228645152401 0.4601133612873273
640 1104258.0 0.8233563398309667 0.7631277815775749 617.6061286199814 0.23512951958876863 252865.06088462725 0.779872657559965 0.6165545666299116 0.7769680071803597 0.6190947233565794 0.5321936174775799 0.46226586767811
650 1114578.0 0.8381381721817281 0.7943590252818359 593.7850206813691 0.23479674141033696 254362.5635196363 0.7833230724451071 0.6233205682937797 0.7770579554498335 0.6191664161372208 0.5363040525976589 0.4795638847216566
660 1138646.0 0.8407851590734146 0.7991187606317365 598.8887294464811 0.23457395182716195 255565.6062680318 0.7782755376560311 0.6165619082484252 0.7770788590653792 0.6191514464299125 0.5383635920682848 0.4829845702677935
670 1160443.0 0.8473299080464924 0.8053603729039781 587.7611136599538 0.23424548316293184 257055.84059259747 0.7940475645997533 0.6183361850017267 0.7772225812645951 0.6191237471218024 0.5397381522059491 0.4851881814222837
680 1175899.0 0.8517589195352556 0.8235426240207766 581.2153931548737 0.23390813955546352 258571.65496127406 0.7896345642154209 0.6247782675210951 0.7774166800533048 0.6191509927459578 0.5416373278262256 0.49298530044790434
690 1191131.0 0.8685319539484273 0.8427005406314418 549.1178934365939 0.23360600267847623 259969.0096634831 0.7920942363892136 0.6318410286544969 0.7776185016205095 0.6192931759972927 0.546399176947862 0.497446263140215
700 1210669.0 0.8725738977747776 0.847985404035094 545.5778679767628 0.23323723234676588 261560.4010850923 0.7767339428282279 0.62750295447931 0.7776449653737861 0.6194037626460506 0.5466240911184567 0.4999349431670755
710 1228292.0 0.8795062808213079 0.8505342679828704 533.4586283476767 0.2328647483085734 263161.165288147 0.7666424299993537 0.6191153534962188 0.7775921741110843 0.6194759625075413 0.5498963663666326 0.5016073215052913
720 1242154.0 0.8856381798960156 0.8607999047860079 528.6130975832915 0.23253588895594934 264637.53302040754 0.7682568445555633 0.6207273247176734 0.7774514565733582 0.6194873956019398 0.5540128890129183 0.5085838497029187
730 1249787.0 0.8932798454695152 0.8629965745744059 517.8825094372269 0.23237232324056603 265626.75723095064 0.7592149800407014 0.6156628631693504 0.7773116257349133 0.6194905716617952 0.5562677000113954 0.5096276133355757
740 1271790.0 0.9137332208030771 0.867538230550805 486.0280760736766 0.2324225526919678 265967.9201946448 0.7623597574212685 0.6149863362693683 0.7770913445204958 0.6194271373327555 0.5668998865130956 0.5113205461477572
750 1293621.0 0.9230332859538797 0.8727065083462936 476.6215367229739 0.23252678702932061 266144.20530707284 0.7584349604344325 0.6110652757841535 0.7768780654210172 0.6193471829483537 0.5699873403678642 0.5127409208468541
760 1303005.0 0.9262165365807088 0.8759375560195548 473.07550650731184 0.23264395851902336 266280.16062606574 0.7486109606475475 0.5970054738341763 0.776519132738767 0.6191389679683174 0.5711711445370322 0.5116712252137944
770 1319106.0 0.9506222337652928 0.8847060960956452 439.57876274465485 0.23270166132433565 266551.5891420783 0.7567803810881693 0.597585442138536 0.7762944720084296 0.6188626669481173 0.579685234056436 0.5126058667112213
780 1344675.0 0.9560933825984844 0.8901476444668929 432.09097987991197 0.2327372525542333 266879.6812087587 0.7536079978845881 0.5948731605202664 0.7760084329405306 0.61856594531595 0.5811055358656154 0.5116238759495431
790 1355804.0 0.9642547714524642 0.8914749304939701 422.6347565943882 0.23274007528177484 267294.03170203447 0.7507622761356579 0.5950058904402438 0.7756950694426594 0.6182687491876905 0.5849729497827671 0.5117937099918412
800 1365402.0 0.964573769276441 0.8915935520795635 424.8460091945801 0.23274282831234006 267710.8046969441 0.7503334842460346 0.5933928588027244 0.7753816018608196 0.6179711460194081 0.5846938682673837 0.5115457191467035
810 1386598.0 0.9791111837444728 0.8962719801602925 407.8559517729529 0.2327561648005004 268079.34805525024 0.7602056663209582 0.5969614756082369 0.7751516274655827 0.61769622734056 0.587545773553417 0.513450857910926
820 1408035.0 0.99026335954823 0.9021531968044847 395.2376928465962 0.23271828618863571 268587.01933124824 0.7628956970025085 0.6007106037399936 0.7750382304839288 0.6175277622296795 0.5930863789004475 0.5169650366479663
830 1418636.0 0.9980465090577697 0.9136642481445912 388.17537958911515 0.23271968148827216 268971.0491004054 0.7708198281417197 0.5987896018337184 0.7749235557784675 0.6172700185451739 0.5963064267510011 0.5188455142386948
840 1438414.0 1.0053358300434756 0.9163138587479434 381.3319709077152 0.23267194190525894 269494.940126419 0.7679379427623342 0.6003199210655767 0.7748639451865552 0.6170601348125847 0.6001685815398309 0.5212647939070005
850 1455233.0 1.0107246834466712 0.9209045993847303 376.73065864798804 0.23253354827203784 270287.9887285241 0.7579637822507156 0.6029559395143764 0.774623462688282 0.6168726701735993 0.6005910092489518 0.5225703137257488
860 1462014.0 1.0256770252073304 0.9282272476341674 361.6969712683777 0.2324446226216132 270918.5302410387 0.757811801802629 0.602971137620394 0.7744328860432835 0.6167130824650766 0.6095763806710196 0.5254037930191182
870 1474070.0 1.0259872652757411 0.9287120429641967 361.658839827415 0.23234134887264535 271593.15760632535 0.7522893715662352 0.6035189107828 0.7742346953184781 0.6165591191602439 0.6091813650475311 0.5252197889447635
880 1489104.0 1.0342421845617986 0.9364273765395601 357.32520018635853 0.2321512468257371 272531.2002261949 0.7585340015895958 0.6104741338440719 0.7740033576848383 0.6164594736649438 0.6127139539681999 0.5284659516604514
890 1512610.0 1.0379636356148236 0.9384984167291986 353.5262734092389 0.23192720955799173 273573.5875529863 0.7586859470955588 0.611312606871331 0.7738324903315678 0.6163952604204184 0.612915881767633 0.528337172873792
900 1536371.0 1.0489624234259716 0.9493295180389003 344.1926515336937 0.23168888666733906 274656.38976209407 0.7551853926649783 0.6156453097052336 0.7736512315456817 0.616407108910155 0.6163885027306196 0.5308097932463457
910 1553866.0 1.051633320501267 0.9565953292261323 346.6296103894799 0.23146148229086536 275709.8078319871 0.75667598377696 0.6324684443685814 0.7734605697553165 0.6164507166808149 0.6165362792368871 0.5324668853861206
920 1569857.0 1.0544540059767966 0.9584012802219642 344.86651842518455 0.2312391316857144 276748.82572324254 0.7564659088859758 0.6273494168004855 0.7732861630562153 0.6165916674780687 0.6165074032086967 0.533152098920109
930 1591183.0 1.068366617636096 0.9820132064991595 331.6317258092019 0.23101988551978242 277770.68254263594 0.7590140342119942 0.6330234874419302 0.7731289008905591 0.6167351010326882 0.6217255343876329 0.5392068372820914
940 1614199.0 1.0777997401859536 0.9878986819842603 324.0294494142382 0.2308802329271127 278535.3847544247 0.7669058548951629 0.6377666603328291 0.7730531672663654 0.6169464483865823 0.6221512382388313 0.5418222280839694
950 1624250.0 1.0840163881670408 0.996019428170727 319.9716853631213 0.2309123756930771 278754.49151892593 0.7771535518284053 0.6428635948343395 0.7730331545723199 0.6171894140308863 0.6245779658255429 0.5458240951545593
960 1637579.0 1.089166100304178 1.02189949587228 316.4309072279509 0.23075399609073804 279573.6151890764 0.7748545152832519 0.6473897520282712 0.7730529049740318 0.6175066606535319 0.6249739057265788 0.5602302917048053
970 1657192.0 1.1460346766132334 1.0249874689727476 273.74313639113205 0.23091339936926142 279340.30281843187 0.7997361957849484 0.6482044523172705 0.7732231683313285 0.6178164696211107 0.6520452889237833 0.5597296963913696
980 1672328.0 1.1534471758016374 1.0287580099334088 271.2018441521024 0.23099218725248385 279360.2940344231 0.7980564142259077 0.6389975658031113 0.7734631771784065 0.6180873176998712 0.6527202996865344 0.5595103319209036
990 1691877.0 1.1590832873142065 1.0337623641517508 267.357170785605 0.23107418863300044 279366.2022029145 0.7972363650166551 0.6402174630508394 0.7737027738879174 0.6183042447889313 0.6555723876941214 0.5615196496987792
1000 1716271.0 1.1618198697194477 1.039864200456284 267.5004731265465 0.2312543649250258 279063.13202994876 0.7978260444987505 0.6400588115644404 0.7739400757422247 0.6185215005668525 0.6570951843117898 0.5621694966404166
1010 1726041.0 1.1770591692875096 1.0437002329382339 259.89111971803123 0.23133880499714052 279054.2592590938 0.8115931975947571 0.6471674768718505 0.7742629808318768 0.6187754598047839 0.6642601333190684 0.564627577865178
1020 1740422.0 1.1882701378539127 1.053668081477904 253.88777976333378 0.23161025311684133 278451.8961655522 0.8071867854818798 0.6475405355829169 0.7746039262058589 0.6190530242690258 0.6730165241629157 0.5682944526128286
1030 1756120.0 1.2262773270655618 1.087561997885008 234.22103184339534 0.2320430278061546 277326.9278755076 0.8073516554657381 0.6399738763484777 0.7749218676359874 0.6192866169508455 0.69876313670599 0.5731720094722171
1040 1772878.0 1.2394974716284708 1.09726427179821 226.9334587492683 0.2324462743651786 276290.5732241603 0.806919406124281 0.6428599202507301 0.7752385378407359 0.6195154848207908 0.7060186037665857 0.5781943164180853
1050 1803459.0 1.2525447804933103 1.0998001799087591 220.61019518368056 0.2329212972584066 275034.5972384487 0.7925037797269319 0.6296648784945102 0.7754677962624755 0.619660323248466 0.7159684195098655 0.5785702563351194
1060 1819653.0 1.2552307078898302 1.1001847133681424 219.57068754666037 0.23330090412885854 274077.44130867673 0.7897862520018059 0.6257021132241032 0.7756274840271727 0.6197236052496856 0.7166327003385443 0.5786605858709893
1070 1841454.0 1.290544495275752 1.1165912934007731 203.24017195797654 0.23392644990365627 272363.04718805716 0.7775875018666341 0.6149683743852963 0.7757035005722291 0.6197295813717315 0.7376885836531453 0.581077329498965
1080 1870420.0 1.3012209985738037 1.1300838113068752 198.21433079742576 0.23461439051429997 270476.3061847574 0.7799321008181939 0.6175051029590025 0.7757395531928107 0.6197149458261273 0.7387960914352008 0.5834182213108489
1090 1883638.0 1.3285033969810913 1.1385418310996487 187.9670647443878 0.23547760635618883 268087.73828277126 0.7940840929083258 0.6071672663122146 0.7758482301465964 0.6196008896045052 0.746103344268766 0.5854659513964983
1100 1892898.0 1.3557544509374204 1.1552717653471607 177.65414874806055 0.2363248272046817 265755.3032435332 0.7985913951089896 0.6023270585236894 0.776015577643481 0.6194530109014323 0.7556672653514004 0.5945005719507375
1110 1911471.0 1.3735365710161214 1.1662223687932423 170.91157516149875 0.23699737037065008 263936.3925334638 0.7923039357600419 0.5973100805000237 0.7762100042228136 0.6192911529792894 0.7614677814746279 0.5975001725308922
1120 1942133.0 1.3934933171228163 1.1822582402256625 164.79331211688458 0.23758180741720283 262378.2065471595 0.807307682319552 0.6091704289513499 0.7764499889488555 0.6191603416423693 0.7690717269121848 0.602032631557235
1130 1954819.0 1.3950548191833638 1.189375566448237 164.93785715311316 0.2382391792043442 260631.5945481105 0.8059095384624095 0.6146212464910947 0.7767181645246704 0.6190976517705412 0.7694343570524677 0.601938953368747
1140 1968536.0 1.3966417753308225 1.1913731462487542 164.4386462292563 0.23888511843866575 258937.12821779848 0.8023351944354176 0.6105805911974987 0.7769653928915431 0.6190365679353717 0.7698505785412978 0.6025944606063872
1150 1986820.0 1.4019161481675595 1.202211472374529 163.32443475530502 0.23945759506237543 257463.8680832072 0.7989178703028138 0.6260298341002922 0.7771696588330712 0.6190533617269374 0.7708315716981109 0.6057941661760206
