1 347.0 0.20900721156193947 0.168073812483754 18721.981554293987 0.20900721156193947 18721.981554293987 0.5423815396677949 0.4930846981109231 0.5427104849860309 0.4937166789303863 0.20900721156194085 0.16807381248375367
10 19018.0 0.2102332035405855 0.1688888625420262 18603.236538913352 0.2092896699170615 37324.95094590781 0.5419727091369887 0.49176109921910166 0.5420330345038873 0.4904841227902165 0.20993435791604353 0.167946515926079
20 36325.0 0.211168161086214 0.17805438882570462 18396.861579525295 0.2046379229336939 55921.01827281846 0.5355251380767878 0.49024284854119843 0.5405761290277089 0.49084975610129566 0.20916620561181123 0.17439830106451554
30 54082.0 0.2111830204703936 0.1780888852600259 18443.044483239235 0.20231204944201012 74467.82175050292 0.5371544022485668 0.4902174155926921 0.5392099751578338 0.49064585463769417 0.2074943594649632 0.17482313949948405
40 74738.0 0.21408410764641783 0.18320504252387418 17961.28471292638 0.20007599672046358 92643.91552816208 0.5194693040956775 0.4872397601587191 0.538108640240466 0.4906860974305563 0.20754547544425214 0.17773390107634723
50 92158.0 0.23465538028035493 0.201412274738603 13901.45512628962 0.19556745741134088 108773.44135923227 0.5240118034376186 0.4949035087620569 0.5351591039262767 0.49103123652324004 0.21769986533767022 0.1872024488991734
60 116253.0 0.24882272661844262 0.2039205153222228 11944.33049192824 0.1922318030045302 123072.24330431352 0.523780411031144 0.4913098350048113 0.5336059608161265 0.4913471330903039 0.22448496149838615 0.1884891954245286
70 139007.0 0.25297581329103996 0.20801546552714276 11606.293057516536 0.19145016848496316 135215.48421217635 0.5282094727477331 0.49391684869950836 0.532632236564543 0.49144817917290495 0.22739116171361762 0.19087478922244494
80 166505.0 0.27384408702997015 0.21259122394318056 9205.080664308267 0.19222186280522893 143724.42652327646 0.5312351387669492 0.4878307950934456 0.5322690210047837 0.49154209084610917 0.24442786001345757 0.19373805181450465
90 176885.0 0.27688731783899995 0.21896484587333453 8920.187581861419 0.19274687831342335 152152.97376258945 0.5312088371911426 0.48754586485933354 0.5321550427605131 0.4911311172947909 0.24648028338866865 0.19838728475805578
100 186130.0 0.28374933009319975 0.22384443227783055 8368.454658304361 0.19377174688169746 159532.82928348027 0.5301618718538789 0.4835901684055957 0.5320512792684167 0.49063028364440964 0.24993473885719503 0.20271239460311904
110 194612.0 0.28394746117208597 0.22432455311745053 8672.788557563656 0.19439324613147757 167636.7923246999 0.5379783343505524 0.4863359613106742 0.5327725023593317 0.4902221125250476 0.2500631791543235 0.2023453260824263
120 213597.0 0.2882561901075394 0.22976252101964373 8420.93760036119 0.19488944860062396 175583.8981940038 0.5375036890951321 0.48918127437005715 0.5331818798090209 0.48999428077681273 0.25184244795698546 0.20464600390279128
130 239336.0 0.2892917849988419 0.2363726714445381 8540.773208204957 0.195094262698796 183930.22299546786 0.5377749474244938 0.4900272008802514 0.5335095537332231 0.48988311606985246 0.25242706583899577 0.20904497475933162
140 260073.0 0.2928182030236941 0.23706926989298746 8260.838710592758 0.19485471865101278 192446.0178321928 0.5359584932458168 0.49524209645197337 0.533656238252499 0.4902219005967438 0.2538542698857814 0.20913720950183268
150 276391.0 0.2934556531658721 0.2502606398194288 8246.783495954893 0.19463462432331227 200929.16800384808 0.5401234928700199 0.5122703438209729 0.5340042935309092 0.49074553146223254 0.2535712157008288 0.21285126478356656
160 293994.0 0.2962991957138053 0.26700784498689534 8090.33572912437 0.1929278799769134 211368.77345913555 0.5402814414271873 0.5104474515194126 0.5344131839483839 0.49204070734103533 0.25523509796925137 0.22091363668300001
170 315963.0 0.2963918005120874 0.2712415013324057 8136.4981618657675 0.19099665296574767 222391.2989916641 0.5208196732754851 0.4998862916587591 0.534312332884345 0.49268638697780365 0.2546350542044316 0.22363590064506914
180 337683.0 0.30175135893858446 0.2746565040508259 7745.832572408453 0.18913461645912855 233260.16648531496 0.5205326406889413 0.4916839260708631 0.5335899790611761 0.49287409820913225 0.2581767811067711 0.2257086017472427
190 355723.0 0.3058660169407816 0.28325282860394785 7554.400321253117 0.18743971308107055 243860.79929432724 0.5300635474699201 0.4906363468483589 0.5329001041160042 0.49278799835126924 0.26061635517427667 0.22809770624162987
200 374011.0 0.31700881930463887 0.288551421926466 6853.438759431727 0.1857010077031591 254365.80359777246 0.5399959113322395 0.497666771845497 0.5329994968948666 0.4928523066089522 0.2636273007065347 0.2313861417157833
210 396579.0 0.33494400446528266 0.29359242942665864 5874.734001895529 0.1839689436888965 264551.8704784068 0.5426302226378278 0.49938087424426825 0.5334279665304651 0.4931285532161447 0.2733975927678095 0.23302851038429503
220 409120.0 0.3453723867749269 0.29672078352562603 5496.909815316571 0.18270434497377627 273359.08445787174 0.5349666243198121 0.5096195734525323 0.5338674937023546 0.4935811551167962 0.27889926897869766 0.23452906190513698
230 421242.0 0.34963893253606826 0.29775738740085056 5523.9479652033215 0.18158615035476364 281867.5402666481 0.5349850195820405 0.5122666363215768 0.5339123146379108 0.4943253701915991 0.2819596365155325 0.2350390674532106
240 440742.0 0.3565173163535843 0.3086695666480873 5302.5197991898995 0.1807571588735842 289451.7297913792 0.5363413216428352 0.5186548476599689 0.5339841837650023 0.4952527771569208 0.2851950986733236 0.24115888068712804
250 454859.0 0.3675647673434987 0.31009869925009004 4905.981001759281 0.18014175067168076 296144.5813914508 0.5377896113010998 0.5138494506274067 0.5341096328980492 0.49606672761515247 0.29676942392081673 0.24156449987576484
260 468377.0 0.38257720918683147 0.3144361790073559 4346.323576570224 0.1803551522274673 299865.6742668194 0.5404087301061068 0.5103405304225588 0.5343255504095201 0.49667444890075435 0.3050929884928155 0.24326794848622701
270 477941.0 0.3899197143353075 0.31524952279153684 4162.247237926911 0.18087898654717338 302510.35282268893 0.5414067777175225 0.5071950469471284 0.5346403144369043 0.4971236473622863 0.31130769223647 0.24377916502525504
280 500267.0 0.39044966753901295 0.3177737648887847 4156.4547323860115 0.18116204482605044 305835.50804970635 0.5372119829668467 0.5058835174591516 0.5348282520902766 0.4974514527328228 0.3118922256318626 0.2447749886419086
290 516841.0 0.3954641826224563 0.32862111221165463 4104.856159152398 0.18150858558505203 308930.17915148893 0.5355619741634673 0.509221387947146 0.5348795294122981 0.4977987688710821 0.3144760445085708 0.24885064790088557
300 524887.0 0.3960421231350356 0.3308504523436522 4097.531225530657 0.18184194791732033 312062.85501434066 0.5339533322248328 0.5072435332495426 0.5348642337184297 0.4981301418697622 0.3148886120130106 0.24981092361372664
310 546198.0 0.39701209555525674 0.33142368320589344 4070.7582265293668 0.1821762155067233 315170.9438152828 0.5350418216153147 0.5116599005441984 0.534878722472525 0.49847886165704625 0.3157182996731019 0.24979471590785923
320 566904.0 0.40709351850208664 0.3444525412939279 3820.834608717407 0.18254357060718351 317898.88683311007 0.5367079010400427 0.512091466055488 0.5349430806399031 0.4988939728455695 0.31936102361402696 0.25765525603439665
330 575941.0 0.41426252798168245 0.3447639231299794 3623.6991181045937 0.18245019416411046 321824.4629636972 0.5365861861814986 0.5072579418797276 0.5350093606566565 0.49925059685880996 0.32314007939904 0.2576944478753708
340 598436.0 0.41500074417639754 0.34979226783790374 3624.954980999275 0.1823676053790793 325716.695100414 0.5341250184604742 0.510284826740039 0.5349942619100901 0.4995406607748492 0.3232520838538188 0.25815918053312514
350 621074.0 0.4172429798088202 0.35215142545646744 3613.7076497855046 0.18233463712139444 329436.8478980763 0.5345537010271877 0.510433709065363 0.5349764629768982 0.49985506221536075 0.32415284414607365 0.25992456570088085
360 628985.0 0.42353791158801435 0.3554392428797158 3494.487030256362 0.18226197090171528 333172.3979543516 0.528536301741413 0.5123850459285717 0.534863711108037 0.5001998114988574 0.3258320610191739 0.2612586210685586
370 637680.0 0.42469346967620814 0.35626617558206797 3513.9701997501584 0.18209967594776355 337230.5223309935 0.5313979440588474 0.5234112627705007 0.5346808005278011 0.5005807880679404 0.3259971068432611 0.26133094308531607
380 651751.0 0.43176912868789274 0.36555021335564497 3379.6369749732175 0.18198616236672222 340999.015250381 0.5331315331825924 0.524244997384967 0.5346336658242254 0.5012106978146195 0.32820589957128093 0.26454362459954817
390 670401.0 0.4361625354461118 0.3670504602470268 3286.0655188153337 0.18165297619861925 345483.4465002632 0.5323233268667072 0.5296759057888754 0.5345846546336523 0.5018910343537312 0.3343972903689999 0.2667659667656134
400 688978.0 0.43695851025344234 0.36833067035827116 3296.879678302487 0.18106024180619248 351001.7220796599 0.5325868064947887 0.5301880416652428 0.5345341575785845 0.5025939293833206 0.33489591437941707 0.2677969210477199
410 700506.0 0.4376625395789159 0.3684556065248843 3346.444840588047 0.1804952778964172 356476.3897210741 0.5328838847470309 0.5311371488334982 0.5344885479462478 0.5032752402481397 0.3350533042966106 0.26763915831021773
420 722227.0 0.4402288940636675 0.3703446227071319 3364.817845626565 0.1798497113501216 362332.2904216499 0.535681632761345 0.5331532703586562 0.5344669060763898 0.5039751552820531 0.3354538159977063 0.2686126544445747
430 735065.0 0.44117151751376865 0.3860220060298055 3352.2268831289257 0.17931175429823942 367770.8997084074 0.5338866821126966 0.532671357589619 0.5344632588737372 0.5046316079099544 0.3363864894019228 0.2746946612529181
440 752309.0 0.4437571532943394 0.39453203724070596 3312.504560322286 0.17874637736205762 373333.4319708448 0.5321581979760915 0.52482445681819 0.5344381350558498 0.5051433443482959 0.33740866063860975 0.27965128926069366
450 775767.0 0.4442404294179515 0.4173306949972739 3307.776101173068 0.17817316004773734 378964.244671598 0.5294912886630685 0.5247465183873075 0.5343701523655898 0.5057599402092614 0.33763480314072764 0.28423055369825007
460 794861.0 0.46880110604845276 0.4471337574413829 2850.2095263815986 0.1778087012283737 383383.02012338885 0.5197829934337442 0.5373351057406061 0.5341398855502741 0.5063335088070325 0.35074858612522225 0.29949831250651454
470 813788.0 0.4749536426782136 0.4490817307497727 2741.7801316966948 0.1774800837148636 387572.01760095527 0.5202209529826335 0.5377168857239373 0.5338404587108018 0.5069965149758949 0.3543940131519611 0.2991043759371231
480 829331.0 0.47771936286964434 0.4523800514853904 2768.74770124551 0.17706762146657443 392186.14847748703 0.5226369776148193 0.5389254455063848 0.5335697086213601 0.5076426235121981 0.3560307455316527 0.3013941904302634
490 850492.0 0.4831236354939766 0.4578505909489137 2723.170775548834 0.17641377202395425 397985.0394263752 0.5204038146565433 0.5367925827410771 0.5333164139376748 0.5082408189293952 0.35728849557330816 0.30498428601223326
500 874841.0 0.4921030770940095 0.4619998178019734 2587.057552120346 0.175994387591902 402561.3560993619 0.519523093074471 0.5366871385182914 0.5330555419293227 0.5088108656344892 0.36364275666830326 0.30662910758274503
510 899244.0 0.49850184884291954 0.47771752540843027 2505.3619823681934 0.1755303488139515 407334.7900494408 0.5259846963400819 0.5448001339105959 0.5328844216046761 0.5094248067456751 0.366836818069698 0.309938935384873
520 910203.0 0.4989211127564086 0.47816419942980287 2499.70754422927 0.17508253836882917 412048.563138279 0.5173518242721378 0.5357861695167642 0.5327121837776894 0.5100222266833558 0.3666938187050011 0.31028141906265994
530 923132.0 0.5067613048430928 0.49754311561637726 2412.618847493439 0.17483371443964987 415691.0418032046 0.5199355421294244 0.5315559447677409 0.532455440284193 0.5104330504670399 0.3685348833837754 0.3213073588021147
540 941585.0 0.5182547784260981 0.5033175789830691 2268.220248948709 0.17472608927255337 418497.9186215812 0.5167946364257731 0.5098778181631659 0.5321634479697304 0.5106260976853307 0.3734318537401529 0.3230311694693027
550 961215.0 0.5307393211563465 0.511424296301877 2132.0564309261827 0.17502987460900007 419152.7292557173 0.5107840268342324 0.5114179645354369 0.5317327269346761 0.51061532994211 0.3816474152930767 0.32451984614499446
560 970820.0 0.5354741301429526 0.5271625037757375 2093.0048192074373 0.1752970418567592 419939.64044847584 0.5133878565955672 0.5057338905447305 0.531402909666678 0.5106023261983624 0.3835011517665594 0.33176785161582195
570 986288.0 0.536689919113964 0.5295337101839066 2087.7736410664725 0.17551360088501114 420967.3186273677 0.5148888733983507 0.5076424933244325 0.5311056213688308 0.5105485170564332 0.3841989179073381 0.3323222920739406
580 997959.0 0.5612735704951084 0.5394591290822414 1835.4352191807907 0.17594485423015616 420652.8862341401 0.5193769355818455 0.5056381922115106 0.530882331921272 0.5104137275750135 0.38825783515186485 0.33503524281579045
590 1016045.0 0.5625589150987785 0.5396962764801992 1823.875492899385 0.1763666073139378 420389.8209504371 0.5190867304977558 0.5060218735723163 0.5306863041795237 0.5103375096374086 0.3888462943808813 0.3348870574010395
600 1044187.0 0.5692628006050316 0.5442895950071087 1775.7565594304865 0.17683519135166673 419862.33753699285 0.5142232766365773 0.5024152261151271 0.5304950901589933 0.5102903420233711 0.3913193907222632 0.337400894727194
610 1053666.0 0.5716515300682709 0.5449728214057208 1755.047484009201 0.177224377665421 419696.5221348937 0.5145309312280741 0.5024711621791231 0.530231663349736 0.510162427214399 0.39238399600456214 0.33747805822967053
620 1071438.0 0.5805204272244086 0.5651567580001324 1687.314837980839 0.1777221605995343 418950.683256007 0.5240016182984404 0.5118644277896697 0.5300065722564947 0.5100570129936349 0.39382175879108067 0.34402511931115853
630 1082547.0 0.5868203795436508 0.5765515375145501 1655.9483708660941 0.178000437761916 419210.62206996186 0.5214955172915968 0.5161891058493079 0.5299078754428763 0.5101548318173348 0.396032071194592 0.34589616362779435
640 1108390.0 0.5926396323700812 0.5865375267263186 1618.6975454725725 0.1782460473372467 419589.96882076614 0.5241170553076568 0.52682892706551 0.5298007549248657 0.5103298174308896 0.3977035819208916 0.3495728875608989
650 1121669.0 0.6049516311119885 0.5962786818539447 1532.5460835897054 0.1784490978488113 420078.2640515883 0.5219734619050184 0.5225816998402231 0.5297041782009907 0.5105696774931408 0.4041853409215521 0.35054257879354017
660 1144246.0 0.6132412678815707 0.6026882372858392 1483.089197187336 0.17867016000114722 420420.3287528706 0.5246192019949827 0.5280202196010537 0.5296242274713611 0.5108242150092104 0.40830379500300684 0.3505458725176698
670 1159856.0 0.6226732071066428 0.6123998212856755 1451.7458433250074 0.17894963346411963 420438.5083623197 0.5236992272190328 0.526209032328548 0.5295523798811523 0.5110666673038735 0.41087478788541126 0.35544565640083525
680 1170517.0 0.6227873812628641 0.6179403639847769 1452.6054283284882 0.17925176066728898 420357.4547769479 0.5190084925936553 0.5208646309753096 0.5294068034259231 0.5112224352956241 0.4107130602805273 0.35870581517862477
690 1189321.0 0.6270766038953854 0.6242769830850944 1427.268695241389 0.17916237218394626 422261.5615015284 0.5182187616264002 0.5199322336972504 0.5292478364770137 0.5113519733786241 0.41529214966822425 0.36360644513155205
700 1203002.0 0.6430228652379242 0.6466902934871903 1326.7140320649385 0.17896046468877064 424704.3895231671 0.5159859245667697 0.5102891144844219 0.5290961264217485 0.5114190714572487 0.41919788525693313 0.37768205558797685
710 1227014.0 0.6439371286605597 0.6591317882098323 1332.6526277278476 0.1787877519954652 426992.28097159707 0.5164398175941812 0.509839128041659 0.5289120620232775 0.5113967218371962 0.4193841695782944 0.3851896359555653
720 1234424.0 0.6695271630958466 0.6656868309927088 1197.3459976086006 0.18171976437073714 418601.39778119646 0.5197153907912242 0.5213757837048947 0.5287701905201223 0.5114199409609487 0.43193096087237476 0.38640259862161125
730 1244410.0 0.6797891896336204 0.6679215124491891 1152.6560685677834 0.18124120377690447 422469.5698121036 0.5227657432306037 0.5221342756547569 0.5286458861720049 0.5115658426178481 0.432132086456082 0.38666865491367736
740 1258266.0 0.6851966122173188 0.6788561250427424 1132.5566174047708 0.1808071263201225 426092.2683529222 0.5207197061523362 0.5149898558074814 0.528554189148323 0.5116190943881264 0.4350729670325967 0.39476674456768324
750 1270075.0 0.6894891220165188 0.6814198602981612 1120.684830611075 0.18038735783799245 429648.3379650319 0.5219672374886242 0.5151474506699062 0.5284540479121704 0.5116615457039473 0.43584697141461715 0.3949373908778144
760 1287860.0 0.691342659384227 0.682201038195995 1115.9624976763891 0.17997849243332037 433160.3358044585 0.5219382322669667 0.5157995528077872 0.5283679911589356 0.5117114716375967 0.43605125134946654 0.39506778511687757
770 1294556.0 0.6931581301840393 0.7031300498140868 1112.3656835166942 0.1796404701260956 436260.69506684016 0.5227759045130794 0.5215459903997867 0.5282862901442371 0.5118218300212858 0.4366751898217685 0.4051271900900274
780 1303013.0 0.6947033826952465 0.7057289824085095 1107.7210427571954 0.17923248955433477 439807.1084871963 0.5170906534284875 0.5190766556636749 0.5281395103508973 0.511908502547986 0.4370812279561227 0.4059650621211257
790 1310457.0 0.6949372359964788 0.7121076927025909 1107.4916929831484 0.17881592649497352 443432.00797208596 0.5164360444346744 0.5216365838930941 0.5279944224611016 0.5120335527815743 0.43678902798650715 0.40840352605714714
800 1330439.0 0.7042020939608142 0.714733721126015 1066.5620255181384 0.17840981456127125 446993.7239578761 0.5174971552835445 0.5253439653069486 0.5278718454839738 0.5121787920684711 0.4421658179795398 0.40957812317981235
810 1353569.0 0.709161638398824 0.7291595810051676 1046.3296898766007 0.17801426847496285 450501.0254581301 0.5123896915462132 0.5224277771507275 0.5277082548946286 0.5123372640842828 0.44316845494918466 0.4160046780413689
820 1359825.0 0.7105054621399236 0.732465992916142 1048.6316764169076 0.17772441264528305 453350.28415904497 0.51242640894823 0.5192015571546507 0.5275195674616227 0.5124258256143907 0.4431283270788507 0.41697561817862894
830 1376303.0 0.7146229230745145 0.7341701902756214 1033.7581495811503 0.1775856528708104 455240.6359989724 0.5130929976438516 0.5195824278717797 0.5273390792514844 0.5125086809684234 0.4456764089272906 0.41732900472097373
840 1386341.0 0.7176702154756355 0.7378011261186075 1021.0713240732567 0.1774106326368139 457353.1334250768 0.5181400239505721 0.5198428510211385 0.5272118845558035 0.5125948680695537 0.44715190195927806 0.41957863118739447
850 1401963.0 0.7203839230363747 0.7415673191041765 1011.806567474642 0.1771856241134429 459784.6612149327 0.5227870017783038 0.5247225121682353 0.5271084710656315 0.5126912699809417 0.44716894764183546 0.42047545915559875
860 1414660.0 0.7246127069707039 0.7423987810147679 995.4371763664711 0.17701495204658502 461860.09942234575 0.523127362953535 0.5271337573869591 0.5270598058028318 0.5128387338398714 0.44973717043158495 0.4209534152877418
870 1433055.0 0.7255685524279883 0.7459073553217769 995.3108410634359 0.17686124725156524 463830.3011644627 0.5217562985747084 0.5262387591883727 0.5270005736437341 0.5129909545357695 0.4495895463035045 0.4220310298851913
880 1446906.0 0.7366149387298698 0.748860325543928 965.9616791554246 0.17667359733104024 466002.95876964834 0.5210809058961688 0.5301874425158832 0.5269340882092753 0.5132111881480914 0.4525603422646869 0.4239856342289556
890 1471787.0 0.7502071638392536 0.7515990070022736 920.7800651140863 0.17648684879767468 468141.4624994006 0.5244813311135962 0.5327708203222502 0.5268978721615039 0.5134280500909518 0.4544777046210894 0.4247460373180511
900 1483801.0 0.7527431249006881 0.7542080085853478 919.5317673806693 0.17621330074940478 470870.072928691 0.5171320695591874 0.5339449758682785 0.5268139074325479 0.5136518192948054 0.4538854055199123 0.42561837453141915
910 1495366.0 0.7565162698105281 0.7561295782858041 907.5853377935473 0.1758301812662038 474363.5781974391 0.5139832992924784 0.5319225283087857 0.5266827286910352 0.5138593237379812 0.45488820207086794 0.4264291102364188
920 1510602.0 0.7649587539846422 0.7614955166117587 879.0722692896195 0.1754143108756211 478100.3817770528 0.5214712684862405 0.5237639146724582 0.5265553957549275 0.5140099736587923 0.45678658528232746 0.42742180688975573
930 1528993.0 0.7747322301758759 0.7672958635285673 853.3461400265325 0.1751045585386201 481091.8452527461 0.5272805385076305 0.5308639976429143 0.5265503654261535 0.5141431854493433 0.4594913137439504 0.4291712255073372
940 1543645.0 0.7761367338378277 0.7743176930283865 851.045627855574 0.17479411868069372 484103.3041172836 0.5272470432479422 0.5305419214809391 0.5265570381996397 0.5143187964407502 0.4596698942823156 0.43169983945973694
950 1558701.0 0.780165847669203 0.7882870830611006 845.3488441921495 0.17449872456143933 487019.25573663675 0.5301576746878431 0.5351241497112968 0.5265905686577611 0.5145288504260379 0.46002472583742254 0.43916432019021534
960 1578338.0 0.7863147723981744 0.7930175740157885 828.8287356570719 0.17421707840735673 489840.40831752034 0.5308103153550655 0.5349027054243711 0.5266330787862346 0.5147368097825684 0.4619052145183252 0.44053576171620745
970 1585415.0 0.7908858575729762 0.7946323160847176 815.3767012664672 0.1739780871156965 492355.2441306561 0.5311855592996784 0.5338778651097583 0.5266777548368459 0.5149426798338552 0.46465941226298463 0.44127777731186746
980 1604848.0 0.798047060913883 0.8000534058106862 794.7568833028155 0.17373049625906647 494930.02887613536 0.5289663292670881 0.5324870516022279 0.5266791778110863 0.5151104059928252 0.46339409444545465 0.4419781873771857
990 1615781.0 0.811022071328824 0.8212679204125953 762.454727404977 0.1735025218142171 497349.00712044846 0.5343460013005827 0.5348220754575739 0.5267244602680073 0.5152910059701943 0.4704558436257329 0.44484149595072675
1000 1631509.0 0.8182881468368887 0.8258104683770862 744.2410446466374 0.1733480800367937 499217.63673283294 0.5354040168179958 0.5285289567369497 0.526809684563192 0.5154565887274604 0.47162348398294573 0.4467138415082725
1010 1649317.0 0.8299010747275746 0.8391878066123182 720.1880367235503 0.1733112838252789 500204.8667633655 0.5407684825838811 0.5182280729011151 0.5269211526941945 0.5155122139328202 0.4761491377357251 0.45358218064186107
1020 1662324.0 0.8395375811754053 0.8394229773868019 695.6909489726235 0.1732968996679865 501005.39450104965 0.5408127850896906 0.5186746232433491 0.5270565746790583 0.5155391207611075 0.4756819224623242 0.4537445840637029
1030 1681317.0 0.8461991688540622 0.8509786736943294 683.0379119444872 0.17340539434706154 500905.38983535895 0.5382933015625719 0.5164726899756847 0.5271804494213057 0.5155513022237547 0.478857817896153 0.46086566494136494
1040 1689460.0 0.8485276066273623 0.8588663894799317 679.0772197700793 0.1735070750971575 500851.26416183944 0.5372849877156096 0.5116733654637017 0.5272855207302689 0.5155306669056873 0.4799795341536348 0.4627015496761467
1050 1721931.0 0.8509648728064443 0.8617727229511414 676.1453900593937 0.17360713860704105 500807.00494435173 0.5385537777093777 0.5159345045249433 0.527386079586392 0.5155083718393053 0.48013845784265374 0.4636040577038349
1060 1739069.0 0.8511645419459413 0.8623614719738742 676.098026508355 0.1737053317709455 500777.7474826141 0.544946836618111 0.5245301307131534 0.5274976465688453 0.5155222573670453 0.4802840462465601 0.46368261513779047
1070 1765264.0 0.8627771218096928 0.8726667285063081 652.8764871918307 0.17373360692717418 501225.17606242443 0.545426246825844 0.5179624777615995 0.5276767329845956 0.5155678667839924 0.4836326332011649 0.46635700028607824
1080 1781387.0 0.8674225488715946 0.8764542534295466 643.7172108941317 0.17377511417397687 501567.2438015605 0.5440039917072548 0.5186444556264856 0.5278161413337316 0.5155933607050105 0.48499701186512617 0.4667411141105502
1090 1809489.0 0.8719084402872879 0.8790161325567617 634.8300301314575 0.17383239244189772 501786.00009613135 0.5444164020896105 0.5186075735407097 0.5279650846393372 0.5156216027626481 0.48593302916972364 0.4678077407189103
1100 1828600.0 0.8734580862537931 0.8877109268673725 633.0302599389793 0.1737985701289475 502666.9546091747 0.5474495416216291 0.5090598397405532 0.5281365621618188 0.5155775662774664 0.48694807539623597 0.47225883562387405
1110 1846637.0 0.8815679402914205 0.8937434236350671 615.4771377229501 0.17378760250449504 503363.0496890559 0.5471965428112026 0.5041331570812291 0.5283146741865713 0.5155058534008258 0.4894644197892889 0.47300796539926004
1120 1866514.0 0.8865893973000373 0.899151849516726 606.6095615905939 0.17373716345416235 504342.91075934493 0.5430115798452524 0.5025951375904429 0.528460995466196 0.5153957141247185 0.4906915822104355 0.47477609746724614
1130 1879177.0 0.8909947011460022 0.9038757091512928 604.5295976240776 0.17368853633670003 505307.8310656553 0.5466168988887145 0.5019183876650978 0.5286175125592475 0.515281533945424 0.49190392188835774 0.47577087541567953
1140 1888543.0 0.8973504190594146 0.906429729668118 594.5481573558301 0.1736786527179955 505975.59464411205 0.5447556059121458 0.5003907386338612 0.5287636928677676 0.5151580140571532 0.4930615973101219 0.4766917145656863
1150 1902854.0 0.8984151533219378 0.9069264285693641 596.6276793363015 0.17367615106341605 506590.73281681555 0.5446008705494007 0.49192790843371725 0.5289043172257315 0.5149645205493056 0.4933614288087065 0.4765005082805851
1160 1916246.0 0.9003513387721657 0.9149799788540324 593.649059642282 0.17368261225045756 507136.58143733325 0.5445254855765733 0.4944208516147952 0.5290389759293169 0.5147841039729247 0.4939572165888836 0.48011389740772326
1170 1927922.0 0.9034586728651726 0.9197188734357796 589.3134972857356 0.17365390064768946 507939.3590185701 0.5501040431037248 0.4882886613376771 0.529171590496941 0.514596744950255 0.49483548000497585 0.48245687301520684
1180 1940801.0 0.9314774755650319 0.9463655171542655 543.0044003922012 0.1735500142193404 509270.67527750815 0.5463959865008071 0.4922465634112563 0.5293384498661459 0.5144107277280743 0.5055487845054535 0.49664815684738867
1190 1959086.0 0.9595982990039696 0.9578973615692319 502.7000375403336 0.17344145280147696 510607.78229381866 0.5619819453103457 0.49006759354413704 0.5295498835944095 0.514203403403388 0.5139857124820314 0.4988551162008278
1200 1978113.0 0.976042295472565 0.9696149644714079 481.217915177293 0.1733581790596696 511732.5964812292 0.5617362810569962 0.4940135461148519 0.5298337589192205 0.51401327869021 0.5175618088133147 0.5041494047630422
1210 1989610.0 0.9910332065254207 0.9752036258362793 462.6829927386435 0.17344200358105585 511553.2155565026 0.560514399747973 0.49931476292910737 0.5300964185227267 0.5138549077572989 0.5268636860535258 0.5047776089269503
1220 1998106.0 0.9945768595504435 0.9851797537691722 463.65817773741696 0.17346376764067514 511849.55339221685 0.548528964277557 0.5029073982349432 0.5303140177709503 0.5137461178163291 0.5283581216443657 0.507626801914229
