1 892.0 0.09967032934905468 0.0970710249010451 191668.7501756739 0.09967032934905468 191668.7501756739 0.2719118209002169 0.2553783114732495 0.27191182090021715 0.25537831147325013 0.099670329349054 0.0970710249010449
10 32912.0 0.09977825665302023 0.09708221455401737 194617.9263557423 0.09921624739921073 386269.9863917925 0.27475402877879795 0.2568130467637933 0.2742167286384531 0.2565444214112201 0.0994380538653167 0.09640901090886861
20 51230.0 0.09992594844907048 0.09720517853696173 194186.794132766 0.0989889761161908 580460.2583713339 0.27490144433330516 0.2568627578885641 0.2745217243663112 0.2566889086207088 0.09945436643964192 0.09639742003354815
30 65530.0 0.1053430571262385 0.11272587801921384 166164.4187353303 0.09976065366120171 745102.2670010477 0.2753452006368429 0.2497134966567711 0.2747351604033767 0.2548447992766398 0.1034572792152101 0.10743567134894164
40 77133.0 0.107070865371767 0.11653112730876906 159922.63715567408 0.10054480995319615 903171.3529272638 0.27260263989544975 0.24963778308633175 0.27421949536319007 0.25357901271346517 0.10524376001624587 0.11006257574197731
50 99348.0 0.1073751322824452 0.11667562930469406 159795.91834140584 0.10086791643548017 1062121.7245029984 0.2726346863230822 0.24894056218840935 0.2737640657750222 0.252718787687397 0.10548485918271915 0.10936155540792054
60 117681.0 0.10738211261585812 0.11667669136111117 160561.20070616307 0.10109870677996878 1222117.0465138855 0.27266677401162404 0.24895250451338466 0.2735815401161011 0.25210027855640216 0.10551915722455454 0.10863428131947503
70 124611.0 0.10760248415354362 0.11720350218582418 161924.21620872687 0.10101790412396583 1384269.3783385146 0.27098993333973037 0.24774351947870746 0.27328584829348285 0.25153974507112536 0.10571835503395727 0.10848385668133165
80 134413.0 0.11131795431923558 0.11963459693106408 147482.40346352506 0.10079302999591212 1533267.599495929 0.2707092554255716 0.23893185718327953 0.27292658711840634 0.25084116414301005 0.1072356458884087 0.10874544490787803
90 156011.0 0.11167493409757212 0.11994647202531562 151387.9927147639 0.10061610468202879 1685673.118069972 0.2729280231527712 0.2410937729127124 0.272823124601808 0.2496166693992473 0.10734640134142966 0.10824955961113049
100 167481.0 0.11246266616606576 0.12108010551955901 149013.96263854884 0.10064495136949875 1834524.5191446585 0.27239408472010446 0.24122811768213798 0.2727929233826299 0.24879839039684787 0.10807204406705476 0.10870139432474851
110 188046.0 0.11306923010460351 0.12716871034539878 146958.5247243437 0.10073163801171015 1980968.2619178921 0.2722942693678693 0.24119915938016143 0.27275531899544425 0.24811587274838512 0.10866129183203022 0.11198615562211835
120 206844.0 0.11429923211437723 0.1274071406361368 142405.24944084417 0.10080498824742748 2122819.68944185 0.27203964128020297 0.23970917640601958 0.27270878108335916 0.24749493479364829 0.10966987662680586 0.11187466298675869
130 224645.0 0.11739128662839902 0.12749305777494988 131369.24349838163 0.10107826772065318 2251377.3876610636 0.27023912543907047 0.23972642731911226 0.27253408117326156 0.24689901894579555 0.11152858741025737 0.11171658667532808
140 244169.0 0.11746310606233727 0.12754141485820278 135222.11224524173 0.1013151099307821 2384576.6423249673 0.2693481151296604 0.24141451413006976 0.2723268933487363 0.24647397668352547 0.11165960152542939 0.11157809068776241
150 262715.0 0.12501405546430103 0.12826914847975007 112143.04780461479 0.10183444087130473 2488215.9422843326 0.26930729662740605 0.2412459115494644 0.2721303228662653 0.24613187916364174 0.11709053277236786 0.11150307807706755
160 278517.0 0.12506511294872558 0.12831642670658147 112082.55738281185 0.10229267405411879 2592911.660191529 0.26931567248096633 0.24127319566777256 0.2719555351280953 0.24582858962962506 0.11727473117201206 0.11138038062079007
170 289396.0 0.13767981864124335 0.1376657526120788 84333.15134978658 0.10285309471786108 2660848.839856502 0.2727041961774211 0.23901682590992018 0.2718950646468474 0.24553940628159843 0.1258706762357812 0.1194241235305171
180 302038.0 0.13772026370609491 0.13971631297023665 84343.33789062695 0.10334062777230509 2731147.845576988 0.2727334439705422 0.23944204970015204 0.27194089917644726 0.24519548784411135 0.12615248304208782 0.12042034206545972
190 326689.0 0.1391567931713572 0.1442886512167529 82202.93300120525 0.10383363024038841 2799021.645976298 0.27308448743173247 0.24264180625300624 0.27199491512039353 0.24498427180873716 0.1275965911570352 0.12257142747090914
200 341161.0 0.13915938793866267 0.1443371874825376 82449.21031658215 0.1042796800924638 2868795.0912892367 0.2701374351532079 0.24274461202267728 0.27193137573942683 0.24486883283876168 0.12783117103395777 0.12257469863736797
210 360135.0 0.14394623963971276 0.14490932650752864 75931.20120243671 0.10455293700847489 2935552.0436232784 0.27166776435815176 0.2469475804344836 0.27187585080191023 0.24486675845395414 0.12997336132260828 0.1231051119599087
220 381311.0 0.1449039622164356 0.14551650550504217 75219.58090034225 0.10476735964189966 3003458.773702873 0.2721224970454173 0.24637218784836992 0.2718808421880256 0.24494269170889438 0.13087466700102302 0.12367538416551983
230 395411.0 0.1449113735389348 0.14552220846264885 75559.26099779161 0.10496391372253905 3072411.453278431 0.2710182385819634 0.24597025582339174 0.27188105409779006 0.24499895138174604 0.1311127545182842 0.1236659141424363
240 412336.0 0.1456416022217569 0.14560037554295197 74572.53435593494 0.10514474347672725 3140822.122221345 0.27090731988999217 0.24484261628480947 0.27184380851438233 0.24502519721480032 0.13212451853165522 0.12367553795964084
250 427315.0 0.14580378259862023 0.14562587709019534 74823.90752933823 0.10531268226867238 3209994.071015727 0.2704557037409379 0.2442870928324841 0.27179570258149127 0.24500464310249465 0.13238394743140705 0.12367810222105734
260 435784.0 0.15692843218107203 0.14647810078762938 60472.8254191511 0.10519194240419576 3276231.4072329556 0.26414591791729836 0.24435010027052087 0.2715751210511592 0.24497878320176036 0.14168798957613374 0.12439110131117632
270 458318.0 0.15704456488803917 0.14899874351424258 60931.20101091583 0.10499034916056464 3346992.6830841135 0.2617453654942155 0.2437549952298124 0.2712525330579671 0.24495355305337518 0.1416933549688655 0.1260402639955313
280 478582.0 0.15909240636837854 0.15892608555925494 58824.06307023198 0.10459651998106786 3426859.402495901 0.2585785002208805 0.23469381817269094 0.2708858332961062 0.24483820382471222 0.1429249782596464 0.13175861623355517
290 495085.0 0.16115150392058744 0.1597843792571677 57332.248016061625 0.10428258081582685 3501336.163458612 0.25579521031088975 0.2330647706002807 0.270438089994623 0.24444967705669338 0.14370913957912645 0.13225555381417362
300 508589.0 0.16140923176658645 0.15998743982749952 58232.56119584679 0.10399338468148725 3575324.2999649043 0.2564998255061708 0.23146124545032493 0.26998118306591706 0.24403082390801772 0.14370625109006369 0.1323721633913193
310 516618.0 0.16364197332603847 0.16221131520165233 56091.01835724757 0.10372991755186785 3646359.2284902334 0.2608379063219836 0.23185757489202047 0.2695867897661909 0.24363537282091383 0.1452132327432226 0.13457088612328913
320 543260.0 0.16772967685527088 0.16294776352192528 52194.96471672324 0.10362280489796452 3704810.727129943 0.26308734449299614 0.23230851732383637 0.2693259105996619 0.2432549272383556 0.14785488248365425 0.13480527540151965
330 554880.0 0.17954826895007486 0.16753770922148456 42890.3707461973 0.1035594676642792 3751923.285506601 0.2660626884441744 0.22782378484959243 0.2691719473736569 0.24290258893966146 0.15229332826890463 0.1362012051544346
340 577417.0 0.179562226382529 0.16764027132475667 42936.807422937534 0.10349391111498595 3799243.4444146394 0.26642038462205875 0.22760415413681948 0.2690891584590772 0.2424552426446384 0.1522907618755829 0.1361405514834937
350 596395.0 0.17964017332753407 0.16767102633867523 42910.12991183821 0.10343199659620898 3846305.23653201 0.2664164604041125 0.22760048977477948 0.2690130713108002 0.2420320869351986 0.15233163885884315 0.1359823723508182
360 623887.0 0.1810213008908944 0.16899431461994052 42182.74039010432 0.10338812695304059 3891458.172927204 0.2673374076280103 0.23103002774035017 0.2689597212408758 0.24169705433918712 0.15280151770543027 0.1364165933411803
370 639402.0 0.20136758652129153 0.17144583187663656 30897.337139261053 0.10401731496446562 3878156.475081665 0.2706230652696042 0.2312046389214167 0.268913904078386 0.24141297797594183 0.1719066067023242 0.13838776056587793
380 661790.0 0.20499544895939958 0.17180379801996382 29549.172969095158 0.10459675967819543 3866725.119786618 0.27331571338553495 0.23122665868258171 0.26900823517739825 0.24114544713022773 0.1733116636289445 0.13838399885354166
390 674567.0 0.20510204071584096 0.17186719949099083 29514.430994853315 0.10514723215623878 3858082.044757915 0.2731873356753368 0.22982082263056444 0.26911741124077215 0.24088098155142612 0.17335244722291335 0.13829977161070992
400 706623.0 0.20664860680237762 0.17377029722639403 30833.096931672826 0.10555241211673838 3861345.0942501286 0.2755879863132549 0.2340352611439304 0.269272718433113 0.2407198599163272 0.17422668696410426 0.1386673512934457
410 718337.0 0.20669531809908373 0.1738227585814026 30819.79133891445 0.10593829779340466 3866278.8465417963 0.2755882574850344 0.23403530747441004 0.2694263763132263 0.24055721648387748 0.17424722653272973 0.13849506922770805
420 741654.0 0.2145989042146028 0.17622313169464054 27626.569663134964 0.10650303170603578 3855843.900794803 0.27742537337954615 0.2346287341504908 0.26959301590861584 0.24040365681548048 0.18031483220956165 0.14014216317721812
430 764807.0 0.22234907497266185 0.1854905741951073 24814.32009902771 0.1069641300417747 3847752.9189333194 0.27655671925482994 0.23490223254483625 0.26976264850713333 0.2402734752927803 0.18455086863231487 0.14606008433955814
440 776555.0 0.22238190550072684 0.1855970980472016 24824.812886159492 0.10740473511814744 3841650.4095940418 0.2767756617763159 0.23581791329406376 0.2699186398659356 0.2401599773576488 0.18456362831288864 0.14592734999007573
450 790600.0 0.22831540883101092 0.19256495037003976 23501.724093324065 0.10795890753510325 3826889.1073777187 0.27919038420187553 0.22989707314869434 0.2701360189514197 0.23987540471042054 0.18710176592158687 0.1466781017535242
460 801296.0 0.23160867626645973 0.19782874335651077 22533.57748211801 0.1085224421598918 3810684.720862138 0.2791832171767023 0.2301065182017514 0.2703323566262421 0.23966169277505175 0.19021074493052856 0.15012854868269962
470 818831.0 0.23476287858276243 0.20051263132606484 21842.171959620122 0.10903366756137023 3797277.389752324 0.27621690644014896 0.22917943475390856 0.2704939507593228 0.23947442200092212 0.1924627143091801 0.15148600797410908
480 852042.0 0.23537127532636198 0.22214929780329928 21807.796985795554 0.10947723285212056 3788694.7632126273 0.2760511900508538 0.2357672154815627 0.27061220811864245 0.23930746496320543 0.19280070648202002 0.16453390953371255
490 869821.0 0.23753721076397377 0.2235291674045895 21254.28295136742 0.10990305553124088 3780843.8629433312 0.2750984322043629 0.23446962522169607 0.27071506545417706 0.239228299786064 0.19394853569781542 0.16519462967320597
500 885397.0 0.23882973767875504 0.22380145995504988 20998.02226840745 0.11021873305315669 3779994.73816869 0.27643065822196516 0.23462452708293882 0.27081669564811756 0.23913535963954793 0.1944867357461647 0.16534684249406736
510 903870.0 0.2530702787207154 0.22746716793848962 17708.46546570068 0.11054909280614354 3773503.1501292563 0.2768325765944183 0.23473409803878933 0.2709285612729498 0.2390401598979138 0.20260271579374642 0.16788494812625115
520 927025.0 0.25355601590251764 0.22760173652054227 17613.41741658543 0.11087285060142378 3767647.345089226 0.2768353308890869 0.23459357966797648 0.27104189140199453 0.2389547970182574 0.203072955179327 0.16783355020013196
530 939085.0 0.2538885615011534 0.23080893107002098 17762.92990475734 0.11118278819114022 3763261.9495101515 0.27704240438605043 0.23891189972574678 0.27115403804060717 0.2389377744236122 0.2032878672419785 0.16958384098242146
540 954445.0 0.25585783777147375 0.23401160221547343 17372.704879388803 0.11148768922629683 3758908.735882619 0.2768502135784896 0.2398624602221864 0.27126006958193255 0.2389513612475618 0.20409598090114967 0.17127749900588163
550 965305.0 0.2561663636176073 0.234089054073335 17330.585767489887 0.11178232138880899 3755446.268865419 0.27685054192396646 0.23986529875801985 0.2713615207806719 0.23896792079694534 0.20418509963081066 0.17124787801522354
560 979067.0 0.25759287569422795 0.2364032198361002 17137.209092996447 0.11207976474349476 3751765.021415838 0.27672357797437164 0.2386181059363972 0.27145453808751446 0.23896575086925748 0.2050165951726278 0.17314368927008117
570 992369.0 0.2578082662600057 0.23653660025715023 17203.267207638226 0.11235210269764848 3750069.0073995744 0.27689499372344145 0.23961444761613224 0.2715481909953906 0.23896726082984848 0.20512188054397887 0.1730716483983128
580 1003863.0 0.2684430787985254 0.24567335873460255 15441.684392435835 0.11262396840021784 3746019.28371445 0.27975591987983267 0.24143603453394488 0.27167658588670274 0.23901587500438484 0.20741417144507054 0.1731014447080712
590 1016479.0 0.2697686783600987 0.25509423073206633 15231.812364156305 0.11288105867052228 3742872.4383407645 0.2797559198798799 0.24143603453392085 0.2718132920456395 0.2390568252502317 0.2071975094598663 0.17925307344449118
600 1029528.0 0.2701360658466577 0.2552560192488714 15181.72330744728 0.11310290060053814 3742225.389579351 0.2796561725312758 0.24122324355919253 0.2719447478072042 0.2390939655054258 0.20751885465338168 0.1794148494667721
610 1040474.0 0.2705212598003634 0.25569432956855664 15256.617701674813 0.11331746114530175 3742317.2414011434 0.2796470468845966 0.2408749248300352 0.27207089433423837 0.23912709865005877 0.20765313053616846 0.17949387126913388
620 1055491.0 0.27070652949503077 0.25582488111120816 15241.676414062056 0.11352521024419984 3742977.0144692576 0.2796651015166547 0.24087417728622867 0.2721929850449493 0.23915525919276287 0.20773950413262063 0.17948616171957832
630 1069708.0 0.27854742606046445 0.2601010925342176 14022.634866987537 0.11345476918120839 3762340.813224368 0.27925477635608464 0.23602191035865194 0.27230719162573086 0.23914701512675945 0.21196310834875837 0.18183973504484333
640 1092428.0 0.280153757175393 0.27051108745231994 13914.550915698972 0.11338500487498125 3781571.6327519785 0.2796472055743213 0.2400540863945497 0.2724192221529411 0.23912190583556545 0.21316654361035345 0.18622362570931703
650 1109717.0 0.2837286340162361 0.27143167764533754 13504.54733583387 0.11333737255990053 3798733.106747042 0.2805730342248723 0.24054208429869595 0.27253423373067404 0.2391384718316899 0.21411713243332609 0.1870358878665349
660 1116564.0 0.2869432185376485 0.2760920283928907 13218.81503728115 0.11332912534653555 3812585.559760789 0.27981673448270367 0.24089319531514294 0.272650098593953 0.23916335507966377 0.21640274246590696 0.19010545962610995
670 1136125.0 0.2887583355629166 0.27738893778883594 13298.757919702342 0.11327557554764478 3830028.36198067 0.2809817397952241 0.24156189298231964 0.27275949175568864 0.23919370612236734 0.21764076466757648 0.1908996287579256
680 1156767.0 0.28943188536865827 0.2774515351883284 13309.833727275365 0.11318711322908016 3850243.8139235047 0.2760257292513911 0.2393903496124797 0.2728071563160484 0.23919522325749182 0.21787289801976667 0.19089438236156514
690 1187243.0 0.29174515091223596 0.2797462311135699 13095.680775063829 0.11310362472806762 3869904.445686368 0.2756783997945302 0.23431844154343598 0.2728554428197355 0.23918229698050578 0.21942094775079504 0.1902074684802513
700 1205026.0 0.29251532120504653 0.2799153543465641 13005.714375500655 0.11302248801581599 3889321.5354687003 0.2756762655827939 0.23431428489049014 0.27289569948733194 0.23911288792937202 0.21965450310418375 0.19011674492541983
710 1217587.0 0.2952832123638696 0.2811475910292684 12737.423567692347 0.1129527023927185 3907612.1345260143 0.2763309109371327 0.23351530780808322 0.2729346152125033 0.23904099703655676 0.22075123504027414 0.19069178648690827
720 1235480.0 0.2961528897104818 0.28311548069684705 12631.305257124392 0.11288206103838108 3925895.166745639 0.27641068328312285 0.23242453733699528 0.27298303073154945 0.23894925449021917 0.2211456565922636 0.1904922372878993
730 1261507.0 0.3010931441437693 0.28328974495499504 12028.861902080384 0.11284650262535281 3940796.5006351345 0.27683343090288987 0.226221414320052 0.2730322338998051 0.23882605385601952 0.22420603498515776 0.19044166472741011
740 1279234.0 0.30117089806274755 0.28345155765552776 12060.246311667554 0.1127791610373626 3958335.545816312 0.27615294394268697 0.2323879773935838 0.2730776440236221 0.23871437058322179 0.22423034885608448 0.19042209488827225
750 1294360.0 0.30236942368459685 0.28550499339131075 11927.834643030052 0.1127161053825423 3975418.7344234954 0.27448193881980143 0.23270890811960152 0.2731017514119886 0.2386348295791068 0.22493934490404338 0.19170391111519425
760 1308532.0 0.3034758421717754 0.28616572325442474 11815.322125988883 0.1126745061885573 3990637.691105068 0.2743408978785266 0.23079104251445373 0.2731197093239272 0.23853928095378732 0.22576621649063772 0.1918434582375091
770 1327699.0 0.32345497881440777 0.2869683574720734 9823.239343140325 0.11260310199500172 4006624.804794979 0.27795461869101834 0.2285230985596215 0.27318146728001436 0.23843234137717292 0.23433451735926172 0.191763506286225
780 1349148.0 0.3239563370446203 0.28774529301150464 9863.493539640229 0.11253286205887428 4022561.8668712457 0.2778011804129373 0.2284929011518505 0.273241635301356 0.23830445313491283 0.23487730261870288 0.19220778185432758
790 1363800.0 0.32400465518613103 0.2877755168635193 9870.426127556066 0.11246437812115002 4038367.661801284 0.2778011868432838 0.22849305499404338 0.2732992729329363 0.23818041345242574 0.23493622005473958 0.1921264618689674
800 1378587.0 0.3257242891108717 0.2878756444617341 9824.965529682124 0.11236764059687443 4056650.7658081055 0.2773936644303934 0.22964971573296983 0.2733526298185028 0.2380664061611652 0.23536346613464187 0.19211530445512603
810 1389337.0 0.32613273536416065 0.29086687226264263 9806.44604201957 0.11227359064743486 4074711.349348512 0.27738137001611873 0.23014653112473651 0.27340236666145373 0.23796630010452977 0.2355925263476999 0.19398024345395085
820 1402181.0 0.3292748851160037 0.2923283601330088 9542.993216093582 0.11218390076838239 4092196.850290653 0.2798192403144665 0.2239062129506021 0.2734729490283173 0.23783315177110204 0.2368715050712083 0.19476879102472747
830 1415955.0 0.331125095633263 0.2999142357806273 9453.920952907303 0.1120534852653375 4113349.611351611 0.2796689286494901 0.22722242430873507 0.273548728934631 0.23767706818262838 0.23792669095075336 0.19678707319974176
840 1425868.0 0.33141338483972427 0.30000323720777716 9433.520837390268 0.11192613836236426 4134264.7348208604 0.27666583476651535 0.2316063973588224 0.2736179948108004 0.23755797049433774 0.23803109745373643 0.19669582699276464
850 1440549.0 0.34211772900235815 0.31236593355321324 8661.498232097041 0.11176860045868575 4157523.3022312266 0.2693471677815463 0.23060881065566005 0.2736095424240046 0.23748277112846986 0.24236685251647266 0.20069772271694505
860 1469087.0 0.34752773099492296 0.32159061300424446 8275.342788385295 0.11161770568235249 4179969.857142469 0.2700050489665756 0.23100009863311238 0.27356513775902763 0.23740690768731598 0.24395357760117023 0.20578858733674116
870 1478002.0 0.35012845359320804 0.3220107995445645 8213.374856389019 0.11146967239148547 4202180.229541328 0.26782519346247735 0.22801729863102566 0.27351091191755106 0.23730806394572826 0.24416937977036235 0.20617718556945247
880 1495639.0 0.3540790222311088 0.32324215794675176 8096.820225186591 0.11132531690521806 4224032.251909466 0.26607841993485026 0.22628302268690623 0.27345079965103514 0.23718279527489314 0.24465739741103118 0.20543537914621426
890 1514703.0 0.3578238052217011 0.32359622632374546 7883.92010502685 0.11119974984538465 4243968.944274129 0.2668452074612533 0.22457081000100376 0.27337398602878854 0.23705484312116604 0.24710999102569248 0.20542271175976148
900 1533493.0 0.35808408897807825 0.32367251769243316 7871.583044520716 0.11107694250115197 4263684.51920351 0.26684559494852544 0.2245708300024247 0.27330152885808645 0.23691628581685142 0.24702517514738628 0.20532517705284262
910 1558204.0 0.3587308481225463 0.32378460115888025 7839.891424248692 0.11096074607076192 4282780.65667513 0.266139380515146 0.22380655887478335 0.27322810970349504 0.2367780600654342 0.24746418822493582 0.20522316190555673
920 1568353.0 0.35895495549415 0.3241435009036732 7835.60806618669 0.11082197274667144 4304174.201545105 0.26331862980550375 0.2234776952028052 0.27314055311470503 0.23663519052181653 0.24744293141495446 0.20523983452046607
930 1581106.0 0.35969104737113233 0.32541541575949695 7802.250147634798 0.11068817374217864 4325118.825621499 0.2632237535641752 0.22278584989621064 0.27303287319318553 0.2364851360060865 0.24740649190121014 0.2053188792782291
940 1594718.0 0.3598351607554578 0.32543288774313234 7809.599895022868 0.11053255093378588 4348350.544202516 0.2624403540579366 0.22266769548185553 0.2729277169282739 0.23633938903035911 0.24736650050224376 0.2052149451077236
950 1608906.0 0.3601681383419049 0.325520620929507 7795.3823094975405 0.11038060853758007 4371291.381989597 0.2624952190166779 0.21974238338274593 0.2728174892850311 0.23619253213245386 0.24730845563352086 0.20513254590340382
960 1627345.0 0.36084432303185243 0.32582241884576185 7754.675517861225 0.11023440187407832 4393706.433277498 0.2624877638133013 0.21973831083760018 0.27271002400427774 0.23602134205152256 0.2476924165261672 0.2052306941078915
970 1641025.0 0.3614699706246259 0.3259110401514624 7718.269954945436 0.11009117902003579 4415873.699699094 0.2574307950886453 0.21926558404735413 0.272573488726569 0.2358506711376072 0.24764345614946523 0.2051173891985048
980 1657388.0 0.3631922189304465 0.3263925223523685 7624.804185337632 0.10993758634196978 4439144.1492243465 0.2558282134253506 0.21861660651885118 0.272413270162985 0.23567961639032955 0.2477800074573354 0.20518688626866413
990 1673605.0 0.3709354704493086 0.32645255085026514 7153.771654855711 0.10980386614469051 4460102.697801518 0.25112286822768737 0.21605985423774945 0.2722193640222046 0.23550150182586885 0.25164202624105636 0.20506020411315426
1000 1691021.0 0.37276339884350324 0.33076267951811805 7063.059690142935 0.10965378388860182 4482817.693180926 0.25092695287150013 0.21850907644421877 0.2720062545417743 0.23531353185087472 0.25267788473775094 0.2065438760618005
1010 1701017.0 0.3732244484349449 0.3353638856833017 7062.959601063107 0.10949942206886988 4506086.547649155 0.25339153497520644 0.214694902202981 0.27182786587671964 0.23513834465826958 0.2525244462309731 0.20934179697045344
1020 1721129.0 0.37366936987441784 0.3354714902869598 7191.510463193168 0.10936958633303148 4526892.90095948 0.25199088283760707 0.2107410229896195 0.271641812571644 0.23492606372189023 0.2524609369158022 0.20917660046479325
1030 1738937.0 0.3737674897851814 0.33548625049192077 7267.154614411032 0.10924254532646427 4547519.965474221 0.25229135939591885 0.2107981646779552 0.2714518306414786 0.2346905727384626 0.25239725039817457 0.2089864971740641
1040 1752352.0 0.3772458080847054 0.33637536475606816 7090.827362240264 0.10909187829590311 4570670.512767894 0.2517157140460979 0.21073774835380288 0.2712647686489065 0.23446039908928282 0.2545920343918041 0.20918778203093646
1050 1766671.0 0.3772839483926822 0.33642303067219564 7106.838007746313 0.10894379087426337 4593643.829377969 0.25127304585272403 0.21086054750513497 0.2710768296224205 0.2342356952468782 0.25445113095066424 0.20905712919136687
1060 1789812.0 0.3806944264355454 0.3389055324658356 6939.636822996836 0.10884364497501069 4611324.031545155 0.25182078977189765 0.21151074819962157 0.2708939233754773 0.23402056325885978 0.25527399926214533 0.21011614196552497
1070 1807468.0 0.38245801995334383 0.35092603306989 6872.350555615992 0.10871223923562316 4632451.558689995 0.24561721758155522 0.21523894426354165 0.2706714176949671 0.2338376563580524 0.25550405162155704 0.21598172893301265
1080 1825906.0 0.38508063635608286 0.366102085828997 6771.449938216044 0.10858836036873565 4652745.939489161 0.24204246739695276 0.22301259361292408 0.27041783390299245 0.233709724973236 0.25675221674915566 0.21849123399941728
1090 1842456.0 0.38591293578460123 0.36740805042059077 6765.8249642745095 0.10844164372197598 4675677.102379273 0.24192297846865413 0.22279137417521766 0.2701571512937685 0.23361097469393124 0.25713106608134345 0.21942065513341769
1100 1852954.0 0.3860294351992634 0.36913636902260444 6805.0376691369975 0.10829757017081175 4698427.055791417 0.24188233952546281 0.2223098049380651 0.269900578987219 0.23351136574023568 0.25701941156913305 0.21991142577297504
1110 1868023.0 0.3862276339767828 0.37009328456152074 6800.133756298131 0.10810028872841494 4727406.513390144 0.23920335478890956 0.2200844891116159 0.269627655415896 0.2333938381250476 0.25698705262627947 0.21984947550764924
1120 1893656.0 0.39744398100800005 0.3744142841683692 6284.236717874478 0.1079180770344189 4754520.100769245 0.2400637948772783 0.2235865072348236 0.26935421469897053 0.23329734731603669 0.2635224025978885 0.22159638316318522
1130 1909963.0 0.401946989094693 0.38506959258688495 6128.149876274542 0.1077591568745593 4778938.654758123 0.2409843968242789 0.22786831671169927 0.26910190014062396 0.23324555640738484 0.26498599001748213 0.22634815145784595
1140 1927273.0 0.40230090904160215 0.385081398680895 6122.400340922398 0.10760394501847287 4803029.161384298 0.24089816000199543 0.22772163981877686 0.268855072709003 0.23319780425316763 0.26483927763268933 0.22630318449643097
1150 1943995.0 0.4037683179078001 0.39482242362936615 6063.403458767661 0.107458941247493 4825976.275209674 0.24171229444215708 0.22906012467513803 0.26861875820594583 0.23315740126789278 0.2649927168187565 0.22876823053948656
1160 1961646.0 0.40483118082667535 0.40047375811519687 6026.302341488439 0.10731964002078682 4848314.405400481 0.24175732722256943 0.2300421478343417 0.268387179510421 0.23312860446957764 0.26485142681541113 0.23121273424904876
1170 1972464.0 0.40509627025577083 0.4010445001463899 6017.930274088427 0.1071832057392791 4870392.825175025 0.2417569658962851 0.2299972152725236 0.2681597663637959 0.23310194774132098 0.26477587366238203 0.23118586507265573
1180 1983086.0 0.4053114651836857 0.4012410466002441 6035.286259014181 0.10704784070673984 4892440.448927491 0.23980368208098554 0.232397323892093 0.2679324781173407 0.23307911090991157 0.2646372907880934 0.23128562884601178
1190 1997058.0 0.41516001110404427 0.4048123123840685 5666.2123718312605 0.10689910986575478 4915992.501835855 0.24098570657143398 0.23249785104732804 0.26771276161780916 0.2330752141519535 0.2677294334337784 0.23222095114431984
