1 544.0 0.0704284119920188 0.10443299720866352 467954.2310299882 0.0704284119920188 467954.2310299882 0.21252286533751516 0.24877735171743523 0.21252461627535074 0.24878138293366203 0.07042841199201878 0.10443299720866342
10 13359.0 0.07051443795771871 0.10464322911584095 466867.32914297376 0.07041345961879814 934822.3720132678 0.21253832692242025 0.24878398085674025 0.21253403736282664 0.24878192449332914 0.07046312151356922 0.10453021142562827
20 35873.0 0.07077101832674682 0.10482497949486255 474767.53445773915 0.07008069051652846 1409568.193162597 0.21225664434613742 0.24905072644611004 0.21240809023908683 0.2488795395644652 0.070474843483595 0.10461641037446459
30 46219.0 0.0747263094088312 0.10579566790691607 405072.90538317943 0.07076495399677352 1810440.522193859 0.2123086171803443 0.24802322516667652 0.21234429148025952 0.24871891955307432 0.07384745628656954 0.10532382947965013
40 59143.0 0.08074880309034992 0.10748606056874173 331522.4148173094 0.07071705322014657 2142951.156783564 0.2087108453702032 0.24678694149378294 0.21164039156884723 0.2482791857880569 0.07692948852453306 0.10595493411914529
50 73445.0 0.08098875702955143 0.11068802142014769 330692.1242201148 0.0707360608817969 2473253.2137621823 0.20694045883054435 0.2466853058929737 0.21087515377819932 0.2480052266668086 0.07690191785977803 0.10836765392367162
60 99165.0 0.08225008590955442 0.11285776768524919 328898.0959764836 0.07035435632707902 2811467.5881695147 0.20643822952264795 0.2472187281746301 0.2101766379707518 0.24785781404788113 0.07698073062047071 0.10934598119525898
70 121002.0 0.08258278873731623 0.11329188064560493 344418.1201724092 0.06919041106597419 3191861.9364214973 0.19854994168216944 0.24712705037682475 0.2087706431117359 0.24767289424727448 0.07647667555773792 0.10957280252485484
80 129599.0 0.08281489605621765 0.12317798286625171 345782.90358867904 0.06820364427002559 3571115.2299919175 0.19951844719191858 0.2497959276892155 0.20738206306827328 0.24756929726494678 0.07600538053776738 0.11515618251072417
90 145349.0 0.08357986474617463 0.1250001721931887 356347.3063775118 0.06692833748023526 3981139.2467938703 0.19905099080685423 0.24685992506796606 0.20645578279002022 0.24773235914024297 0.07555986156168519 0.11615195658363522
100 164792.0 0.0851394950387253 0.12513538599776328 344274.5873009671 0.06592293957781982 4375056.474597884 0.2052153542369993 0.24462751742800912 0.20584419423616354 0.24759506403682702 0.07646923294088405 0.11634466543425064
110 182934.0 0.08522590079265015 0.12546900806069924 347949.0927636094 0.06506152377766308 4767604.121909354 0.2051258954574951 0.24457645719801896 0.2057836959616274 0.24732672914065162 0.07606411476848077 0.1164769415979509
120 204718.0 0.08596930129005777 0.1264469947753264 341480.9055862812 0.06438173257783718 5147226.928266274 0.2054000274039433 0.2465156028040774 0.20574701394867334 0.24713112090922254 0.07622780504495687 0.11716421189538259
130 217043.0 0.08671088210465434 0.12697293670714094 334949.5915097262 0.0637594068109132 5521935.598288675 0.20455007545804224 0.24621992787874106 0.20566080201037562 0.24706138899115349 0.07638675101179446 0.11763045874032958
140 237629.0 0.08687649978489277 0.12895824965620092 333390.9087145656 0.06322303024160308 5891441.360532758 0.20463113211069192 0.24642365575814193 0.20558772382700055 0.24701583732026913 0.07610149414272523 0.11875311463179192
150 259979.0 0.08956231153175183 0.13270016250164127 304564.7147362914 0.06294463382933009 6217655.522033346 0.20464376601823453 0.24359093541181331 0.20552024122603624 0.24689548408507042 0.07810732634124996 0.12170060881156718
160 280267.0 0.09402872920672672 0.1340583991609352 276165.84803480835 0.06276479191041577 6511019.570695145 0.21164457115259405 0.24168752818755956 0.20564661081440316 0.246661872985014 0.0821811831286094 0.12321285344853669
170 289398.0 0.100965356030599 0.13712734631924764 223848.71336568473 0.0624175529420706 6786070.774659429 0.20979964381762808 0.24167590752373225 0.20593563473681714 0.2463721873138798 0.08770366351724478 0.12562534198509248
180 300685.0 0.11224889278605282 0.13785630172723184 164390.21614486317 0.06216475107829431 6999742.135658817 0.21724596120261336 0.24831445131967506 0.20653567646309987 0.24615851473924646 0.09301956504537742 0.1259254534438476
190 311522.0 0.11310263890952629 0.1506439879972422 161486.7588067814 0.061938818793958815 7206508.436933533 0.21724554259944617 0.24822422663984228 0.20709640502127838 0.2462676010485316 0.09338670281140743 0.1307018043255447
200 326275.0 0.11364731179539976 0.15115865751727195 160046.59385356752 0.06167578963006245 7421226.609871694 0.21196769656771225 0.24875135134660384 0.2074479995238958 0.24638505071666392 0.0937100085744903 0.13121680159597357
210 336509.0 0.1157631160958831 0.15260983412882406 152019.18966114806 0.0614367491143865 7625561.964583892 0.21354801658294145 0.24187107273181638 0.2076752758748971 0.24639882853205608 0.09429781662351791 0.13158358296024647
220 357295.0 0.11633894958459645 0.1532593205436129 153964.6146398857 0.06126144004865444 7817642.855562445 0.2109400756901248 0.24326272420630612 0.20784945618801096 0.24620907735720746 0.09484304112451454 0.13176452436858838
230 372338.0 0.11966484366489245 0.16157338383520922 142408.17884342946 0.061163947616787485 7982258.312709346 0.20915715552055217 0.24863848960063425 0.20797575510870014 0.24618935133878955 0.09570474459805485 0.13702510868996834
240 387485.0 0.12234022607382311 0.16319825840296 136598.55039039176 0.06116525659990828 8118556.806917541 0.21229174032553288 0.24748214609295338 0.20804115086099573 0.24627230091611935 0.09712928429635609 0.13784176143683272
250 400380.0 0.1232065444243828 0.16335353432625138 134175.85763764384 0.06111716691367486 8264077.603575778 0.2091485338764899 0.24774361589271734 0.20814816052358287 0.24633595631626637 0.09744159413257286 0.13790374786313042
260 418219.0 0.1317310378793248 0.16409938404180377 110732.37370239379 0.06116890788820541 8361403.772552474 0.2093633631465946 0.2477566443307149 0.20819422241281466 0.24639186224790796 0.10312590459914193 0.13827153592317257
270 440213.0 0.1319372625701496 0.1641756145853186 110729.2012411751 0.06121695307884092 8459724.608801527 0.20985842743008884 0.2480231288838906 0.20823955916496237 0.24644339860817777 0.10312871495265007 0.13826286016383432
280 455884.0 0.1338903705800696 0.16535994975921495 107838.1376335058 0.06124283804232956 8560755.89272746 0.21172359650451955 0.2512971781244078 0.20832488991125714 0.24658178489374247 0.10405536304406272 0.1388673702748299
290 470971.0 0.1359117138099383 0.17292437960676987 104055.70101638092 0.06132571024849451 8643000.735452713 0.2138486030711554 0.2571089918665989 0.20852430436854735 0.24691792034783697 0.105927651621213 0.14301042051168883
300 493918.0 0.13637880592373738 0.17340547239094772 104668.75447102044 0.0613700457514967 8735976.263859894 0.21357344105359977 0.2575719437581252 0.20869844139742047 0.247258866383779 0.10622665789728944 0.14348243192194532
310 511749.0 0.14117762755436306 0.18749077490773172 95281.17229061946 0.061492163920557646 8798209.890906459 0.21077820983770182 0.2564045776343878 0.2088607581596048 0.24758024225325198 0.10958756589485774 0.15354603566536865
320 518528.0 0.14966394962684568 0.19157712496267018 80789.08570731357 0.061656986542749925 8831459.39854858 0.21214001044620492 0.25436372349742253 0.20893415439180116 0.24781940060780475 0.11453166045412941 0.1564002678758759
330 533538.0 0.15146128181496762 0.19303705251224895 78005.0922210858 0.061842713288292266 8856005.507543128 0.2124633411209469 0.2543559751396716 0.2090395699810223 0.2480171424525455 0.11553714419961139 0.15690680782049596
340 549202.0 0.1525101100863389 0.19309163210884975 76620.03583139762 0.0620414949856239 8875959.74069398 0.21250870648161477 0.25434780092707077 0.2091383887778216 0.2482011244903206 0.11604205483577412 0.15683703162729193
350 565002.0 0.16153006481597917 0.2032045265912864 66739.68686891145 0.06226332746571387 8876753.930829827 0.20426142773577738 0.25310925109130333 0.20916137517958125 0.24836645337051466 0.11991712887883785 0.162959695125557
360 594789.0 0.16258967381944442 0.2085389403080505 65801.31164914327 0.062212284913474324 8958655.962268367 0.1986892418823199 0.2629899873235179 0.20895958933585201 0.24857968564398114 0.12020261809926408 0.1645517884344186
370 609484.0 0.16909105205947497 0.22031605611357175 58904.61106445264 0.06223288608155111 9010900.369844733 0.19857660398248864 0.2626675941474015 0.20867963703229192 0.24895932969243445 0.12366424253594582 0.1690974053494432
380 626986.0 0.17580789911493114 0.22988308889585718 52580.78838730314 0.062299345034526304 9041470.046477597 0.19976553251599868 0.2636101442396875 0.20843682626889343 0.24933517880196782 0.12648852023565982 0.17506392284792552
390 643540.0 0.17647251730318655 0.23128734296667963 52241.781770200694 0.06236481058811798 9072087.575700494 0.19967622262948573 0.26218155421242473 0.2082129298500946 0.24967033843975875 0.1266120134925512 0.17598704766844733
400 666806.0 0.17884203444135657 0.23214795894050613 50343.47796918288 0.062435853122763126 9098838.68306198 0.2005696823852376 0.2626294945864952 0.2080218790378144 0.24998865271226453 0.1272898136353031 0.17663707517397018
410 680495.0 0.17904525678373276 0.23255830973752328 50243.07926748861 0.06245023810243905 9144263.857367555 0.20057384142758036 0.26264081239605774 0.20784062237945108 0.2502963163538276 0.12728282586321785 0.1771318143323925
420 706327.0 0.18003614549325472 0.2330878532648333 49751.57050378794 0.062477617817273304 9184855.916259049 0.20064659651761418 0.2657152336455673 0.20766593757320645 0.25060513338416124 0.1275725298958211 0.17741875773509844
430 722475.0 0.18622540115416988 0.23979586277125814 45470.3243061519 0.062478396978521825 9230057.571060222 0.20069165077369974 0.2657887132808447 0.2075041299023519 0.25095767154061177 0.13148536757973905 0.18461854930251292
440 736517.0 0.1898248859149836 0.24797220103890605 43436.026598529104 0.06251048449191325 9262369.66688127 0.20020972142329987 0.2660323601856192 0.20733777962472327 0.25129133157671507 0.13221391588734416 0.18947215650847343
450 753981.0 0.18993766427541128 0.2480242824406492 43494.01976625944 0.06250268915512203 9308583.452612089 0.19984309322700167 0.2656597003286224 0.20717338370290936 0.25161626598860243 0.13217417806880075 0.18970154444446008
460 768627.0 0.19160008272044293 0.24869049577107485 42664.60946781223 0.062530979717448 9341403.45754518 0.19893813557519643 0.26809189859545357 0.2069945179500994 0.25196676999798356 0.13372163606415094 0.19010989935260442
470 789584.0 0.19221591210913458 0.25006681695097055 42674.88661158038 0.06253662798311711 9382106.307605283 0.1985180875776461 0.26776829647852973 0.20681930976199067 0.25230159252367673 0.1339521047799742 0.1904785024814964
480 808979.0 0.19722724582493156 0.252667068785622 39700.79011208981 0.06248148628982796 9441698.247370755 0.19889556189533433 0.26801953143277313 0.2066500327934675 0.2526275743134224 0.13604446657067204 0.19098451290471272
490 821095.0 0.19874161407153718 0.25355970505181147 39139.59535573024 0.062467946173851735 9485712.028354993 0.19829417321233148 0.26846845486376236 0.20648117252053685 0.2529460961091154 0.1376760220320875 0.19172917986397606
500 835183.0 0.19880347913506036 0.25364886215006377 39137.29711131494 0.06246206846423979 9526963.399182986 0.1978042896821316 0.2683487159927102 0.20630999860212812 0.25325418428847657 0.13758870238081797 0.19188854159449015
510 854008.0 0.2006147791363201 0.2562762067019165 38407.985295433406 0.06253889588820775 9538159.438015811 0.19637583721856214 0.2662727316305352 0.20612834745882494 0.25353212564677596 0.13762274036220007 0.19266539237358757
520 870440.0 0.20075635209324239 0.2565034790802201 38817.57234469271 0.06261765370610098 9549335.792075783 0.19740099790115587 0.26469174769255627 0.20594892306857224 0.25376269232443543 0.13754181760602094 0.19270232705657897
530 895239.0 0.20168277116049613 0.25730533412319234 38394.43759595598 0.06271251576739481 9554666.989896271 0.19625220651600042 0.2647529122762093 0.20577904994942392 0.2539691002578692 0.13788800640639154 0.1930001570268947
540 929156.0 0.20171716346034319 0.2580690871082238 38831.712620838975 0.0627896013192654 9566771.235033106 0.19385841839490875 0.2621750116326852 0.20558426851491993 0.2541565771485281 0.1377869349963389 0.19381380903426204
550 952465.0 0.21324333360088182 0.26376993188021935 33151.852172711486 0.06278917256090412 9600080.655569054 0.19655958514832836 0.26340799234919493 0.20539835206388202 0.25430412078728726 0.1422915855778646 0.1950933539367996
560 969915.0 0.21387548494769082 0.2685808181162723 32925.49257760666 0.06283793462721522 9615274.237141635 0.19618937357990798 0.26496482995263365 0.20524069509828569 0.25447636176955557 0.14285458146766655 0.19907783499431556
570 984424.0 0.2139480386404027 0.268797181846407 33006.74864565476 0.06291899094011807 9619176.103799738 0.19522931501066274 0.2610296484689695 0.20507859141057197 0.2546460104816968 0.14278940086003053 0.19920846620191246
580 998602.0 0.22024807305887728 0.27495733630068137 30588.468857637024 0.0629971698461554 9621276.77191076 0.1967772669623058 0.26150608336793413 0.2049251853205407 0.2547609713616659 0.14657625348133574 0.20107966609815123
590 1011387.0 0.22164753402116516 0.27828798163482577 30072.059769541476 0.06302517227325825 9641027.753254877 0.19725769401104867 0.2609296875056872 0.204793208296633 0.25486759570543455 0.14714417143035718 0.2030666135357512
600 1025520.0 0.22341480000535882 0.27863247875517705 29728.73594269191 0.06305110219732157 9661187.441668298 0.1956714175525568 0.26002519892009635 0.2046627027095474 0.2549590432352774 0.14731141705119905 0.20296360352219234
610 1046517.0 0.22593201995353726 0.28265111285915134 29432.946048097016 0.06307656656307388 9681217.347014781 0.19536281096136265 0.25889678523672427 0.20451242209467094 0.2550285840271855 0.14756717866440552 0.20387920925043415
620 1063236.0 0.22898170722782984 0.2836793344352394 28540.40516041612 0.06305760086513006 9716878.495295314 0.19507508905539947 0.2613018826971815 0.20436177782637296 0.25512650528987746 0.14756769260807148 0.20433213074449158
630 1077983.0 0.229382776396538 0.2844296112911237 29230.695194123426 0.06306763882109645 9742384.476380756 0.19589549127389919 0.2615189885453287 0.20422042925391878 0.25522718856080157 0.14757255543348294 0.20463285308470486
640 1095602.0 0.23386344138306445 0.28559306961754954 27686.225007826717 0.06314330543335081 9742148.542190593 0.19697269277897206 0.2629681016702276 0.20410060375465824 0.2553384513123884 0.15108016908651284 0.20457286611148495
650 1108797.0 0.24224920696620716 0.30200131803819674 25114.468588460815 0.06319777014682182 9746699.85264403 0.2012276119792391 0.2705831751520633 0.2040309529293456 0.25552934734429406 0.15427582944324472 0.21054500792734818
660 1123945.0 0.24453479162015437 0.30930683723029395 24480.499826997813 0.06326612746954607 9745417.057200773 0.19980387983423184 0.27062583190673467 0.2039822643567289 0.25575801784433905 0.15555452479811477 0.21480980629557606
670 1144469.0 0.24574377819442703 0.31122346673894724 24200.290023457284 0.06337041120895733 9730764.757702306 0.1985695181802485 0.2679651356426627 0.20390556382342034 0.2559437492978765 0.15591255215719863 0.21541686006254576
680 1166875.0 0.249646490574174 0.3159121938157017 23209.47935853696 0.06351214712106705 9701567.892575521 0.19614315707583124 0.2694924543805484 0.2037986211982039 0.2561345800191215 0.1571505644855237 0.2174732703095625
690 1189950.0 0.2499310267206838 0.3160184153337292 23239.72176761356 0.06364979696094943 9674367.052160777 0.19853128515715934 0.269793796556907 0.20371543157949348 0.256331205740251 0.15690085769606785 0.21762343668674058
700 1205231.0 0.25170300619194874 0.31756944752598737 22770.408263651523 0.06380262227028044 9641629.276542777 0.19870041118653925 0.26969963777631223 0.20364350455952104 0.25652616717615057 0.15863674985341003 0.21859399498319293
710 1232006.0 0.2619754264421986 0.32153600584015357 20599.264585401157 0.06392234308774308 9617815.623176314 0.20013828616984725 0.26668602661273366 0.2035796157456994 0.25668171433829484 0.16247238719986914 0.22082009493874194
720 1256142.0 0.2625501346741867 0.32201868019017543 20520.93202571889 0.06403758805142845 9595847.760799948 0.20038385715223633 0.26702266721978235 0.20353374300116112 0.25682325799167405 0.1623277921633459 0.22090436180285164
730 1285553.0 0.26531238374419297 0.32457794710401755 19972.466281115652 0.0641056594799255 9590475.701501686 0.19646023023314332 0.26149934640560624 0.2034900452727246 0.2569146276063182 0.1629228226356194 0.22206614598922533
740 1312418.0 0.2708756980821552 0.3294026311010612 18878.097502975423 0.06419215248096849 9577092.372624144 0.1966417697560586 0.26040729271879515 0.20339386441508492 0.2569731982691204 0.16604685391841853 0.22456420972945265
750 1330898.0 0.27222243152527525 0.33120025974744577 18682.433171827317 0.0642832015306446 9561981.793705529 0.19620840363925166 0.2608441850952254 0.20330217642256423 0.25702015113713267 0.1670338191572774 0.2252809030722132
760 1354902.0 0.27324914943254197 0.33215920104962665 18685.58998950457 0.06437194128856062 9547915.484021837 0.19659120758198753 0.26068375582744713 0.20321385752436816 0.2570672725161799 0.16691830026353122 0.22571422575776684
770 1374879.0 0.2735636338481539 0.33288493649812084 18852.320152735625 0.06445831995878565 9535115.249779498 0.19342934211288296 0.2606887133257162 0.203083145582631 0.2571144181207779 0.16684029034005876 0.22641576016504367
780 1396136.0 0.27362580882926674 0.3330064584411947 18945.048630683355 0.06454159054293003 9523729.487380456 0.1912019289775232 0.2583426988428455 0.20294832182185799 0.257149806096143 0.16672109501672186 0.22643480281400544
790 1411658.0 0.2740358833525917 0.3344472951330478 18896.24205979769 0.06463056797783114 9510431.706845107 0.19074884927062744 0.2583665971555202 0.20279526798313097 0.2571627727957234 0.1667436687386279 0.22783631415689115
800 1435294.0 0.27422849492828943 0.3345259534475202 18865.815433212894 0.06471134991752099 9500166.009787826 0.19114868531442686 0.25783516766792736 0.20264960806330792 0.25717183727511406 0.1666756876261398 0.22783683418659673
810 1449277.0 0.2851251810232046 0.3435423737820729 16802.779641205223 0.06485084802741888 9466540.535126008 0.19182086703747778 0.25463364011910317 0.20251136875304934 0.25715583248521384 0.17276825060228035 0.23261789995942067
820 1458801.0 0.29639699409387643 0.3489295601173021 15088.444057945233 0.06501845339928698 9420753.98220356 0.19802906031873152 0.256534982608429 0.2023960289345001 0.2571285265450644 0.1751341652960573 0.23605494256359055
830 1469532.0 0.2969522282010421 0.35079270371643995 15124.19444197052 0.06513483247608588 9393544.075813992 0.19752267397148088 0.25667612386138544 0.2023326930920272 0.2571216623427892 0.17523610280407778 0.23661167903439353
840 1489084.0 0.3043063201541812 0.3518229335647932 14049.6245792413 0.06526948421073095 9358561.438748676 0.19750598747230225 0.2556709222861515 0.20227517190505623 0.2571066761999314 0.17744443615757877 0.23691085193819741
850 1506225.0 0.30577545516958043 0.3522356490384059 13903.933372882128 0.06540776472233718 9322506.596760506 0.19784974245446882 0.25590562502168523 0.20222344993640878 0.2570925320388708 0.17756487260531795 0.23683599458802085
860 1517935.0 0.31934140528873645 0.3543572958808797 12220.076958527447 0.06561443702100227 9260276.604719823 0.20000165133515269 0.2547447303657591 0.2021946080169472 0.25707217986187125 0.183178057819178 0.2376990052886718
870 1534235.0 0.31967918857342237 0.35561550349139925 12370.565000086155 0.06581664383166183 9200852.149630513 0.19989030340528732 0.2545168606786793 0.20216817470100734 0.2570433461779175 0.1833076253083501 0.23844584814520872
880 1551567.0 0.32036055655009865 0.35591819040859307 12373.750004091155 0.06596636169988605 9160088.157115532 0.19703962382997106 0.2536737334119767 0.20212294063921668 0.2570096326575452 0.18358279513798953 0.23843770720395535
890 1567614.0 0.3215631456487056 0.3574719826679531 12266.125761818483 0.06611250875963207 9120862.216538502 0.19611691476144003 0.2530855997559827 0.20205796481274751 0.2569663115419426 0.1838365209956568 0.23861770607617058
900 1598543.0 0.32185604026937087 0.3579393644112153 12258.829529060708 0.06629303877839172 9070643.590556929 0.19590347075396838 0.2513058997004078 0.20199035550003672 0.2569093648009629 0.1838342966285387 0.23848131738857228
910 1621932.0 0.3224043434338197 0.35902340724259624 12245.634890802628 0.06646962562559434 9022408.594751874 0.19581593335307967 0.25073766148220883 0.201922683643192 0.25684220377137995 0.18371745194693495 0.23830824012196367
920 1640041.0 0.322614913006421 0.3618436232765781 12317.707498699549 0.06664242381759099 8976216.983993605 0.19580902523647295 0.24998588265213414 0.20185639707000896 0.2567735371926576 0.1837907689038222 0.24013452892635545
930 1656736.0 0.32439254179071836 0.3656194746224826 12202.447459583409 0.06678327084565402 8940766.680454604 0.19548246132154115 0.24975313243354155 0.20178853040163433 0.25669880578597687 0.18450835695847106 0.2420035661052611
940 1669726.0 0.3261772260262103 0.36594603311064666 12091.897212644602 0.06692115267312626 8906515.1619868 0.19469406156465102 0.2497068150890303 0.2017171901109632 0.2566245367547245 0.184865163668795 0.24187985439081672
950 1686922.0 0.3346443253466594 0.3673423294660618 11266.736528244788 0.06697506240596486 8899220.500203518 0.19590255628207268 0.24187694270084056 0.20166508577685238 0.2565146800016678 0.18807068136400773 0.2423262071106159
960 1720350.0 0.3359726201407964 0.3684849553550428 11163.460058949471 0.06706234870546918 8880631.701584604 0.19524190164399033 0.24178816889388613 0.201599840620833 0.25636261055941606 0.1884931467199502 0.24266654252525352
970 1738184.0 0.33706763218928854 0.369395997145076 11073.604263854688 0.06710171061036853 8878190.05451125 0.19347285662138286 0.24194752100326528 0.20152346845195834 0.2562157541451963 0.18875981548576634 0.2429858983175942
980 1755169.0 0.3378092219542903 0.37212261625317034 11055.838941211297 0.06710942820034822 8886582.141154343 0.19416574591307956 0.24210814623115887 0.2014498650068682 0.2560713499553471 0.18918637078708617 0.24382806796125334
990 1775283.0 0.34122717092968613 0.3844570693931322 10778.953589037228 0.06711632605448034 8894972.533952693 0.19601754531392632 0.24740916082380793 0.20138321902559933 0.2559501174534947 0.19040021130338047 0.24698793419821274
1000 1794860.0 0.3443082143650972 0.38726020004712175 10551.800951747175 0.06714420441448996 8895893.757954879 0.19166839085716483 0.25392462339018584 0.20129862036583349 0.25591126451406176 0.19243007360906975 0.24745135417955763
1010 1822026.0 0.3475807304160059 0.38887762537394266 10258.919326685333 0.0671953911827653 8888528.487951018 0.19201018869580877 0.2532642062390469 0.20120637384535883 0.25588660423497706 0.19300962070381694 0.24836036733049816
1020 1840188.0 0.348214800889601 0.3909436628122414 10221.02765594842 0.06724489632667931 8881743.40832798 0.192119872919743 0.25276590747687 0.20111637088270348 0.255857862616421 0.19297288075429064 0.24893541255033313
1030 1865940.0 0.35598450921399044 0.3922331685587578 9633.806845006666 0.06733681708325256 8859951.816892495 0.1948008823962104 0.25153735604715743 0.2010524163667645 0.2558194354502993 0.1974121388334119 0.24954302803557127
1040 1888657.0 0.3584410937168386 0.39858292916060223 9495.183634603261 0.06740293516706684 8846785.459661415 0.19735612471701558 0.25690704603771286 0.20101533686503023 0.2558206487271391 0.19736235411529668 0.25138699400429065
1050 1902498.0 0.36021638454870336 0.3997540732931996 9385.756127848657 0.06747292846941083 8832264.02235309 0.19657487634266133 0.25371551830922195 0.20098341032913916 0.2558288831066673 0.19755566106061304 0.25184626445800845
1060 1916669.0 0.3609055064962057 0.40140882025307284 9367.73913617767 0.06755760960121275 8812930.40562807 0.19200764249614488 0.24542162632925626 0.20091129051491713 0.25575469968113 0.19770709929764171 0.25170352298037574
1070 1939044.0 0.3653235296775739 0.40345503113166553 9043.385173914392 0.06763378332335263 8796107.232047716 0.19073889840172367 0.2462538388842442 0.20081867229288602 0.255658624412632 0.19937719786743702 0.2517164506010732
1080 1961666.0 0.3683997688417843 0.4243585379616017 8868.916975666321 0.06770852780799134 8779637.516724493 0.19565452842157133 0.2537487834366771 0.2007627423088522 0.2556252205651201 0.20038045719953415 0.25432727398498195
1090 1995635.0 0.3692542051934289 0.4256064488753603 8828.042034201719 0.06780670934659931 8755506.571161108 0.19588666637688992 0.2537060830289755 0.2007168787453736 0.2556079495692412 0.2005999269626788 0.2548299665261208
