1 1001.0 0.05727879545697833 0.0706904880244707 994622.2167322236 0.05727879545697833 994622.2167322236 0.14940576295039323 0.1857122993237204 0.14940576295039326 0.1857122993237204 0.05727879545697855 0.07069048802447088
10 21695.0 0.05739957368893433 0.07197311619079812 1015571.5889587038 0.05658604509962882 2010318.2973913893 0.15015749008035664 0.1881402465373236 0.14936391862701837 0.1865022810470915 0.057324892915587 0.0718182316619122
20 47253.0 0.057467890810814576 0.0721497821165335 1031166.3315261811 0.05601490423434848 3041780.1277267416 0.15012638052061683 0.18839745969391625 0.1497785349768788 0.1873518172216183 0.057220152065035834 0.07178655433817208
30 60087.0 0.05760071462122937 0.07229596165729017 1070135.5187237875 0.05572940130882966 4110307.034735184 0.1500941856100877 0.18821771922437086 0.14988561995751826 0.1876365457796971 0.05720103348601524 0.0716105896686064
40 77831.0 0.05792125508284276 0.0725364140568852 1056632.3913251245 0.05555813565488771 5166453.027727228 0.15016218770264383 0.188048495165065 0.14994022085910125 0.1877534598978682 0.057282194981721116 0.07161233539343168
50 89034.0 0.05806326610268552 0.08215181344831465 1054418.587438601 0.05555258400426246 6220840.738302233 0.1496341357450349 0.18577554427516974 0.14990913112571888 0.18762577771612338 0.05738658134814425 0.07986300448056091
60 98183.0 0.05806348015955762 0.08220735629563945 1083550.0964769486 0.05554861853953013 7304331.355217103 0.1496453467080351 0.18620298133665744 0.14986499308310577 0.1873580200227366 0.0573834480657464 0.08006147498610773
70 110563.0 0.06043988343881316 0.0830649138224103 969091.4970574297 0.055727918074789023 8270123.435870864 0.14927161514464013 0.18517092866862075 0.14980948204172342 0.18717202780204997 0.05899294983430951 0.080861149018239
80 125751.0 0.06328407080622038 0.0853802943598107 864577.3135577948 0.05588785215153047 9124692.709826441 0.1485877294797378 0.18147912506500535 0.14967644480361067 0.1867340788888729 0.061215506603375366 0.08329777484693043
90 137930.0 0.06392808839421754 0.08591791463010715 846415.1816464802 0.05601626205886856 9962012.951600375 0.14780871671345402 0.18131843515468385 0.14948822543596998 0.18614510412674015 0.06153016614251234 0.08362659449211039
100 157647.0 0.06409005355251454 0.08650439578848694 850635.0109735074 0.056121201273665294 10805515.423326923 0.1478165540290605 0.18149529473093742 0.14932214985616513 0.18567416096679895 0.061678854210826604 0.08386061666848775
110 175376.0 0.07013428153642033 0.10139965953173452 654026.4508109761 0.05628092258147375 11431090.785470638 0.15037174869551267 0.18166987543314841 0.14929381217974888 0.18531345926390538 0.0650345878158223 0.09660562987217168
120 189554.0 0.07350671840682164 0.10377667919518835 571226.0498567303 0.05630106463552709 11997460.237335261 0.1487218137277679 0.1804836022246776 0.14933349394883488 0.1849474186436385 0.06800181194020248 0.09772089831916506
130 203398.0 0.07375164504903617 0.10379587828801223 573381.365448953 0.056317998791897854 12566788.905612478 0.14880784178716439 0.18076810856899686 0.14929478286318904 0.1846268090905067 0.0682141866764584 0.0977292696216043
140 217481.0 0.07776226383434767 0.1044016435433372 494601.6427236117 0.056619988036367704 12980914.425732592 0.15005530356926702 0.182653844307664 0.14930365391044356 0.18443229316282353 0.07259240379810165 0.09793487184519689
150 227185.0 0.0805051452789441 0.10562213388850575 447058.41957226867 0.057259142513332306 13262699.10044866 0.15048703986876213 0.17596071951573172 0.14939657501992434 0.1839137753084432 0.0745179578945367 0.09874649054839953
160 240734.0 0.08099825212117505 0.10670922393298858 440941.36067216954 0.05783253440632102 13558245.527484674 0.15038459883404817 0.1762135511230464 0.14946130140854283 0.18342133277954759 0.07494865231790908 0.09910255094687645
170 256494.0 0.08272202380640419 0.10686171401680988 416268.5972539638 0.05835360146925191 13834664.325161176 0.1510386563460889 0.17608834739093218 0.149523188296778 0.18299849743487412 0.07591027350110406 0.09916588884226848
180 266864.0 0.08306682240344113 0.10747896759846276 413258.21452779736 0.05881657138614981 14125803.019022716 0.1508720359130533 0.17113829243261228 0.14960164754285923 0.1825074811672304 0.07621689107136706 0.09952125418686651
190 281552.0 0.08553099881823333 0.10860464928609215 385110.6991012655 0.058965919282650034 14462352.39319594 0.15166395888465384 0.1685437886061633 0.14969610701152544 0.18190790182358363 0.07682513884111399 0.09981476418355492
200 296792.0 0.08561036570608936 0.10862423628841489 386045.50207696104 0.059228999503209825 14769093.045866454 0.15168419695790872 0.16867999110572132 0.14979375294399117 0.18124429944969875 0.07698495190059362 0.09962927949356708
210 321850.0 0.08698038987436775 0.11519095034716813 377062.1219178931 0.059272943484011756 15131281.14934272 0.15111485569628091 0.17133367076667302 0.14986721437546066 0.18069509076750448 0.07747442827102954 0.10111873654900465
220 330120.0 0.08703938573061878 0.11545562659718225 377751.7058855974 0.05933018122687773 15489929.00145621 0.15165864738475623 0.17160482619911627 0.14993123385777482 0.1802760234474079 0.07755090914060879 0.10125123308524149
230 346558.0 0.08710329912442781 0.11708902721262915 387291.2507395173 0.05938262877403603 15860372.31457935 0.15166177967908367 0.1719371770015962 0.1500061491579958 0.17990436007891628 0.0775986178351228 0.10199154899243414
240 373456.0 0.08725013787963981 0.11813428874025356 388993.6560453129 0.059429803450688795 16234351.562947717 0.1521276741773725 0.1725582176358809 0.15008438508272615 0.17959140867013834 0.07758755082902884 0.10192109354857819
250 389155.0 0.09554337519213144 0.12011603906411433 299564.52888694836 0.05966017988591718 16442316.893515017 0.15568082062108496 0.17054283920458688 0.1502218535949216 0.17927698010929569 0.08049518877391439 0.10231479069002421
260 411323.0 0.09591740828407318 0.12178076641559171 297467.27253780136 0.059873956094309747 16655380.774884475 0.1552812871675599 0.1708637964341484 0.15042052998881042 0.17895160201915827 0.08077447385563838 0.10282749812155748
270 420584.0 0.09602175024189029 0.12220538425204346 304816.1286063501 0.060076969967051246 16883493.34896727 0.15558139148415856 0.16622174396998166 0.15061148488125348 0.1786368234489428 0.08089477909984917 0.10272359632285687
280 428397.0 0.0982553878584763 0.12232128457887262 287354.1786583801 0.0602943017021469 17085342.875158787 0.15558016054109947 0.1662706908454596 0.15078832359145924 0.1781958763404305 0.0824789839233758 0.10267120683544229
290 443028.0 0.09831996992826678 0.1224714017901498 287408.8697723052 0.060513865932332836 17288375.594335064 0.15397496534267585 0.16587392190711964 0.15091365392784187 0.17778781889264558 0.08262706966967542 0.1026175421277394
300 467949.0 0.09842151588041548 0.12455042814821687 292129.9652372494 0.060681812385418483 17516593.042439446 0.1516687926635088 0.16568025201281508 0.15097503168006823 0.17739079816010728 0.08275849228756485 0.10326283361010427
310 484451.0 0.10175960779069942 0.13162972879541346 267257.9914638972 0.060888646783265 17699911.608834945 0.14935615602099672 0.1732310300677068 0.15095307235787195 0.17716208925095878 0.08523465355389659 0.1085734202852068
320 504481.0 0.10192227323769303 0.13192647029512078 266303.1107250714 0.06104136590371309 17903177.02224876 0.14956428587024326 0.17344539043046864 0.15090855343279386 0.17704531113986613 0.08538961306470622 0.10855640344990189
330 516880.0 0.10216878865771126 0.1319294676540909 267541.75017033616 0.061339225488184664 18061862.26659755 0.14996768002829441 0.17347232922258038 0.15087059136981532 0.17693677262207874 0.08580911118920992 0.10844134303085276
340 532373.0 0.1030017323982096 0.13367856518146964 263401.8973668202 0.06163308803848327 18218483.30909736 0.14997550741562865 0.17450602593907447 0.15084403840094815 0.17685114463068552 0.08627032944812194 0.10925854276061575
350 548010.0 0.10891884731738627 0.136248075415108 227140.49164744755 0.06187236050885225 18340759.949859954 0.15008218594526135 0.17576601898991004 0.15082005892413147 0.176812687752848 0.09029399862911339 0.11031149428502307
360 570056.0 0.11243490288648111 0.13730193481900776 207790.35472145193 0.06213830243117308 18426135.844290663 0.1520985624839456 0.1760545767191085 0.15083484507527553 0.17678995962759053 0.09208360350789571 0.11075442722351246
370 580583.0 0.116851025301472 0.13946304277752472 187311.70858135013 0.06237661511584399 18494727.099263377 0.15221803892714802 0.1761995066528394 0.15087443794516875 0.17677901307124544 0.09516065544882563 0.11270219056406858
380 601321.0 0.11715047683624764 0.14890880860631853 186695.82469378697 0.06264468810579508 18552190.790644526 0.15224322015154204 0.18918564961171744 0.15091179285745807 0.17697559778621694 0.0954183181185468 0.1146129548475444
390 617430.0 0.1173190727785831 0.14925729668705448 188557.8968877753 0.06290285616910338 18619538.117337424 0.1522776908024348 0.18895869500759951 0.15094606773783062 0.17728486621891842 0.09554378398615875 0.11459696139353066
400 637689.0 0.1198464545517007 0.14988288888648185 179577.87360671538 0.06323033437548249 18648175.381460488 0.15336678955340063 0.1929648619243364 0.15099412658421682 0.17761688859173133 0.0978074510459292 0.1147820314979161
410 651327.0 0.12006049736473273 0.16254229773883858 181502.83735547814 0.06337838552746322 18756928.59457242 0.15306827623622882 0.19545275334287776 0.15104790032347232 0.178034037189977 0.09794000060023805 0.1192350772619505
420 675080.0 0.12058183971187143 0.16288021376443068 180395.2723542002 0.06352197945163142 18867139.73386803 0.15309523494651986 0.19508808200793162 0.15109642252478553 0.17844389619499165 0.09838801614857613 0.11944013938676351
430 694070.0 0.12066856349771676 0.1726037520053988 180776.2085793381 0.06363435846735542 18992780.34043782 0.1522628523043117 0.18852472136537743 0.15113310484933473 0.17879821781698713 0.09848248888443249 0.11851453553619269
440 714900.0 0.12070691919682586 0.17308937919937212 181708.70919077992 0.06374568741992531 19120595.16391431 0.15229089149190916 0.18753049285874837 0.15115927356768874 0.17899935625608082 0.09853031080208131 0.11850220582970113
450 725087.0 0.120839883453483 0.17350113527913014 181661.4293991098 0.06385732767237624 19248733.694674876 0.15267726225124487 0.19385109493287075 0.1511906368729867 0.17928662583911062 0.09875235377770089 0.1184057676640865
460 738047.0 0.12136600840047175 0.17364107752332106 180036.9473215505 0.06396376310998157 19377667.712982643 0.15254869822430384 0.19393219551968952 0.15121952850565437 0.17960177971637664 0.09927511279767753 0.11832719782937232
470 755617.0 0.12211887355230035 0.17968457578313515 183383.10110583657 0.06405248485112007 19519044.21839833 0.1524629326054466 0.19949412509465564 0.15124712038937202 0.17994096872505191 0.0992649455266288 0.1208008106315747
480 769975.0 0.12223574466683336 0.1808649252743799 183461.5558772419 0.06414842074103858 19657694.945568923 0.1527240525651496 0.20052100916522278 0.15127837519346246 0.18035150891073126 0.09932678850871919 0.1211452778060011
490 787188.0 0.12229936655572188 0.18248065545436648 184610.11363411765 0.06423689716550722 19801350.255493607 0.15247306909053068 0.20051247159220031 0.15130679856675835 0.180762245673967 0.09931931244508768 0.12245292040718894
500 811075.0 0.12240901087606287 0.18281746470967863 185172.56020061157 0.06431649334126928 19949826.26481945 0.15239874491192162 0.20033364063539633 0.15132963147175488 0.18115358650578367 0.09935677815708509 0.12253284361977436
510 815764.0 0.12246405928149143 0.18297259825477316 185270.06134793267 0.06438735775282131 20102445.456823017 0.15227573255629814 0.20001256511305246 0.15134884283601338 0.1815263308113519 0.09940106165872584 0.12259449420187513
520 830249.0 0.12351580204299374 0.1914985870228621 183898.99809900165 0.06433396707324798 20313483.45041565 0.15244573994448088 0.2015884424848246 0.15136938052899054 0.18189600706931372 0.10051864627049135 0.1235113712122243
530 850932.0 0.12497952954349582 0.19170740354005494 179978.69411984654 0.0643765590998053 20472883.67443427 0.15271500260065238 0.20226470407276298 0.1513921930266359 0.1822782376692177 0.10164481187517085 0.12359585276231949
540 877031.0 0.12526231170919286 0.19189764444954627 179740.63768142264 0.06442040263384076 20631518.526045945 0.15263781338805596 0.19749111740130207 0.15141571967675338 0.18259452220279282 0.10179766610832383 0.12364915977426919
550 887398.0 0.12572310764455424 0.19228526605092638 178396.4224123353 0.06446284216568378 20789391.20297947 0.1526503020893935 0.19465519255801358 0.1514380499451561 0.18284442448262805 0.10208286597580242 0.12394151036230594
560 901065.0 0.125768982400261 0.19408389526546124 178655.51901113967 0.06449983353476742 20950166.196067788 0.1514578913224704 0.1927729562028675 0.15145155158950036 0.18305396508129368 0.10215910314645035 0.12449469138455542
570 920932.0 0.12754282813456203 0.1945196634106389 173297.1659258924 0.06448956227546919 21128768.3586858 0.15110584128041787 0.19264462169909727 0.15144648012782966 0.18322281795003417 0.10266500296233477 0.1245607288349307
580 942490.0 0.12933703931121257 0.19530083280243787 166872.51679786263 0.06448253250896686 21299385.640334833 0.1515152526636917 0.19327838212592535 0.15144803288983072 0.18339111183752213 0.10387920702854894 0.12505852429232855
590 954432.0 0.133243914766853 0.1958155678856269 152685.6459703367 0.06447985611103448 21453596.358541872 0.15237265345135204 0.19339350195955887 0.1514608445556962 0.1835594355509575 0.1054497179800241 0.12516295528165527
600 981259.0 0.13410086370646854 0.19594140791580128 150071.1861918781 0.06449654914330397 21594165.142400827 0.15214747108312776 0.19343738151035872 0.15147460982264832 0.18372312805360472 0.10539078520641527 0.12519689060751682
610 1000533.0 0.13830880609043733 0.1959813834682917 137653.63685589354 0.06450172779689274 21728667.203353383 0.15121267000635538 0.1929949297740752 0.15148515377188354 0.18388132152131484 0.10834627078230576 0.12519862290667216
620 1010677.0 0.13852713458987828 0.1980245455347273 137741.6849393675 0.06451760762911139 21856821.84821975 0.15138369021982098 0.19222076183731393 0.1514833291858534 0.18400899545264723 0.1085605175133597 0.12517413417895812
630 1026828.0 0.13896019096588 0.1987668714250569 137576.44682978242 0.06454072433807767 21980519.35327143 0.15026289909735965 0.19231598022987448 0.15146724404457132 0.18413837026047364 0.10873108665913403 0.12541548702156669
640 1046063.0 0.1391050267348631 0.20042545556612112 137604.84542212437 0.0645663841714854 22102778.350471944 0.15017665592871465 0.19193941733227138 0.15144754047634287 0.1842690466802498 0.10877143695793863 0.12530643126163116
650 1057782.0 0.13991029765314253 0.2070148174563324 135568.49059293227 0.06461055314907706 22212070.967897873 0.15066550413494348 0.1938490471081652 0.1514313227940341 0.18440940128962718 0.10901045978892988 0.12944536329252349
660 1082992.0 0.14076991791949806 0.20924732245521205 134753.2649220589 0.06465851744386834 22318354.09866617 0.14986788181439104 0.19282408279488777 0.15141478366519545 0.18454686339311124 0.10946469010787971 0.1300741033846502
670 1108710.0 0.1408260475566649 0.20958239790560015 136382.07468166412 0.064705272850531 22427316.16762679 0.14980919381013907 0.19328426444371488 0.15139155621621217 0.1846829468800141 0.10946577945498241 0.1302629789662641
680 1131088.0 0.1408354549385797 0.2128264017425101 136948.72250651006 0.06477234812872011 22525875.29655843 0.1500578126381245 0.1952159517261578 0.15136769527920094 0.18483091789231523 0.10949259436677998 0.13068400406580688
690 1142190.0 0.144116554468141 0.21656830905378374 129123.4732742888 0.06490335494508248 22581030.337206613 0.15058678096886965 0.19673256927800623 0.15135201452082828 0.18499695716937675 0.110893696217592 0.13181927707583765
700 1163425.0 0.14432599488095196 0.21710737350486486 128673.58603843898 0.06503574179225671 22635646.856922768 0.14889678851019375 0.1965576003862429 0.1513182080150642 0.18516250241104673 0.11096851469932119 0.13211648256451586
710 1179395.0 0.1444953804368245 0.21753664345910195 129042.92696279622 0.06516835205661922 22691530.470664505 0.15022417335038873 0.1934011571838556 0.1512925541487272 0.18529363767587415 0.11108997056474101 0.13236793176574776
720 1188071.0 0.1446026145904896 0.21767402027069518 128818.69687691442 0.06529756126224787 22749518.483399063 0.14848824902727517 0.19338656023271997 0.15126789900416043 0.18540601803080256 0.11111622291039087 0.13241105117433183
730 1205698.0 0.14523465805682878 0.21875798106758115 127202.91024664811 0.06541832267392816 22809949.011333697 0.1486531233091645 0.1932831477301998 0.15123187940298535 0.1855160041545357 0.11129719916721488 0.13257197701534795
740 1217425.0 0.15144162080773907 0.22410775343879671 112957.45139394463 0.06556894061445875 22834427.320836663 0.1499588220000603 0.19544219874757304 0.15120649885559923 0.1856354599896673 0.11438634694678385 0.13565614416358396
750 1237743.0 0.15156814905302268 0.2246264115372258 113702.38931895008 0.06571559114557614 22863166.216964927 0.14995602990173584 0.19559395619244033 0.15118985796364118 0.18576641244469722 0.11438994289370041 0.1356823290659178
760 1256701.0 0.1518069909369407 0.22530095237710526 113673.47298115942 0.06578846860199031 22932365.24562138 0.15016027699321383 0.19391326901041292 0.15117544711620426 0.18588859887993062 0.11456949973681657 0.13574945368993702
770 1264633.0 0.1562941895190398 0.22763311313959123 104626.76801513905 0.06588654629207435 22975296.143577527 0.15160273074520617 0.19323052303302127 0.15118550689162144 0.18599087277136508 0.1165536876221261 0.13678611184919398
780 1278287.0 0.1563315806185182 0.2276414315318528 104755.50985001128 0.06597361402139337 23025275.720288757 0.15160639962882455 0.19335595072248796 0.15119090317497563 0.18608514156345884 0.11658743829726724 0.13679796748947692
790 1292527.0 0.15856577914752695 0.23099300684061583 102071.9415188805 0.06606929347386073 23066952.82245681 0.15158080032362942 0.19154703720883381 0.15119544397268175 0.18616856285650435 0.11774827663291128 0.1382659450825418
800 1305920.0 0.16166735785116823 0.24035694696186438 96784.44353397627 0.06617008684316468 23098678.522402044 0.15130656614276847 0.18241980098487584 0.15119519833964318 0.1861918379781988 0.11865756689436306 0.14121292999573937
810 1331988.0 0.16258544548926573 0.24052348821818392 95820.90282297063 0.06620805095364016 23168905.012243748 0.1458630600163531 0.18187115604939738 0.15112606398701653 0.18613453124454105 0.11932778333474484 0.1411706837660529
820 1341203.0 0.1719870907145799 0.2428719953024223 82037.54232622408 0.06627167138742861 23205455.348235145 0.14822680761613463 0.18338019658311616 0.15109073396087624 0.18610092596740055 0.12178682343248012 0.14268633486164234
830 1363360.0 0.17286832080969736 0.2430736445186756 81105.9987717799 0.06631979627516273 23251819.095546518 0.14814745059358592 0.18349427281852532 0.15105554527249856 0.1860690419300522 0.12233171737058506 0.1427683560231736
840 1382453.0 0.17358331258828616 0.24396413966793895 80266.9600118866 0.06637920984798766 23289428.662635997 0.1484293149070371 0.18312710751042455 0.15102381789975666 0.18603816073380164 0.12232837205473159 0.143123145250705
850 1401440.0 0.1736022109588518 0.2443439315187854 80729.67632110909 0.0664372165060003 23328766.414613064 0.14843633240498885 0.1838894791777193 0.15099331628650095 0.18600842972647133 0.12231095937131377 0.14295735021930386
860 1424782.0 0.17473979636907436 0.24443007891767912 79588.87491161234 0.06651927109889197 23350537.208509676 0.14914170205903624 0.18279445276465445 0.15097108093992567 0.18598080405001285 0.12261469131646399 0.14294860554175923
870 1447497.0 0.17519807736686527 0.2445006056101449 79334.86464805968 0.06660088510319477 23372602.821921486 0.14910169039851984 0.18269603452203384 0.15094958576778292 0.18594346060433156 0.12277504279937694 0.14297761330665446
880 1461343.0 0.17564274424842888 0.25508506634858347 78914.481310569 0.0666823173650832 23394559.30152126 0.14909631088308561 0.18518443370923154 0.1509285322577917 0.18592021363666797 0.12296806429632995 0.1518982557757669
890 1482994.0 0.17673335029541484 0.2599815891072284 79324.90609014542 0.06675045297206375 23426210.232691456 0.14529165633382524 0.18816134355873618 0.15088596601906618 0.18592915715022842 0.12329195338766832 0.15329941560909358
900 1497440.0 0.18266953385433277 0.2601943673282607 72217.97509171866 0.06684524334164918 23430585.750666264 0.14688766041030177 0.18760287310611423 0.15083019955904553 0.18595004054015854 0.12492013005472366 0.15337715823131923
910 1519615.0 0.18581733815252197 0.2603661099659913 68674.21419638215 0.06681285092140478 23524517.053483095 0.14444350058316874 0.18744431735297018 0.15077269352930792 0.18596673034760708 0.12497707616874613 0.15333918793354123
920 1530333.0 0.18651368552398423 0.26111803313504217 68220.53489132666 0.06678594512453864 23613753.34722984 0.1441341438142723 0.1872151545447156 0.15070277777450125 0.18598124857177462 0.12499014037900451 0.1536861320014428
930 1550058.0 0.1866074437785049 0.2612146248630329 68181.97082120717 0.06673879000931157 23719232.226698313 0.14340065355245138 0.1895400969653621 0.15062512684064963 0.18601444442518084 0.1249495015557294 0.15375324192600293
940 1560117.0 0.18674511172235847 0.2618721155470627 68175.01393295905 0.0666915665423036 23824885.093439605 0.1430888811456021 0.19228987328991867 0.15054736739865252 0.18605262133287567 0.12496282019381055 0.15393841257544041
950 1573217.0 0.1868936234213278 0.2639375947382044 68104.75573096906 0.06665248279159117 23923988.44748938 0.14293553000423553 0.19117942018887427 0.1504679802864683 0.18611026499892236 0.12503464233522854 0.15382961377155907
960 1581980.0 0.18703598349948614 0.2644061999854311 68154.13826887909 0.06661393270040736 24022785.886034794 0.14295844517151482 0.18859569289252062 0.15038963275576495 0.18613069910062585 0.12509334453693366 0.1541084859205416
970 1594909.0 0.18953918231630063 0.2645272512230191 65599.70090439392 0.06658053244387721 24115285.498668592 0.14346084030297102 0.18920340315311737 0.15031740037880353 0.18616178022310198 0.12635449732773896 0.15413597736483475
980 1607682.0 0.18961096369491923 0.26590053129277935 65732.20022756037 0.06654435009249209 24210250.663468074 0.1433896595829885 0.18655261368572684 0.1502470833453487 0.18617874745150173 0.12633687936352764 0.15472338656931645
990 1621445.0 0.19118045742231252 0.26609860220972836 64272.82490990761 0.06652985982290723 24286211.62932491 0.1411817919263251 0.18660923867411122 0.15016490956589226 0.18618256194740082 0.12649593446188936 0.1548284640833443
1000 1638283.0 0.19211500595237216 0.26647084599553933 63831.01172401213 0.06651564160662553 24361548.78751412 0.1408695956856475 0.18345733547994958 0.15007326012727554 0.18616129743623466 0.12650027332035824 0.15491421134938388
1010 1667458.0 0.19218489667172828 0.27369852326490746 63810.821000195465 0.06650829271958683 24431290.171526376 0.1408059294645339 0.18666586623188128 0.14997937019741284 0.18615001272741924 0.12645456676432007 0.158612827377503
1020 1679869.0 0.19395535797559316 0.27414536807248935 62305.577482515146 0.06650678371084896 24494820.37872839 0.14055693279552237 0.18661834606772587 0.1498881975766855 0.18615483350513715 0.12710802303648494 0.1589598211524103
1030 1693422.0 0.19415179243932618 0.2751085463924946 62535.56353914965 0.0665060506678976 24557949.850695867 0.14066287365571983 0.18665687466239617 0.14979854260245595 0.18616234504778617 0.1271799075960739 0.1595121689549408
1040 1711838.0 0.2012721614298654 0.28169877208473615 56171.341182586984 0.06650450350610737 24615421.226438176 0.14076369123365318 0.18924576419958 0.14971115217004366 0.18618439053180252 0.13248652819422932 0.16331297605046335
1050 1731972.0 0.2046177662904588 0.2901042171176017 53652.85867586738 0.06650266814115709 24670638.40347799 0.1412102361081404 0.18574514112901538 0.14962921400723514 0.18620024002503724 0.1343891525998438 0.16687235614240223
1060 1745477.0 0.20468550337552635 0.29075928630658177 53699.06913456819 0.06649605161519455 24729989.74782494 0.14131657453750776 0.18673065783642137 0.14955023618790503 0.18619997057196644 0.13429177317099283 0.16671442535899983
1070 1757568.0 0.2060716447082748 0.29382957586536074 53005.83629428485 0.06651413975639124 24767672.460370228 0.14890672163769142 0.19038368480105064 0.1495012819443041 0.1862156675928028 0.1343865132946805 0.1682329425818123
1080 1767220.0 0.206377907785352 0.3001719888935738 53165.93184831214 0.06652532889620201 24811345.809518453 0.14870116828199884 0.1926565500522597 0.149493987128643 0.18628034811023278 0.13452201820142062 0.1662186289174614
1090 1774997.0 0.2102427815777919 0.3151389285681828 51054.26213014023 0.06656593344069149 24828084.56938235 0.1488015057930655 0.19944736026120524 0.14948663322126388 0.18636420293964304 0.13789268436217994 0.17072954676218655
1100 1794174.0 0.2112297363655659 0.3177461654152058 50647.46108526252 0.06660118603068053 24848861.702650405 0.14800195115570478 0.1903121165687449 0.14947456110649734 0.18644386938666074 0.13804145075499086 0.17134728993099013
1110 1806515.0 0.2119499186453124 0.3180636694842016 50171.328100916246 0.06665043047567369 24857601.17472113 0.14798812372037679 0.18951695232544025 0.14946125133582236 0.18647656732033505 0.138795486987114 0.1716109478725945
1120 1820620.0 0.21199541802510904 0.3186169347763162 50239.91125862826 0.06669935341124206 24866829.78565059 0.14726139124626772 0.19155548874229641 0.14944197969645434 0.18651781693299907 0.1388277122466779 0.17193249360271393
1130 1851119.0 0.21211207452511016 0.3195016243585924 50374.61969808126 0.06669985115294291 24916777.650196973 0.1470162464475537 0.19206304178673084 0.14942179064213132 0.18656560872711306 0.13880907184486252 0.1721229176024297
1140 1871868.0 0.21332256173509848 0.32522343119052555 49739.48762827963 0.06670335072700628 24963510.266271565 0.1470425151075398 0.18156711681390753 0.1494006569345872 0.1865676871724178 0.13927964373062143 0.1728536844977615
1150 1882678.0 0.21334617596569344 0.3274441196959733 49825.84745977235 0.0667067899635858 25010383.244126048 0.1470128202515994 0.17966227661989911 0.149380067051135 0.1865177172034968 0.13925301777497773 0.17338374069532383
1160 1900325.0 0.21358033408131058 0.327732685259702 49886.104769508296 0.06672200442690616 25047300.42808976 0.14702024185964946 0.17981954751557316 0.1493596703194153 0.186459602644452 0.1392209718448619 0.17336762340432163
1170 1925111.0 0.21373682691207027 0.3278743522679855 49849.909018879436 0.06673707449148736 25084313.988971025 0.14703002995443545 0.17637140852336441 0.14933987820817576 0.18637464671497525 0.1393457990925895 0.17335795433715473
1180 1939242.0 0.21610173381541806 0.3289556989685966 48428.17766807657 0.06670644396038607 25159703.839903887 0.14462707419887602 0.1761806119707133 0.14930495288688764 0.18628834943684272 0.1396211511160305 0.17333649657112998
1190 1956845.0 0.22028145691564557 0.33246341583299743 46103.319070877646 0.06670582515029269 25206351.774640806 0.14469701016462724 0.17756577399408294 0.149265975768483 0.1862068557424325 0.14310433887869928 0.17613487231720631
1200 1973983.0 0.22195185915808735 0.35604848915114173 45100.44391417436 0.06671612024590498 25242387.835696355 0.14527213040227882 0.17886716039949352 0.14923192965599658 0.18614949638065967 0.14356245623169603 0.1860049103784902
1210 1987206.0 0.22238995088728275 0.35616892905302744 44986.20249251496 0.06674171167218033 25265028.09749963 0.14616839576067128 0.17875591389840803 0.14920380450021903 0.18608914883295044 0.14402500390771675 0.1860083135530628
