1 4743.0 0.22960503705751226 0.18529978194014518 12605.67795849941 0.22960503705751226 12605.67795849941 0.5220258838519607 0.42237226690146457 0.5220258838519605 0.42237226690146457 0.22960503705751212 0.1852997819401444
10 21992.0 0.23825850288067357 0.20956421084140975 11301.538945578563 0.23028229835524155 23896.498086223644 0.5181767040499041 0.41773300783286116 0.5194355887973411 0.4227865098832311 0.2352035666990704 0.20400095371768684
20 35820.0 0.24365255174445735 0.21913117257864392 10850.154671423526 0.23211761856041024 34707.700299216216 0.5197904067604963 0.4238501468501515 0.5188790081450451 0.4216327585949366 0.2401765389243778 0.21221974094411028
30 59612.0 0.2438356731140434 0.22158704202522178 11178.697878368019 0.23287579653952778 45879.52541426771 0.523504294814917 0.43197514875272364 0.5203568012702895 0.4246422647539811 0.24063561176247342 0.2142597323932854
40 81191.0 0.24673144623563986 0.2550320002506519 10813.966248222916 0.23330571128456928 56681.52084386272 0.5287072144825311 0.44833133343800563 0.5221263931117731 0.42883612111296077 0.2424621530110847 0.23098016564444324
50 98121.0 0.25734576606764364 0.2777772168014202 10021.740127481 0.23133561788556514 66929.25691663155 0.5366865302632462 0.4631271486772583 0.5243349817140034 0.4341412220593097 0.24697977695377382 0.2463903327955003
60 125683.0 0.2676692293033634 0.2832251553840704 9437.34851484709 0.23111429012771842 76396.40344207612 0.5436739937853896 0.4721531120478481 0.5268180335887533 0.4395992651108478 0.2526228159820744 0.2518795216241987
70 158855.0 0.27027788199261543 0.28786087046969455 9236.161376585835 0.23123840382175748 85614.62974088614 0.5451996143402758 0.472204321518342 0.5292285602556426 0.44418707424850284 0.2548957387365028 0.2590286832268686
80 184410.0 0.28640153751177727 0.2942466998585422 7853.74596311528 0.23296122310620193 93067.73567575961 0.5443814588324921 0.4649065237500465 0.5311018386217347 0.44716332870921466 0.26786132844534155 0.26497518800790454
90 201824.0 0.29381032485751785 0.3018558884389353 7275.380553662728 0.23489404542975006 99811.28834849238 0.5471557691218009 0.47365834168096177 0.5326351719855105 0.4493121666613894 0.2718760450914957 0.2695021186470675
100 214450.0 0.30602787803680764 0.30924373084412343 6491.3921749782285 0.2365292876855909 105698.15858881346 0.5572757567926585 0.47626907129793017 0.5343744744231312 0.4519345127444813 0.28167086710276196 0.2758492602465509
110 229459.0 0.31118444541359197 0.3235070285284889 6236.548357613264 0.23814267945197862 111311.62581998884 0.558641353737813 0.4734943878862349 0.5363609240149784 0.4542284235328654 0.2867245913406762 0.2835328819726197
120 241767.0 0.3489754974023538 0.33385943581123356 4557.781144091717 0.24085194174341454 114284.51902043336 0.5950838392936603 0.47934319526931796 0.5400573407540646 0.45613399916455327 0.3030066613905559 0.28912423120394964
130 256217.0 0.36549118142652276 0.33849975051467907 4083.5736939826047 0.24123423743086478 118089.34054710333 0.5979233495104035 0.4723069564189158 0.5444248416779474 0.45767057239288833 0.30963277519579396 0.29091248781262596
140 272788.0 0.38104449998782924 0.3437281719901022 3626.040179268859 0.2445037013632337 119513.00960744837 0.5872752347622279 0.4669494807729189 0.5479769205209101 0.4587692529846538 0.3195943062332545 0.2935915128358077
150 280815.0 0.39223003694353664 0.3592230281597476 3387.767936309253 0.2473662434867136 120917.90394459471 0.5812303749984598 0.46772060542121 0.5503326151072716 0.4593400865537758 0.3253090096179187 0.30381907107462175
160 290911.0 0.4008880559537091 0.3752277939484439 3234.7520892213215 0.2505194740875649 122047.83715803587 0.5790623133757746 0.4801257838237232 0.5522185235182607 0.46029790998005743 0.3366655580641067 0.31419020420323696
170 299678.0 0.40422299949346086 0.37939846130962046 3161.9753128318966 0.25317200558432107 123448.79783677036 0.5773203937249719 0.48085820986939914 0.5536921743852918 0.4614604454462371 0.3390835463308618 0.31704252354972834
180 321121.0 0.40507084665855186 0.38094642007585494 3154.520696388145 0.2555434959764864 125081.37430240559 0.5786025227349144 0.4747125314812039 0.554993706760167 0.46242410636189707 0.3407253975553991 0.3180902157214911
190 337037.0 0.41923941530016123 0.3890635753894097 2887.8632000705657 0.25805176375909766 126296.48596945542 0.5802422173185936 0.47353118776157305 0.5561739343728686 0.46296970876447574 0.3548204862165703 0.32389538969075743
200 359632.0 0.4498665496107006 0.39287095411403283 2356.219837195781 0.2604551464655105 126780.94886014682 0.5841095047274543 0.46966468631438607 0.5575741972777257 0.46337796763277866 0.3717686236067258 0.32641150210684144
210 386370.0 0.4537759628615406 0.4262392468415896 2336.0109067654034 0.26274416124324323 127393.26452340055 0.5839164017327044 0.47435898308740576 0.5587799841410561 0.46393689739403876 0.37350109793807584 0.33369703505082854
220 417289.0 0.5010776409770529 0.4358036743217984 1743.4254846654926 0.26516151313711417 126997.88839762102 0.5942341557866859 0.4784528657928781 0.5601518408869384 0.4645699959533455 0.40137182518885467 0.33998002743418426
230 426934.0 0.510722537675521 0.4652921555572915 1677.1117715400328 0.26766402909568243 126517.5735445728 0.6105036403972622 0.48993781278132864 0.5620296794803405 0.4654869154740567 0.4052529226769353 0.3537542420494932
240 445969.0 0.5186192122514018 0.47640046233231925 1637.2529767861488 0.26990985725784666 126250.00399770949 0.6182482139172223 0.4977317554313266 0.5643054986430399 0.4667707400595437 0.40789833661354646 0.35523120512358236
250 471590.0 0.5207721869954292 0.4789357413314289 1655.962905725478 0.27104112526230506 126928.87195529527 0.6155095550821055 0.49027929882460136 0.5662021758402402 0.46782662934786023 0.4096644966625207 0.35776702096062873
260 487922.0 0.5459233219313993 0.47976659716205433 1439.7167075510029 0.27286461433813414 126763.65463034736 0.6332547202973913 0.49095852731106254 0.5680888443111558 0.4686609782490058 0.42035140079995875 0.3584636766881091
270 506846.0 0.5961298070363861 0.49548319561503057 1147.7123843602287 0.2758372328680845 125230.58990724722 0.631355168910019 0.4994139524163323 0.5705189683464343 0.4696064385076587 0.44388314985257893 0.3610521725496585
280 530963.0 0.6026482836007174 0.5083436697026736 1138.924638745798 0.27805215166839364 124388.56308644291 0.6303508815443696 0.504164111655708 0.5726680121383727 0.4707742243628779 0.4494234720086197 0.3657071944739661
290 543502.0 0.608467664981369 0.5350770538171072 1106.6253037382867 0.2801600506826039 123643.30380551686 0.6244384614191995 0.5026282025605733 0.5743238340623636 0.4718534512218618 0.4542055175511654 0.38485883429340884
300 565439.0 0.639311997188344 0.549517709816433 960.1835288399955 2.7035730970511725e+23 25077961.681550235 0.6225298787644852 0.47568436787357954 0.575836843710272 0.4725186125677299 0.4672413984715932 0.3916939462888386
310 575721.0 0.6521961517920087 0.5519034508736529 910.7700566477798 2.6190864377683234e+23 27579949.135449395 0.6173693898667914 0.4739826947665014 0.5772884530182083 0.4726102866982032 0.4746428204096582 0.3923453389244802
320 589977.0 0.6612721735176715 0.5619181190101774 891.3409250786115 2.5397201820783743e+23 30243048.521059856 0.6217103316391253 0.4797646941193093 0.5786397620046971 0.47273396075537444 0.4814873861019923 0.39433038830638584
330 604641.0 0.6952809936169082 0.5766002141065365 767.1891052535976 2.4650225296643043e+23 33072286.940423302 0.6242590386527537 0.4738692137063169 0.5799564924404692 0.47282870048918113 0.5026580348011099 0.40146218828244457
340 618404.0 0.7229618274692473 0.5815308595415106 689.6431361404719 2.3945933145310384e+23 36072691.49558143 0.6192320630707693 0.47327505399163805 0.5811909683134556 0.4728643031741324 0.525223172631009 0.4018237816894788
350 642727.0 0.7440155106163513 0.5850097331972058 642.7948154808106 2.328076833571843e+23 39249289.28857592 0.6194866454200357 0.48089300695529374 0.582322877102253 0.472995056230813 0.5307526894392712 0.4017272241913711
360 667058.0 0.7544387991774752 0.6003405921962145 622.1591871780436 2.2651558380699014e+23 42607107.42144847 0.6167979621018767 0.4802349289165424 0.5832334134299191 0.47321050776596413 0.5391540890223813 0.4066775870206234
370 678494.0 0.7641238921756605 0.6048712141184325 608.820124227503 2.205546473910167e+23 46151172.99624079 0.6185712060859846 0.4785041537943438 0.5841460311175252 0.47338912892782303 0.5443708364671099 0.4080773895191883
380 698584.0 0.7647154181502901 0.6076604022654329 607.7724910539831 2.1489940002201627e+23 49886513.11499457 0.618546864565986 0.4782213299080156 0.5850494728190362 0.47352177812402335 0.5452261680860327 0.40931994572185526
390 713187.0 0.7702453283579703 0.6093537137059515 596.7001292069359 2.095269150214659e+23 53818154.87975147 0.619307118146098 0.484122437874581 0.5858873775192608 0.4737186435021967 0.5481429985396282 0.40912872644308784
400 752241.0 0.7843948305540726 0.6241027101292895 573.8323004780037 2.044165024599667e+23 57951125.39255321 0.628810935426373 0.4907578832373672 0.5867634691303915 0.4740006816983954 0.550874716514693 0.41405113578535974
410 773258.0 0.7853255210224908 0.6388078724667124 575.0973018984031 1.9954944287758653e+23 62290451.75544151 0.6183199142585741 0.49786836713548527 0.5876548103722982 0.47442059271444664 0.5511884024201139 0.41859421013120585
420 782342.0 0.8072166603131999 0.6656583885274365 536.2228598586894 1.9490875815950315e+23 66841161.070457995 0.619722378819798 0.4924066894474769 0.5883816857157409 0.47493414614408724 0.559799063621222 0.42951613506660447
430 799632.0 0.8170508382476024 0.6684845215894558 516.4342443127135 1.9047901365587806e+23 71608280.43964443 0.619445145521447 0.49108953705113967 0.5891172431727604 0.47532707722751444 0.5648320787405926 0.43104128036142164
440 825808.0 0.8177059629226529 0.6708521984108722 524.1135687260428 1.8624614668574744e+23 76596836.96504244 0.6139106210054295 0.49654340028561755 0.5897401038084786 0.47571200487512866 0.5658415857968001 0.4317335484627593
450 845312.0 0.8222075780165735 0.6857637285469786 517.2789857138539 1.821973174099703e+23 81811857.7486938 0.6059667590671469 0.49547664264445607 0.5901916818967583 0.4761482944454497 0.5692773609907288 0.4367686471572494
460 860621.0 0.8524359108228563 0.7057640553642679 480.2606450988522 1.7832077874167308e+23 87258369.8926401 0.6142571383301602 0.49904076670501757 0.5905555222464896 0.4765846993555001 0.5805959095182113 0.4453413853874181
470 870635.0 0.8556792595238139 0.708220371021918 475.83568744042566 1.746057625178882e+23 92941400.49892312 0.6136793987753164 0.493769356917979 0.5910492504022052 0.47697943866216896 0.5824114952594153 0.44652787346428585
480 881726.0 0.862372839775092 0.7126697038018677 466.38438528565655 1.710423796093599e+23 98865976.66958447 0.6121180021882846 0.4937871059748374 0.5915300025280167 0.47733749119429797 0.5856353822250319 0.4484276388997127
490 894079.0 0.8652685084958263 0.7132615096032129 463.10312008007566 1.6762153201717268e+23 105037125.50666599 0.6044753679511966 0.4941349468337538 0.5918283572421082 0.47767013401545005 0.585869685169109 0.4488165274888713
500 909571.0 0.8667369287534298 0.7240475866821111 467.5808430114786 1.643348353109536e+23 111459874.11220922 0.6033734002078458 0.49498222604758213 0.592066089597872 0.47801555948948393 0.5856913866728092 0.4563265983772537
510 929037.0 0.8672122719623957 0.7320325529484919 470.8709865080445 1.6117455001651222e+23 118139249.58825587 0.5938161157813162 0.489391665071093 0.5921761089084959 0.47824611399126077 0.585808072837851 0.4601761420465265
520 943264.0 0.8747851352038464 0.7471252567008142 465.63820907003696 1.5813352077091762e+23 125080279.03684777 0.5840334509968135 0.48746731087407547 0.5920646567347837 0.47839170249981083 0.5888848504765879 0.46623797144787527
530 955151.0 0.8851626535379532 0.7522002765649259 450.4542376367672 1.5520512223812288e+23 132287989.5600264 0.5841957365262993 0.4873242165801582 0.5919152992767754 0.47856665059543363 0.5906694832361866 0.4685168856347494
540 973379.0 0.8879995321291932 0.7673514784136014 453.8947053422932 1.5238321092470246e+23 139767408.25983363 0.5803935992082649 0.4855967926622489 0.5917296356636121 0.47870455091270897 0.5914192413287949 0.4763878963636822
550 984353.0 0.8880346254929351 0.7674302331103009 462.01853410940566 1.4966208215818992e+23 147523562.23831108 0.5725160687356127 0.48511585740090113 0.5914942206391103 0.4788266367137004 0.5912215254655196 0.4765912084332871
