1 63.0 0.07659357374122759 0.1143106935939257 376957.3905474634 0.07659357374122759 376957.3905474634 0.2687637386241063 0.24250209215711677 0.2687343454387757 0.24249194577424296 0.07659357374122738 0.11431069359392994
10 12024.0 0.07662262942875034 0.11437840987237269 376990.8677744164 0.0765935737412276 753948.2583218795 0.2681441034750473 0.242482055346578 0.26870206394049534 0.24249842583199915 0.0766073226709337 0.11434259531181304
20 30009.0 0.08261972510715758 0.11444299013622133 301130.1511535272 0.07858374068564798 1047349.3552610173 0.26814412100346363 0.2424828481563167 0.26843637515824376 0.2424909323855075 0.08252541743103022 0.11439194492503871
30 41680.0 0.09140582877426581 0.11585370417976623 226168.18265596137 0.0816770371001655 1245158.4569234778 0.2709112366005602 0.24143869634198276 0.26922480102450613 0.24224103554584928 0.0886925758244459 0.1153617120744614
40 60086.0 0.09143917706355324 0.11585652769439166 226087.83942019843 0.083533014948876 1455880.8719972651 0.27091102700959163 0.2414377911679896 0.2696361216627886 0.24204532097968529 0.0893155878676188 0.1154539324573888
50 70372.0 0.09158415051334115 0.1195824457951036 225474.18752150674 0.08477562099447235 1671569.5769339253 0.2708659799189874 0.24107780959105013 0.2698825984351582 0.24189809215944072 0.0897235142959794 0.11858591733422923
60 86105.0 0.09314216591894063 0.12246445970909464 214537.74558091295 0.08543910291894974 1878897.0951879893 0.2711577014324417 0.24115115708525586 0.2700820656421615 0.24177322190281986 0.09124938838392711 0.12101186557957412
70 99367.0 0.09400139887265518 0.12283407073710836 217106.81145019474 0.08565391814723716 2093553.905578142 0.2683694071614034 0.24223620293909856 0.2699786312108155 0.24178309781140483 0.0920093688308415 0.12129141882067107
80 118036.0 0.09402569410042004 0.12538707323470683 217490.64056691783 0.08582114345833919 2309172.107685004 0.2683796393674718 0.24226292524881554 0.26978063138044156 0.24184081287458947 0.09212637031576668 0.12374059344556458
90 139265.0 0.09409602035791298 0.12546771553166924 220042.7209270431 0.08406652638942294 2574104.6018015994 0.27185916288940887 0.2431542258989456 0.26977135702995864 0.24192201373228867 0.09216107893236915 0.12377844967490803
100 149226.0 0.0945777103748474 0.12888441659301575 217231.44552689418 0.08400847114766213 2792197.1633379054 0.26957813840968403 0.24334827425018196 0.2698170548628382 0.2420569008177204 0.09238892559763315 0.12667711067536414
110 173497.0 0.09957508683196924 0.13311044676358993 189657.11821871847 0.08434216094732654 2974735.8478721892 0.26971406166118733 0.24254448740895612 0.269813444001808 0.2421143584225841 0.09660819180703496 0.13025231255865635
120 198344.0 0.09985606994858845 0.13349663231151168 192401.48611067378 0.08428491907090484 3168525.5522708837 0.26856557918522767 0.2422788243565143 0.26974684314963443 0.24214499769801226 0.09680794060993217 0.1305043578626638
130 215521.0 0.10006595869784311 0.1447055954529055 192137.8453444674 0.08425710647949648 3361334.0035364735 0.26464030803142174 0.2427601117570939 0.2695622648815495 0.24216484506120506 0.09687780701726831 0.1381008798601585
140 231545.0 0.10061554881042513 0.1457432269179738 193839.28492255748 0.08426133324485859 3555076.946464705 0.26512190403533575 0.2437020071368317 0.2692398013982079 0.2422728163464209 0.09725711930208851 0.13898175320184084
150 257084.0 0.10094253426064519 0.1458067068437239 192815.973350741 0.08426503166455043 3747806.634966114 0.26513346478915883 0.243704122375903 0.2689674750793394 0.2423674797125026 0.09739850830713559 0.13913489245990227
160 272163.0 0.10788270304796382 0.14771323862648655 158265.4331495923 0.08437429128522368 3901603.911578875 0.27013886706569534 0.24984572200254662 0.26892573819942367 0.2426796819168426 0.1013970384565273 0.1404160082170478
170 294721.0 0.1191970521872758 0.15022386042123428 118879.22386746395 0.08486130457364781 3992143.505812156 0.27693160981442094 0.24717423404673927 0.26917180501335947 0.24303019076501298 0.10650520161550268 0.1423622225896226
180 309977.0 0.12076979451238536 0.15052086069015858 114844.07013814103 0.08536849355036029 4077332.485201595 0.2770551723715189 0.24634554224079722 0.2696054940055911 0.24322316457126764 0.10772779591488207 0.1425306295403398
190 327437.0 0.12674911349765067 0.15184528017382048 99492.82305257916 0.08611914305181909 4129404.8065263177 0.27700578685051097 0.2443662710672257 0.2699960228402144 0.24335248112691646 0.11226201755163688 0.14339535421741523
200 332460.0 0.1355500891916049 0.15822835318865006 82300.25582611287 0.08688970885879735 4155101.765441867 0.2782472529811225 0.2427274345446309 0.2703788948689778 0.24337295555217836 0.1197776672439828 0.1475625105044481
210 350488.0 0.13907078323883654 0.1617226374179794 78592.88925222935 0.08732031741649465 4199768.305277312 0.279663960206254 0.25255804125444414 0.2707871551037768 0.24366671831480774 0.12181719473887648 0.14917188427483075
220 369504.0 0.13912110408315134 0.16178227481876498 78778.7998116489 0.08771115604492499 4248356.485527281 0.2798969580460656 0.2528187667131818 0.27119304330956073 0.2440737619261098 0.12211962525338574 0.14919639962322842
230 383495.0 0.13924301975654862 0.16624392081433714 78675.20953925417 0.08751805421400567 4343700.301210156 0.2772068308866769 0.2524455035086732 0.2714848238922487 0.244440186723209 0.1224282284672805 0.15299239620716673
240 397720.0 0.14053667298366965 0.16698942482847065 76910.88970946164 0.08709636589497992 4459852.304208914 0.2769354250287001 0.2524357002146116 0.2717288648450502 0.2447655366013045 0.1229459726524769 0.15346482572315417
250 411656.0 0.14318730248257858 0.16728824653385488 73563.71616847867 0.08670711513895614 4571330.994779182 0.2775576343023571 0.25230333687364614 0.27196469722329075 0.24506959631777778 0.12379371313790871 0.15348206817536666
260 439686.0 0.14328655424415213 0.16747221033489892 73456.75158733818 0.08634915181756535 4680287.238698692 0.2775730789871433 0.2526925355853471 0.27217924522187814 0.24535828846339858 0.12398126688879058 0.15356145880914873
270 451994.0 0.14353045891973237 0.1677718840763154 74587.96800003615 0.08602099151852623 4787606.411488125 0.2755076411535001 0.25265834417950656 0.27234239410777783 0.24563241745618153 0.12410924237709532 0.1536471141285992
280 482884.0 0.14407752042131436 0.1678146776270029 75247.0969407945 0.08571546296424841 4893608.623520813 0.2754421201553972 0.2526743864506625 0.2724532543569259 0.24588274268899685 0.12456782003291789 0.1536194694722088
290 503272.0 0.14424797581557647 0.1680467881848282 75297.81590490961 0.0854340762912158 4997589.725703886 0.2756785683858817 0.253308298330031 0.2725737622779931 0.24615002340102973 0.12477029621553655 0.15369741325345726
300 520656.0 0.14870392982177535 0.16813273465272435 70287.47875365411 0.0849963773140964 5117231.0031770645 0.27659153038715567 0.25227842290518376 0.27273297146745473 0.2463509480610911 0.12599019486895247 0.15359760400914158
310 537974.0 0.16999884509662233 0.16934821926516655 47682.37026551557 0.08477567607328163 5194104.203540352 0.2673888780290549 0.24027261738120825 0.27262930537663765 0.24618433456566832 0.14362915230191622 0.15410646868100789
320 559697.0 0.17720501745014897 0.17916391062146794 43010.072233935476 0.08478121063985244 5236372.990071475 0.2723463415600183 0.2397532309464318 0.272534871909628 0.24598771912027495 0.1460201058993363 0.15617976774654824
330 575677.0 0.17819779965615287 0.1809635959024229 42408.0602199575 0.08472572032149024 5286325.684621422 0.2708526088390822 0.23856378167553316 0.2724952662197633 0.24577088655064958 0.14643381855130205 0.15680446735039108
340 595427.0 0.17936005101047292 0.181190750393622 41614.73427537325 0.08473661005380859 5326461.978928712 0.2764398640240843 0.2486121652917803 0.27246022264542574 0.24558884676397805 0.1466176344698349 0.15661634917968698
350 611114.0 0.18841954844271172 0.19409654960141484 36663.10886726379 0.08471525545084642 5366168.0621814765 0.272278883487996 0.2519176714261438 0.27253727863098104 0.24571462856377985 0.1517135596877062 0.16377498274263944
360 648954.0 0.18856380315422427 0.19451405007676126 36610.72414058787 0.08469650153236963 5405454.383066093 0.27290600430802653 0.2502093773780787 0.2725378661086547 0.2458703294537273 0.15177143536770293 0.16394168476525664
370 665537.0 0.18859754911589877 0.19497190752145044 37174.761941224286 0.0846793389702179 5445066.9615881 0.27291271099071696 0.25013044382822663 0.2725477843399923 0.24598711299252826 0.15175527808080472 0.16403936211645975
380 691526.0 0.19334569665450915 0.19709601741557228 34594.12884300551 0.0845861911969814 5493393.128118836 0.27317394757301006 0.24547936402931594 0.2725615058706135 0.24602266988679586 0.15339540265058607 0.16348539365223358
390 705240.0 0.1935899282464771 0.19752095296673391 35193.383700254584 0.08447463393296942 5545079.441320832 0.2787630792976056 0.24663538491405274 0.2726804853696336 0.2460372588887572 0.15344085026423263 0.16345414675262163
400 728703.0 0.19554422788547782 0.2024953771802109 34438.78672051151 0.08436817377873498 5595447.3845060365 0.2814475407522138 0.24608671790418438 0.2728764125221149 0.24606360815651598 0.15436736197652692 0.16555618689894774
410 744602.0 0.20058241468608795 0.20420511842870923 32082.555808832924 0.08437342168003042 5626738.344007951 0.2820718792601226 0.24362649794060445 0.27311719050745814 0.2460417532911943 0.15705770834393631 0.1666781017048916
420 771259.0 0.2019621664345762 0.20592587424644854 31487.011354415805 0.08438219260774527 5656895.809724405 0.2816994404271291 0.24375135219328953 0.2733209294693146 0.24598728957624294 0.15728907116639945 0.16804841956702074
430 787600.0 0.20246644955416046 0.20607547876244325 31282.740797545717 0.08438685342731413 5687470.393543039 0.2817329074318541 0.24322013645676496 0.2735158705520387 0.24592678447183672 0.1574739981386634 0.1679798790586394
440 803341.0 0.20299157072381976 0.20859266757635025 31160.465663322106 0.08440331650486269 5716132.654322102 0.2838068849522364 0.24273230709056404 0.27370976398917807 0.24585746879912362 0.15775433064596237 0.1687818519868762
450 816776.0 0.2036330925163137 0.2086578621987769 30909.845662368723 0.08441906379643087 5744648.427631494 0.28403012703905256 0.2427687640090629 0.2739342400335541 0.24578856587947093 0.15803872350386935 0.16870608544553392
460 839265.0 0.20834054931550677 0.21277490674622626 29079.447111285586 0.08454378140258627 5754818.030004273 0.2821889586712188 0.24324916127058985 0.27414098413756044 0.24572383028841957 0.16206976031253226 0.17077316178515453
470 863419.0 0.20879817351472227 0.21299967167971526 28903.306244363986 0.08464068200903656 5769014.475339762 0.28107417236309223 0.2436921333863234 0.27431219576965954 0.2456780899236736 0.16254052382008652 0.1709224773527478
480 887054.0 0.2214463907886697 0.2131526639872275 24397.85079199156 0.08485672188059928 5759795.149067264 0.29040264028531804 0.24283061839067227 0.2745304640721812 0.24562980585437708 0.1686524355406567 0.17082956807851202
490 893480.0 0.22587536925695012 0.21587262762473908 23117.59972802783 0.08515527963623291 5736952.634185308 0.28945989368071784 0.2406087392547489 0.2748405822316353 0.24555355643073373 0.17375636700896177 0.17282693257623524
500 925839.0 0.22715158111272996 0.22126245962653776 22856.146843297167 0.08542952313950478 5717909.5509541975 0.29090003574363105 0.24650759900315464 0.27514136172287473 0.24549125692786264 0.17424438572849302 0.1737069748624111
510 958099.0 0.22945498484874036 0.22451123511067272 22294.052178861 0.08564193113378045 5707587.173659426 0.287033050510266 0.24828956303483857 0.27541971703428186 0.24552427893265505 0.17603281560282372 0.17475363932057714
520 975561.0 0.23011134991230572 0.22652193941698062 22165.618623580776 0.0858242586126776 5701856.2767351465 0.28745051350204504 0.24797145161890444 0.2756466793300751 0.2455722751337497 0.17615222406345676 0.17608635218197322
530 990418.0 0.23023264112322697 0.22659601830905118 22138.495955788523 0.08599979028938166 5697348.034504057 0.2880203727283817 0.24815428948774387 0.27586967537326507 0.24561772334164278 0.17620674946437637 0.17609954690508403
540 1014126.0 0.2432956062357516 0.24212767952301956 19007.06550124076 0.08646097657651365 5647738.990502881 0.28677408793530335 0.24947558993665392 0.27607116517713837 0.24568132340178672 0.18429418352136714 0.18292151516765368
550 1025533.0 0.2456426269675716 0.2493160861105952 18577.698552354846 0.0867477263964843 5622906.326133094 0.28650325311501457 0.24926879701281546 0.2762593323493555 0.24574765934095674 0.18507210216683778 0.18661574621059737
560 1044757.0 0.24697120662056093 0.2516042877361009 18298.579828970152 0.08705561220529924 5595264.432159227 0.28618195154054993 0.24773706107856686 0.2764402152422842 0.24580223361709946 0.18604086924692978 0.18657732911540334
570 1069213.0 0.2639455291287337 0.2537795231407562 15147.93003360365 0.08731073905128282 5570717.5709810145 0.2940291580049811 0.24927722237492364 0.27670645932298105 0.24586059697036258 0.1905621007898923 0.1870580909846029
580 1088235.0 0.2667644853387715 0.2618329512158684 14723.127692722184 0.08761482844369285 5538797.922096951 0.29473247167239414 0.24996829145865943 0.2770361205215984 0.2459310430304008 0.19316324966569254 0.1930416335419472
590 1101442.0 0.27071423954436663 0.2646321684441902 14225.634528070479 0.08791247848491753 5507648.585075918 0.29124646875238175 0.2475188454693887 0.277306097678437 0.24596947804687583 0.19548261014905474 0.19427992399900984
600 1120937.0 0.27389418751608496 0.26526135636842324 13836.94160658071 0.08821122332377782 5476333.944906153 0.2927312540087735 0.24434491795529534 0.27755064580471644 0.24596231003506336 0.19772077085454295 0.19461559161473216
610 1135250.0 0.2767718658603772 0.2687695644655695 13444.593223027057 0.08853509181924353 5441430.8448368525 0.29468437840793266 0.24763136182966963 0.2778127268075603 0.2459582185093764 0.19883724214112183 0.19635013687515862
620 1146407.0 0.2768569526973481 0.2689734924980495 13439.72958841118 0.08873587716914204 5424750.933354325 0.2866824959855602 0.2560253214428327 0.2780331245483102 0.24603935088220505 0.19907973644579624 0.19664988354143392
630 1167775.0 0.2771942533166467 0.2691998821192417 13411.10316552019 0.08892065796594306 5410628.381858343 0.28696268838621897 0.25600143093302996 0.2781719583085798 0.24619874100745354 0.19927166593560083 0.19678610613509767
640 1180105.0 0.28251260002091955 0.2724237868486452 12798.463077479866 0.08905905592401231 5402629.719277926 0.28477155046675184 0.25210928332117694 0.2782754268061225 0.24629713446015167 0.20122478107686675 0.19899925844846106
650 1204662.0 0.2953641363633395 0.2745872669707271 11383.055371052928 0.08921544453771262 5390206.330075512 0.2884995542643669 0.24868603355872992 0.2784315515083002 0.24637041577134866 0.20464487743923354 0.19973164891998932
660 1221132.0 0.29620775152446605 0.27487710650146147 11294.998898748072 0.08936719352375291 5378525.931642532 0.28844388956455064 0.24868165797541672 0.27858301924281076 0.24640535957705692 0.2049105267884201 0.19986325060105467
670 1227630.0 0.29629687179326314 0.27491892028520276 11292.593290559023 0.08951447930432142 5367665.15338758 0.2884438895645517 0.24868165797542083 0.27872997707174874 0.24643928354722633 0.2050999144570977 0.19976852138320011
680 1241878.0 0.29705042099284734 0.27559651923098893 11214.912571507648 0.08978189203163395 5339666.491682659 0.28743484501792604 0.24586055310097804 0.27886378279735785 0.2464473573019877 0.2059962432686852 0.2002551688230315
690 1255404.0 0.297296220242225 0.27622134315291685 11273.697500411821 0.09014226462804296 5299688.724624758 0.2811676158843098 0.2446697894532747 0.27892440874945995 0.24642678777124638 0.20636753135867725 0.20039686052117242
700 1291750.0 0.29966232038524987 0.2763938123321517 11071.614539616194 0.09069594813359418 5235912.790243845 0.2819685228089054 0.24439810458813815 0.2789653025523441 0.24639920414010333 0.20853691907732932 0.20038358281399155
710 1330172.0 0.31288317291276524 0.2773253584985063 9781.770264058694 0.09124810177572425 5170540.283391679 0.287572023994253 0.24261613912092855 0.27905084781667483 0.2463614474251359 0.21826988148221352 0.20071296544555237
720 1352427.0 0.31299405426767657 0.2794831175827754 9779.939818677649 0.09178512792080967 5108889.372826187 0.28758304990891775 0.2425799285354882 0.2791690940410256 0.24630942878910406 0.21848499906977606 0.2015170882739332
730 1367266.0 0.3162791842025778 0.28582407361487916 9691.428107349595 0.09205401590012072 5081867.0650551105 0.28584240532637 0.24972116577291126 0.27926805120745407 0.24634747416411934 0.21975996444796805 0.20303052167658275
740 1385516.0 0.31758828032345926 0.29301716938573913 9608.670210710727 0.09232463749463925 5054933.410559038 0.28604147265378954 0.2514990815521043 0.2793603036561473 0.24640249895322516 0.22059891596935632 0.2075068172461386
750 1407889.0 0.32469682677140194 0.2976467472717738 9028.944403089334 0.0925837316611323 5028904.098997167 0.2881786183080957 0.25443210617038015 0.27947203318763114 0.24650161237803836 0.2229888597867616 0.20865412059873795
760 1420313.0 0.32564210733702803 0.298377556494186 8968.059987522074 0.0928409374183002 5003427.72126512 0.2882015438560054 0.2543610285773138 0.2795867141089662 0.24660498325791452 0.2235311914823178 0.20873608472992908
770 1434506.0 0.32958821195564025 0.3040903454381946 8649.685508688646 0.09309067841601348 4978747.728768065 0.2857701539897614 0.25710600223639174 0.2797213735943321 0.2467341424148964 0.22429528869161627 0.21048722449189658
780 1451149.0 0.3511517940292919 0.3106003292476844 7186.100255375828 0.09361718333972398 4917134.505819683 0.2869934191462221 0.24550996098841968 0.2798423905414686 0.24681256518219288 0.23417388055475183 0.21199572878763323
790 1466843.0 0.35124534542254593 0.3106649702039857 7181.932285836224 0.09410717217162741 4861401.749940458 0.2873823073403269 0.2454126610089631 0.27993316614617075 0.2467959417043111 0.2343868694480987 0.2119993185303639
800 1481768.0 0.3617388961850876 0.3114152961458938 6594.428247436858 0.09459272524655117 4805923.283664265 0.28841378462112943 0.24546569680784486 0.28002748167159675 0.24677895054858393 0.2384095067387236 0.21242611566846595
810 1497653.0 0.36706808615518555 0.3288981475884677 6346.466627868945 0.09507001602233106 4752047.936310949 0.28942448436705587 0.25336739737076575 0.280133950261768 0.24681352207031193 0.24099503532109323 0.21732910195305602
820 1514520.0 0.3684584241393482 0.3330131786810627 6281.139191860715 0.0954910435524664 4705756.903697873 0.2896539592357988 0.25944817080745347 0.2802491943896885 0.24695995024563422 0.2413409805743041 0.21818288168977637
830 1534289.0 0.3687834285486095 0.33463540109990364 6271.196934197471 0.09592725652206978 4658678.197351624 0.28965723851254743 0.25959649258334105 0.28036240002467655 0.24711165756191011 0.2414123459192076 0.21889925461336251
840 1552498.0 0.3732251028115893 0.3551699902201916 6062.39189874295 0.09634018981775107 4614699.447968796 0.2920914190208763 0.26352027652500754 0.2804882683067877 0.24728749815441314 0.24157952031770985 0.22579445552338934
850 1564066.0 0.373560662041491 0.35530825293032237 6052.3178051919585 0.09665804387852014 4582340.698560839 0.2827703146109789 0.2640370030880502 0.2805921402584076 0.2474799348238666 0.24180401126300466 0.22602056665202822
860 1580804.0 0.3799855468449816 0.35982255732163454 5820.814343149808 0.0970043583023311 4546796.92838114 0.27987155235794214 0.2613488602051205 0.28058444732074267 0.2476430613445754 0.24347683856307306 0.227298062459379
870 1598534.0 0.3820069040004732 0.3605166603349829 5775.5085053538505 0.09734793078210391 4512078.113283398 0.28022411454828755 0.26133375594670527 0.2805783364190142 0.24780046425523444 0.24316836154171353 0.22749268104379805
880 1630485.0 0.3837236789179796 0.3651270833541028 5703.11552585683 0.09764838373085487 4482577.894222143 0.27914544374235695 0.26137308336140846 0.28056951932213364 0.24796363222322504 0.2436498732002128 0.22818492077073518
890 1649238.0 0.3838928642038099 0.36519519370081194 5715.028198760791 0.09793860228792975 4454685.868987658 0.2785926871403673 0.26125114230782587 0.28055258643419384 0.24811342530854277 0.24368657542530983 0.2283022867989691
900 1669634.0 0.3999022903232807 0.36588598189471694 5090.9355808503315 0.09831057288439486 4416954.649602665 0.2873790651830063 0.260423607417019 0.28056223113630663 0.24825360568316263 0.2457994409027472 0.22853895970993657
910 1677552.0 0.4042698589325113 0.36850552576061246 4951.218360169608 0.09865665693165972 4382358.203385909 0.28734789711962894 0.2591042265343641 0.28063698226526695 0.24838429845520302 0.24762913685527368 0.2296909166706754
920 1689651.0 0.40513528785533753 0.36979397513854984 4929.491716681427 0.09905337445289443 4342934.95592354 0.28094963596346756 0.25733338820049395 0.28069415339740106 0.2484890679024609 0.24820333715563006 0.22997969799638257
930 1700739.0 0.4169898067450081 0.37922586046366313 4544.02009781918 0.09943142328971215 4305235.491716701 0.28630759547533385 0.2576656238858863 0.2807389508096561 0.24858872149347933 0.25720951741437004 0.2372013491540043
940 1715833.0 0.42229484586552013 0.38274876651494905 4383.688777788217 0.09979444306090289 4269383.472594722 0.28707110434266514 0.2561114903746756 0.2808045135228974 0.2486721342954313 0.25848137623625494 0.23916520958419465
950 1724852.0 0.42363671242297685 0.38337388652573706 4345.678284290962 0.1001499022197801 4234831.843339982 0.29271512080753737 0.25869524735549404 0.2809208363421786 0.2487628812208721 0.2595972471302066 0.23956110374614795
960 1746190.0 0.43074208751063736 0.3862154486165359 4158.369958911545 0.10042888908194375 4208382.957497692 0.2955034962918654 0.26195778298042494 0.281071327386809 0.24890003223478532 0.2631271336201353 0.23992226401268016
970 1756719.0 0.4342740583506371 0.3891984159056026 4084.7353190684325 0.10071675858797977 4181212.1799021657 0.2988748311626627 0.2634970819404924 0.2812443324088469 0.24904602968784614 0.2639593713972502 0.2405860804003493
980 1774516.0 0.4349189709364116 0.3972816204821039 4077.4300127319734 0.10099835382762 4155044.3889674637 0.2985808186939121 0.26360990816877655 0.2814228221005082 0.2491937832407612 0.2635776715963479 0.243579494473019
990 1798448.0 0.43767434036914277 0.39886712483038594 4044.1608262548484 0.10126345251778761 4130846.823401835 0.301237449424397 0.2628379790129865 0.28162248150805835 0.24934006516577875 0.2644613973702737 0.24375155111225247
1000 1808745.0 0.43821873435914377 0.39895552100144094 4033.0472411779674 0.10151524804150155 4108286.421967363 0.3009319005166461 0.262797891724446 0.28181601395689293 0.24947459190752141 0.2647243200795312 0.24390175316606044
1010 1821955.0 0.43875778602764176 0.4004391183860993 4019.840262899687 0.10176535072796715 4086146.097088932 0.299016327102507 0.25960373702853146 0.2819926052639288 0.24959450552792345 0.2648375955874794 0.24437058368421197
1020 1836998.0 0.44584746520086 0.4009744475927154 3868.5877798096876 0.10202441914191737 4063083.6222040537 0.2970212609048465 0.25856453412731994 0.28215516615001984 0.24968658049938836 0.26742439497581316 0.24488170485801902
1030 1850323.0 0.4458767928015146 0.40106726303405826 3869.327938199869 0.10227850547098397 4040800.7004095213 0.297021049397096 0.2585619704760543 0.28229935615002894 0.2497726781890325 0.26757283455406694 0.24497195321761014
1040 1867032.0 0.4502528454537598 0.40402362029458344 3785.698889905232 0.10255962709125664 4015977.7214911375 0.29796878185434805 0.2582257067035444 0.28244520637949416 0.24985366973695938 0.2704797749821475 0.2463261047460461
1050 1883369.0 0.46781500577170554 0.4085920473822264 3379.0525374230524 0.10288298263290814 3986500.0503251655 0.30256910468462767 0.2597051402449464 0.2826246022756985 0.24994603950236283 0.27889517920131185 0.2482599684605946
1060 1899123.0 0.47024009495118824 0.4090485620617972 3344.885694707871 0.10318364579184365 3959552.3106980976 0.30077037779946053 0.2583231147419529 0.2828010944767514 0.25003031880127136 0.278631780927893 0.24845923583727778
1070 1913683.0 0.47111836244693295 0.40913516076050727 3344.3264598531932 0.10346554244493854 3934762.0402429276 0.29655587093476365 0.2568637481417906 0.28296418592243683 0.2501036651780422 0.2790364876645033 0.24854951201884973
1080 1925062.0 0.47173124949211576 0.4098086682387451 3332.1309599519386 0.10374457770424042 3910534.7860864466 0.2965550659630774 0.2568413389628656 0.2830899124815022 0.25016603479525423 0.27891947352040747 0.2490393586275749
1090 1938566.0 0.47401479872224395 0.4106156800675466 3319.255955724818 0.10403493487931291 3885529.6830437146 0.2982343621018739 0.2571556367143315 0.28322415502709314 0.2502304460599882 0.2794104679574458 0.2492812038617223
1100 1954328.0 0.4754439702866569 0.4109657705713448 3297.642018861556 0.10429562188976908 3863557.234096445 0.29761858157825016 0.2560925973047588 0.2833560456792242 0.250285653630692 0.2806219728564742 0.24940373735373922
1110 1971406.0 0.48393098255419886 0.411736331604035 3134.523135407059 0.10456174438642588 3841006.4604633367 0.29714484521449214 0.2552931533675983 0.28348150920996845 0.25033313430928755 0.2832514473209733 0.24965716370050595
1120 1991240.0 0.48538195759975755 0.41701038729279566 3107.427874315946 0.10482610009986916 3818832.5532784415 0.2900549222368929 0.2542076239447131 0.2835467375575492 0.2503688787423038 0.28351211506151164 0.2503650208149349
