1 260.0 0.05483908837216598 0.05452137480424122 933908.5885081084 0.05483908837216598 933908.5885081084 0.09860739201859223 0.1457015140966409 0.09860739201859223 0.1457015140966409 0.05483908837216614 0.05452137480424137
10 6636.0 0.05489862346609202 0.05460876504308351 992786.6440449063 0.054833068722040926 1926675.906313879 0.09850518662711327 0.15004557410555064 0.09852296791894281 0.14645027332485286 0.05486407491201065 0.054562552085464414
20 17124.0 0.05613490426516352 0.05493523587619324 928899.3694265253 0.055183623837280295 2854948.7130348845 0.09850119157400154 0.14985447305890717 0.09851588826033295 0.14809054710898112 0.0559742094562119 0.054747332198682684
30 32027.0 0.056389907975342206 0.05773880817329446 947844.5962794556 0.05524772186902722 3802801.276908256 0.09887894278295822 0.15072935907693547 0.09862448249078497 0.14892120565319067 0.05611514913557096 0.057239739346256126
40 43426.0 0.05641431572100076 0.06934743707885452 976702.484865919 0.055280616860839384 4779711.020716442 0.09891141414574162 0.15007168490935363 0.09869293526249752 0.1490472817852374 0.056136225416985874 0.06339092769119684
50 71701.0 0.06002128696942996 0.0734931406558244 881609.7894303832 0.05453936756647313 5690767.726211639 0.09800383755391602 0.15426748196850412 0.09868362836809419 0.14987736385383904 0.058559186981469204 0.06694226552764529
60 81237.0 0.06036846938418264 0.07616322295611556 877179.5282297707 0.05391523792214693 6597200.843349817 0.09921141228414027 0.15026924782461076 0.09859104431804745 0.15016684297491545 0.05884030954714027 0.06981072993626423
70 98642.0 0.06178450407621226 0.07618243535607058 851004.6708712308 0.05359748564281088 7464470.626840581 0.09852797997136754 0.1494141852796562 0.09860716979270726 0.1501134991507591 0.0600342682771346 0.07011802189119325
80 121225.0 0.062062012686009804 0.0766570456833544 842073.0187989619 0.05335895904367913 8319826.132610843 0.09856740777910121 0.14946093067210578 0.09860748356038743 0.15003295334404892 0.06006771735011825 0.07044577850342691
90 133068.0 0.06210666060446983 0.07679007263562561 880733.3762162229 0.05316765213450099 9207771.261767171 0.09856805903551911 0.14489497654202116 0.09860317840597141 0.1497519151613611 0.060029417720573734 0.07058472539137164
100 149020.0 0.06234903517676885 0.07948156500692798 875733.7174743472 0.05302205445572681 10089311.185506701 0.09849784263833498 0.14573596513012846 0.09859209306505377 0.1492898658407411 0.060146858013041815 0.07283027684535597
110 163948.0 0.06334378832505101 0.08013600034320112 841523.6769076532 0.05287603966076319 10940176.510752615 0.09937288422368377 0.14608506675509436 0.09859796252305066 0.14897766582239746 0.060286741992318246 0.07331452251449579
120 177277.0 0.06341110928299631 0.08022801005012503 851280.8933852533 0.05275313337331364 11798600.468211386 0.09937476883075552 0.14407867213074932 0.09866202226823907 0.14862351759222067 0.060281718051093724 0.07344179544097935
130 192100.0 0.06358457599939493 0.08044834486702822 850411.0594854081 0.05250202727730163 12669920.65449857 0.09643242116793199 0.14308366026218702 0.09859660079454846 0.1482310115528076 0.060289169029796495 0.0735638224921631
140 212899.0 0.06417306691719646 0.08045418793414187 831459.4168036724 0.052310765301900944 13519430.85267781 0.09640554364607963 0.1430836599059094 0.09844139897194029 0.1478659511548736 0.06073890014199221 0.07356429211842885
150 226902.0 0.06419458565250286 0.08066965986592574 848687.132884506 0.05210130856690909 14387152.398012755 0.09633051029597098 0.14272189137362712 0.09830243952212184 0.14753073242729248 0.06065386412736982 0.07365140966752559
160 250629.0 0.06509441662786926 0.08109375843889344 845722.3560271614 0.051920443772210785 15249876.185318464 0.0988297923165079 0.14407340817162417 0.09829007323179517 0.14728585764899452 0.06084478901684889 0.07368396328775416
170 262555.0 0.06514520334218442 0.0899763420176321 870910.1672548912 0.051566744703549466 16165661.32940176 0.09879064810793738 0.14406986364090227 0.09831960955536467 0.14709409253439776 0.06078693247086274 0.07665528541460673
180 278237.0 0.06515762432349292 0.0902659962968929 901850.4080521511 0.05125016109001086 17099801.83825194 0.0997947626102132 0.1439385676673253 0.09836233284991058 0.14692542031952485 0.0607162718597192 0.07687149227965634
190 288368.0 0.0653147348246092 0.09054422960156616 898100.790317826 0.050964781689286406 18029050.430517472 0.10035604674692773 0.14477314823877407 0.09844351500642062 0.14679084300085232 0.060709168402196076 0.07700661659382636
200 305163.0 0.06635059876412568 0.09103978804376277 859734.1939225066 0.050636542230263516 18948086.469366767 0.10015864040213508 0.14477691790762942 0.09853570856545832 0.14669057363529667 0.061305568651707276 0.07753594853758485
210 319499.0 0.06664209771283218 0.09109517724432575 850228.1593511357 0.05034861942279814 19853641.788608972 0.10015689439540566 0.1447776611182266 0.0986124699322572 0.1465999258567495 0.061482448186077156 0.07759331406069868
220 329908.0 0.06667096024949215 0.09143782961546805 852391.2292535653 0.05008626766276032 20757065.250807256 0.10040359650305175 0.14459056542083107 0.09868976370284843 0.14651632186502034 0.061426216579414744 0.07762807181326942
230 353562.0 0.06883119708708996 0.09398069664102592 777942.0625338976 0.04977298504489971 21637263.833900552 0.10133174838964136 0.14521949074171925 0.09878254990053052 0.14644973914903062 0.06326623466500512 0.07918648588960124
240 363108.0 0.06972670096606294 0.09925318318098036 755332.4591491261 0.049497100710978126 22491260.023399718 0.10136547369306649 0.14549153358990619 0.09888920151562515 0.14640768032614937 0.06370805235807447 0.0827764024581963
250 384479.0 0.07010688887512552 0.10006475132883187 751386.0870759404 0.048954305733573615 23529171.869659156 0.0985715966912637 0.14500996601903082 0.09891192471507078 0.146358560725048 0.0636951724190734 0.08350185429136911
260 401144.0 0.07013576554132765 0.10022319498261904 754817.1802944323 0.048451436032279284 24561043.127471387 0.09861665706375794 0.14465574601944298 0.09889957072845429 0.14629098284906072 0.0634984840926223 0.08358519203251716
270 415397.0 0.07062551126558855 0.10089677003191692 741032.9940408013 0.04798354328961408 25580750.114737295 0.09847726431942226 0.14471067208125785 0.0988865592590803 0.1462340011772557 0.06345517225472706 0.08386182569388557
280 433701.0 0.07066135110848919 0.10105384620602754 743915.8866669373 0.047544010429907045 26597587.90920777 0.09849160721640071 0.1446185388236411 0.09887183751057754 0.1461785494875149 0.06328615601640293 0.08390942410015156
290 449156.0 0.07114949138164758 0.101759413304439 737173.1742240468 0.04714505126623358 27593384.420955814 0.09912999551104655 0.14421462439126986 0.09886336528720058 0.14611734868502757 0.06335522648532187 0.08416511256334126
300 462567.0 0.07292647102166405 0.10216945613943144 692229.6282207175 0.046789235419539506 28544251.3530245 0.09911149390793698 0.14441124693597301 0.0988702535487875 0.14605366272521775 0.06436774624691045 0.08422174513141795
310 480978.0 0.07303144045043418 0.10518425976051379 694240.1038670389 0.04637316844405457 29578264.45644047 0.0991259198185431 0.1441970490075459 0.09887797150734814 0.1459954241393121 0.06418885026995251 0.08634461735604276
