1 1729.0 0.09493047421652662 0.10595066430760536 231348.16799740362 0.09493047421652662 231348.16799740362 0.2302071440161763 0.26538362495593 0.2309598401597901 0.26524175134675965 0.09493047421652653 0.1059506643076054
10 10007.0 0.09543049100066678 0.10764820456991449 231611.5558671273 0.09427570854029807 463019.76234852953 0.22980521908758944 0.26874499698804377 0.23018230545784005 0.2662569170054695 0.09496844440649913 0.10709657202436643
20 18582.0 0.09543619088031675 0.1076586580362457 235639.66814709984 0.09369783678206701 698663.7911493655 0.232148913323405 0.26516530253613835 0.23008366412500342 0.2658657059359122 0.09473220347983513 0.10594780494548235
30 36634.0 0.0997990252948261 0.10928958345613964 213496.66723599329 0.0928466237520848 914393.4651940583 0.2303434026141736 0.2652816623307323 0.23032745378791286 0.2656268578343223 0.09699231555053833 0.1058269870698527
40 56106.0 0.10054939983952885 0.1096471022572953 211008.16415103705 0.09261644055573759 1125999.83599436 0.2320310688883495 0.2640148039144199 0.23071905582283012 0.2653087557677578 0.09735149368854183 0.10562750558285036
50 64951.0 0.10191026128241974 0.11003003548691043 205339.55537755406 0.09241779563345713 1332059.57575001 0.23206687193652276 0.26433974279660594 0.23098260015662136 0.26509396526032286 0.0981978093009736 0.10564533795588762
60 76347.0 0.1022220091782276 0.11451201147216292 206377.22453860752 0.09227972627625151 1538911.6325042106 0.2332291053049411 0.24301764264749687 0.23141438402926212 0.26312482024896827 0.09844827426080799 0.10773042986532329
70 91377.0 0.10275363994949747 0.11482740754854942 205388.50593010598 0.0917510391426761 1747157.1295917756 0.2342950743546286 0.245457043527267 0.23169698090320007 0.26037058000399843 0.09865429205055147 0.10660535284277059
80 102302.0 0.10356315996547566 0.11594840267615297 201862.50187694185 0.09136908043517977 1951412.8695388075 0.23442915742106543 0.24236480047118195 0.2320309032244834 0.2582984630460677 0.0991110320369294 0.10613110736507474
90 117035.0 0.10658861697473412 0.11642394232560642 190836.4350144538 0.09123820449257021 2143352.557356618 0.23499392814138353 0.2501647994456223 0.2323523066173341 0.2565747699984511 0.10054066722927184 0.10528865257549999
100 132093.0 0.11269896157715077 0.11733458072559688 167797.80607253432 0.09114878949401785 2312563.069663079 0.2340255952514781 0.2489825191651767 0.23255193510314695 0.255879355388324 0.10612633225158023 0.10509571043785579
110 152685.0 0.1155707551205494 0.1200246237861221 158947.24591293593 0.0912284893282367 2470091.6664017383 0.2354868657677223 0.2481128499211071 0.2328073923375865 0.25519686290951493 0.10832148075344654 0.10633845565073786
120 158372.0 0.1261545795678428 0.12006768453185117 124099.41074205072 0.09195784083222294 2574887.9008097216 0.24220589692201355 0.2525855767865751 0.2333913133343605 0.25478047269962206 0.11507436515311723 0.10571985984038526
130 176321.0 0.12864138857287508 0.12069541009516614 117672.07541882293 0.09268924460068888 2672233.722955344 0.2483392872559764 0.25328201200809947 0.23439576799822864 0.2546262638680133 0.11764691264843714 0.10540728134462302
140 195643.0 0.13753853844014496 0.12525042327001523 98220.77192868016 0.09284324261649719 2764222.3982006107 0.2568641905192579 0.25402317861120494 0.2358864491535069 0.2545967774223138 0.11985435421462243 0.10802972814539803
150 214831.0 0.13864953186851575 0.1279859042006509 97730.23128899612 0.0925013938571764 2877227.423612844 0.2558620556270427 0.24865258829631093 0.23725066385227161 0.25444970234393643 0.1211279041758461 0.1094114410235016
160 236564.0 0.14123619843115864 0.12962104341193434 93465.88365984445 0.09211101408529311 2989531.3907269896 0.25087755863691896 0.24429306172098553 0.23820692701061977 0.2539492403385898 0.12224162702376588 0.10948724571544961
170 251389.0 0.14140813621919365 0.12993165145433372 94476.4487386563 0.09116903321960139 3135627.930959905 0.2435267423925412 0.24442963118075986 0.23875846139808998 0.25339745813395276 0.12253502219051993 0.10891470180829241
180 269012.0 0.14247318359477862 0.13645881448762467 93799.36850492202 0.09037857866008864 3274341.1238971106 0.2437768654556716 0.24499257242351413 0.23901795583869956 0.25290956819562643 0.1229692993520064 0.11080086311055355
190 286829.0 0.1429036192413064 0.14357540834892757 94024.71696596763 0.08962761995220578 3412839.4047294785 0.24519990993608495 0.24985979558522486 0.23932385369912412 0.25268889587358445 0.12313672333676502 0.11637995584845712
200 297723.0 0.14397655512122148 0.14395195740039848 93527.50117827186 0.08896988699341274 3546618.1025158423 0.2460325166725096 0.2490131226572559 0.23965425996021825 0.25251081369573547 0.12357793502122492 0.11618186038858364
210 312411.0 0.14523187732717438 0.1447243986818868 91544.88595246238 0.08837066682575058 3676670.2792409225 0.24582795877299574 0.2487931692845916 0.2399527495732157 0.252340473200421 0.12409631514091925 0.11613120847585484
220 321034.0 0.14730967665920372 0.1464017550514899 88306.22738430153 0.08774213117580851 3808669.4170469777 0.23975371188224842 0.240347499278485 0.24001975601365425 0.2520982525078786 0.12529512288329897 0.1167305027015495
230 345397.0 0.14743124056535145 0.14646866040578946 88633.4998901443 0.08711738533979967 3942423.9109758195 0.2386585558685991 0.239321188918667 0.23997950438695076 0.2515625094329993 0.12521100154194204 0.11646561134299926
240 358532.0 0.14883185059030724 0.15045984149467093 86487.12951724004 0.08657108107819825 4070030.037695704 0.23894726712067815 0.23981659368015568 0.23992795152992175 0.2510571989579672 0.12601921284112985 0.11973031993514863
250 373966.0 0.15252645801797124 0.15434315557070755 81142.14754763739 0.08609313772412198 4189707.98697883 0.23762473972537732 0.2372363099671659 0.23983799833984476 0.25051734522005253 0.12730729558128287 0.12074971641065785
260 403647.0 0.1542583084934635 0.15462114627238802 78599.33320713957 0.08579388501247757 4292612.606376781 0.2328174780568313 0.23553601923686268 0.23968186393846086 0.24998320110834638 0.12814085752859034 0.12079400336786912
270 424646.0 0.1543019335180414 0.15467596982226461 80201.587159057 0.08551600749452204 4395310.034846457 0.2295598387489348 0.23615096099232738 0.23934555836778 0.2494647715329916 0.12799232929505142 0.1206003455476709
280 439660.0 0.15465527399863363 0.15611856599061238 81106.76708969501 0.0852714907094144 4496172.553967772 0.22984688913311505 0.23666185020737046 0.23900752743416198 0.24900915155699108 0.1279022338708844 0.12074416071523107
290 461227.0 0.15468968073702835 0.15648696180434699 81256.51010895212 0.08504327504331392 4596045.556450278 0.22849783076196759 0.2407238304417487 0.23865721710374296 0.24865298068118766 0.12779475643677607 0.12086985806175554
300 470344.0 0.16205305402392997 0.15765449262524112 71311.79200793558 0.08488235823020208 4681949.862398172 0.2319480245133997 0.24162681989165885 0.23843518520060758 0.24842407656053436 0.13143087232536316 0.12010387980006722
310 483490.0 0.16297320393323542 0.158036091739182 70240.90245594308 0.08466803141928578 4772411.043666144 0.22951419220818547 0.23881579221411267 0.23819532909914315 0.2481694392884917 0.1316043802436241 0.12011508747303165
320 495789.0 0.16366966371916492 0.16924132053708507 69736.4164758851 0.08436077806996892 4872591.890335901 0.2280617948140196 0.24279295109398544 0.23790952379357583 0.24795519880193626 0.1318990630984474 0.12723512849997615
330 512320.0 0.17196806175722812 0.17311895637749486 60404.252420898505 0.08428323961408532 4941063.727921436 0.23276778631192754 0.24251803714603667 0.23769629291923736 0.24779621977711414 0.13552866695521054 0.1281043593797326
340 530927.0 0.17313918410235285 0.1766683846033063 59596.32138138799 0.08424299766475128 5004858.363874838 0.2285293623461376 0.24582386306293022 0.23743362488276604 0.2476779117538606 0.1364688500996992 0.1279607038510398
350 548880.0 0.17370385669085522 0.17931429810613442 59638.4126182388 0.08421051096652937 5067884.5090622185 0.22534119351446077 0.2450559455516224 0.2371084341286136 0.2476132967240779 0.13673167944888323 0.12946626426691743
360 563547.0 0.17497969516838194 0.1846906008713749 59030.48454439987 0.0841748892703942 5130668.363944131 0.22525988198872668 0.2534309243713809 0.2367779490514693 0.2475801620080312 0.13672274155220798 0.1314225223078386
370 585920.0 0.17855852565799313 0.18824894363022307 55695.6898132146 0.08402744375069304 5203137.680259915 0.22583670614625626 0.2562883031857808 0.2364676128386103 0.2477746772427044 0.13826174878281683 0.13268430254354702
380 603948.0 0.17996845148582438 0.19188429625198644 55117.05773772954 0.08381927914791823 5282752.346747987 0.21969031923940946 0.25615834761912376 0.2361428067882225 0.24799795656860815 0.13869721729762194 0.13390374904495336
390 621322.0 0.1864263911844246 0.1934009939283251 49630.247013317065 0.08339074437135481 5389523.382548633 0.22071756842173632 0.2554167335093584 0.23574496413389814 0.24819531482669152 0.14109085425308637 0.13482556220556385
400 639056.0 0.1877582726418194 0.19862007365241194 48834.628749267475 0.08298554001745438 5493858.4245224185 0.2222635855289649 0.2579479040362403 0.23540784888262473 0.24843776526155764 0.1414161444371032 0.1384120069078204
410 661331.0 0.18781127958738164 0.1988046650000794 49238.6566250031 0.08259445876556738 5597600.265315139 0.22272459478144832 0.2582168535141327 0.235086089209798 0.24867540042982914 0.14125839256062214 0.1386398676832091
420 675595.0 0.18990380139438062 0.20010360442364764 47719.76019708215 0.08222039661738605 5699178.7224365715 0.2227625575778951 0.2584854218544162 0.23479276253803547 0.24890023408441633 0.1413195322724824 0.13900081157889274
430 706536.0 0.18995662987174522 0.200271281677781 47841.87430948368 0.08183986218020704 5803101.935010538 0.2214061214228046 0.2595561053116966 0.23449844281513205 0.2491287664620652 0.14123108737679038 0.13927869016906133
440 720661.0 0.19347248941801345 0.20115863545011056 46026.99124384826 0.08139661005496919 5918100.383960352 0.2240291619779769 0.2573063981156337 0.23428636760016563 0.24934344134874992 0.14179312269678082 0.13956678979546608
450 741237.0 0.19590189029518804 0.20130531590966977 44414.48177199444 0.08099359824313099 6027130.091193669 0.22365888656199776 0.2557805680784188 0.23405045505321265 0.24949551854396873 0.1424169618749655 0.13964709297839797
460 754738.0 0.19627417273480027 0.2017595871667474 44630.76700487617 0.08058096295671426 6139589.8609079495 0.2220214000475171 0.2525318244710903 0.23379681998648671 0.24957442539530295 0.14254482787991876 0.13989255013987645
470 770487.0 0.19663446893845818 0.20281194404674413 44497.05120616653 0.08017993718345895 6251551.575717911 0.22175461096802973 0.2526654805683566 0.2335445568273716 0.24963858505179198 0.14260580727999544 0.14015626208876458
480 784786.0 0.19673621729299234 0.2029409507771392 44470.97053082674 0.07979015309536863 6363035.921039308 0.22178864410582083 0.2526897178471624 0.23330001581412002 0.2497019515310047 0.1425720988926177 0.14024459741709636
490 802774.0 0.19679829388490977 0.20297229533682068 44590.449398737604 0.07944400511602188 6467795.095669019 0.22187646950189954 0.2523852022995819 0.23306537913093775 0.24975825263984908 0.1425214555349353 0.14031002487731523
500 814942.0 0.2024783838670482 0.2031703638392945 41373.01984120862 0.07913168491608714 6565640.421086391 0.220942054257176 0.2522913751423172 0.2328364280865653 0.2498097800943286 0.14589801419044995 0.14036013201557257
510 827084.0 0.20471242492627634 0.2080179518771705 40144.69851158866 0.0787982535672095 6668217.927581869 0.22119113807324628 0.2534130827750067 0.23260822615851795 0.24988033661026754 0.14621812277444723 0.138498575136038
520 843841.0 0.2054351408679403 0.2098283956506638 39753.25661569567 0.07848937940728078 6766803.390075736 0.22179204449309078 0.2536397453283667 0.2323982871720289 0.2499529575614304 0.14618762748759412 0.14035203853515907
530 862969.0 0.2068800630452836 0.22967713426468309 39071.66413981396 0.0782489970635062 6851941.286270253 0.22015233304394788 0.2564626615378478 0.23217888923652408 0.2500500407645149 0.14721590671163567 0.15365517983856894
540 883880.0 0.2070775691759845 0.2506803793149457 39183.22912274874 0.07801887487222399 6935704.2092412235 0.21939262858225209 0.2672734364706226 0.23195683091493194 0.2502379902168465 0.14724344238495765 0.16260561346774127
550 899117.0 0.20945219465700807 0.2537108914082282 37998.19637750671 0.07782241391099058 7012347.986061861 0.2243161147426532 0.2677264706926755 0.2317459314697838 0.2505438235530937 0.14848422960552562 0.16480352846977162
560 914619.0 0.21299275597331507 0.256568856501806 36401.527645517446 0.07764793690516524 7083788.2846371075 0.22483872204677582 0.26827586044088425 0.23161815392229465 0.25085893986295216 0.14999901555660952 0.1667101298675945
570 928270.0 0.21378189190692073 0.2569023199019345 36163.98133350531 0.07747231574015748 7155691.976059763 0.2245931601097851 0.26800075900755277 0.2314962665371923 0.2511597639585649 0.15039976075565145 0.16713693560059403
580 942810.0 0.21388610011530892 0.25709243572354745 36513.901926905615 0.07724740076208914 7238993.478055778 0.2232629871470182 0.26640874716055635 0.2313669860618943 0.2514425257637041 0.15038725946018988 0.16736284696236614
590 960230.0 0.2140774378629193 0.2576963521010429 36575.59292496581 0.07700183068841322 7327652.641200288 0.22289434205529737 0.2656096334652032 0.23122739229671402 0.251690645944672 0.15032117270036924 0.16778636520138182
600 987882.0 0.21596939962434392 0.257898306679696 35659.62514090049 0.07685115439330602 7395106.674781362 0.2235561870821889 0.2650260322848626 0.2310985054033221 0.25191550557792436 0.15172894065501538 0.1680864223237437
610 998122.0 0.216765676028852 0.258502238943229 35337.15648849967 0.07669593949588412 7463655.777754349 0.22355105231885308 0.2650492341699497 0.230975348764986 0.2521306434904626 0.15164251892931477 0.1684697636513765
620 1015201.0 0.2209975926937919 0.26060329599419374 34068.9867549486 0.07653489912335802 7533012.355632545 0.22523297239732318 0.2596755415038788 0.23086024358191323 0.25226480937362405 0.15374597679875823 0.16815643383611245
630 1032032.0 0.24036914596923353 0.2609471914688801 26545.467741862813 0.07657527249474652 7550442.060011777 0.2257370657368954 0.2595807557389739 0.2307936164157811 0.25238179663179344 0.1608367021048846 0.16842365158148231
640 1046495.0 0.24427948876182562 0.2614086441032781 25302.8491447986 0.0766305225356545 7563172.839197306 0.22588441157850872 0.25975263842832497 0.2307132360847487 0.25249447498538446 0.16165785687814838 0.16850975674990906
650 1063028.0 0.246510673675977 0.2614507161739891 24827.889574763933 0.076556590183371 7605424.784162009 0.21804639865027725 0.25566943445555895 0.23056693948175672 0.2525703762728514 0.16155204005080612 0.16870404871644334
660 1072331.0 0.25907793112829575 0.26167710182068116 21438.973817817838 0.07659488720157574 7617714.738563174 0.21864253630945363 0.255446758017043 0.23038136852951455 0.2526148226371504 0.17105744923423857 0.1686921890897136
670 1087578.0 0.26167469271494104 0.2627450812146657 20855.47838750132 0.07661058175594213 7634785.25584638 0.21888678830682498 0.25723710698291014 0.23021153324288915 0.2526795094355565 0.17132101541633735 0.16880846154615528
680 1105738.0 0.2618722393139865 0.2628250957252721 20831.47094647376 0.0766258213956892 7651943.456548834 0.2183721914633248 0.25636829806902706 0.23004210149765109 0.25274006026703 0.17138639547648693 0.168919895333514
690 1121342.0 0.2639065268466087 0.2647405131421704 20413.68163215594 0.07662197700692557 7673291.389514086 0.21809312529975464 0.257301246499872 0.22987851303376844 0.2528021979021049 0.1723482093142275 0.169788848646854
700 1134323.0 0.2639675821410518 0.2716411592602224 20573.802851114207 0.0766172536568288 7695011.47212987 0.21946838152981862 0.24714812644338047 0.22972084318891006 0.2527940110749663 0.17236987672291665 0.1722936117838794
710 1149435.0 0.2660758102414346 0.27205869603973415 20102.98656944556 0.07645231572402121 7756826.343131005 0.2202469699335377 0.24777033108874197 0.2295869483781124 0.2527225104487763 0.17325009178813133 0.17233884559605958
720 1162723.0 0.266747451497249 0.27743158882021496 20019.827320316486 0.07629490711868306 7817002.0845855195 0.2206208115066428 0.2498508085833237 0.22945803823879315 0.2526594847300758 0.17354368708117904 0.17443782538345956
730 1170697.0 0.26833736097505995 0.2795933247694463 20013.871184748386 0.07607012194089648 7895720.261490576 0.21526243736253725 0.2489162945244381 0.22928126381588093 0.25262030224467863 0.17434596964419596 0.17542256007555423
740 1189396.0 0.2706250134056063 0.2809154494739831 19633.03191975714 0.0758549041126621 7972373.95211744 0.21557664968420798 0.24966088653775959 0.2290954176822453 0.2525815793905328 0.174194641519262 0.1757787563933142
750 1197724.0 0.2707072818837269 0.28117989281178496 19760.859898664774 0.07541191731051591 8116169.956339066 0.21323938505582218 0.24902686169052937 0.2289081673271396 0.2525371270798985 0.17408886323284528 0.17576806279784857
760 1212957.0 0.28859430859543234 0.2818763414310099 16328.926769965878 0.09121853571961588 49474155.92305567 0.21689471200130542 0.2593585734036322 0.22873608072546522 0.25263160459304956 0.18266181825406783 0.17597976798289872
770 1235881.0 0.2914554342357157 0.28262328812312315 16088.807032545876 0.0906380930526131 50431319.969954304 0.21267739454831794 0.25925210027569456 0.22856483437110137 0.2527169994577941 0.1841737834312146 0.17657226446453664
780 1252105.0 0.2931141820940432 0.28557095281119027 15852.278650728393 0.09013224948803276 51286673.407185115 0.21409596568095351 0.25836702873268214 0.22837847486453533 0.2527969262632221 0.18503115609408952 0.17765407107119116
790 1270527.0 0.2958560401535528 0.2910392773149715 15565.328386152865 0.0896502626120637 52119997.61019271 0.21419552591399127 0.24992625148711312 0.22820020344860434 0.25282134209602697 0.1859839317078709 0.178954480800977
800 1284582.0 0.2972853370170057 0.2912170633356952 15382.101522851932 0.08918460610263743 52942433.9497162 0.21427633570378 0.24987693138168002 0.22802557752026684 0.25278504716797867 0.1863172037917885 0.17894179979785121
810 1301837.0 0.29952554579900725 0.30629046894127426 15112.23931005527 0.08877154744812471 53687434.00262484 0.21535003791837304 0.2540273232215506 0.2278649685407145 0.2527937087325552 0.18662493606255906 0.18447032351411793
820 1312464.0 0.3024789434504018 0.314774144772775 14719.861879974069 0.08838369462174755 54400114.269086935 0.21491625937787118 0.2601759910370859 0.22770457333934732 0.2528385798878659 0.18771798612667415 0.18731370404098507
830 1332838.0 0.3027695163380065 0.3150341609686013 14804.01247525232 0.08799871272343414 55119962.63142288 0.21471372996742272 0.2604543322718966 0.2275470333357566 0.25293115221689394 0.1875342742729037 0.18736553772060358
840 1343030.0 0.303032772965441 0.31506634146378404 14854.098180968738 0.08761769452262967 55844896.98445628 0.21695953678821844 0.26502027081031104 0.2274100961302896 0.2530538406594924 0.1877715896467952 0.1874885619590193
850 1363703.0 0.303412279014787 0.315657130180317 14809.572140059256 0.08726130987141306 56535020.444346465 0.2171941717670088 0.27037844515266957 0.2272902086859424 0.25325043711780354 0.18790177154362478 0.18795452833786164
860 1377888.0 0.312618502519807 0.3386654501383078 13587.595903622258 0.08692381215901282 57199134.38665177 0.21987734089263927 0.2834616630210029 0.2271903326545652 0.25353530840788063 0.18876003682673784 0.19583284043089713
870 1384020.0 0.3126940329827139 0.3469634931080596 13624.405882388666 0.0866236090049779 57799650.844943576 0.22262075148381238 0.28417152690338676 0.22713387606062632 0.25392400565854767 0.1886904847871887 0.19956112214577723
880 1410348.0 0.31385415851030085 0.34751228097176656 13575.946778182119 0.08623584768283872 58584673.545448236 0.21896952319741358 0.2835225825376715 0.22706096274664186 0.2542677064199966 0.18871423791588668 0.19973705464345684
890 1438658.0 0.3174646156474874 0.35410390994520063 13302.82275226939 0.08586346923139154 59352140.77183707 0.21798360768515354 0.28324330471349635 0.22696409344437374 0.2545925221941891 0.19070939908948656 0.20224100487921698
900 1459167.0 0.3186304759776373 0.3599076947586733 13213.093656608075 0.08549457362393949 60125619.35961 0.2177162465851354 0.28137495640670634 0.22686370893161556 0.25490034981754317 0.1909409667272463 0.20551651067459872
910 1481959.0 0.32794064861387057 0.3709587182462377 12154.308690294562 0.0851683649775697 60821476.947404996 0.21961601588848068 0.2744663938068209 0.22677629696625728 0.25515666371535756 0.1926232256930546 0.20805738544451585
920 1506047.0 0.3283422561500962 0.37107719331688716 12192.676518230019 0.08494079172817898 61316157.977921695 0.22142964061131687 0.2737594266153374 0.22668911245730203 0.25536188351955075 0.1924335307284869 0.20813438094740844
930 1525614.0 0.3309931759283474 0.37120206864343297 11929.203634817055 0.08470121863605466 61841941.752807505 0.2213750539930877 0.2736535193216335 0.22663231969004238 0.25555892783621337 0.19277528238216002 0.20824839509520549
940 1552300.0 0.3314915384975341 0.37145407725666274 11888.239238027234 0.08445415876141865 62390007.942041785 0.22117764582987065 0.272125877357318 0.22657734874853186 0.2557503667123463 0.19310042260049423 0.20835099389318348
950 1578700.0 0.33575244968686924 0.37513117025660025 11493.545575966364 0.08421666628483648 62923067.85370329 0.22352050702158432 0.27687588160191057 0.22653129509439468 0.2559394611600846 0.19400594723917186 0.2085823013149194
960 1587595.0 0.34160239824105054 0.38156088444655983 10961.601482431002 0.08398402657103574 63450997.9413081 0.22305737271094508 0.27786381854300524 0.22649895489149255 0.25615945047771904 0.19350228408939374 0.21121900553557785
970 1610245.0 0.34601405966502724 0.3856280540166186 10609.163066594598 0.08386163855471106 63735528.46656862 0.22939990940707805 0.2784249926119489 0.226479711873086 0.25638283402712553 0.1945335480828803 0.21340860837219075
980 1617174.0 0.34656938584846514 0.3862950980878454 10599.62837535529 0.08374181931111037 64015856.61455301 0.22974749848115017 0.2784693291795836 0.22650967467558292 0.2566076343146777 0.19463432097391223 0.2136549045469699
990 1631177.0 0.35373528406883425 0.3932631805370957 10007.445454317818 0.08355177364346326 64457709.05987881 0.22659378974291722 0.2713191628908545 0.22654459223558815 0.25682448164472693 0.19712834035662 0.2148058664182693
1000 1641854.0 0.35604128605572305 0.3958393478821744 9954.594058133856 0.08336253020986405 64901657.01892395 0.22467956053670593 0.27201358190804853 0.22653353935037074 0.2569726444897935 0.19858407532075698 0.215027784842771
1010 1655878.0 0.3646109948297465 0.3987279901665671 9300.267525334672 0.08326821001760945 65128606.6026583 0.22798821553785711 0.2694191135225347 0.22652784984503196 0.25711144441439854 0.2014729818792799 0.21610220032812394
1020 1667735.0 0.3650982257686699 0.40202691589883827 9320.125561512521 0.0831678753438726 65370563.066209294 0.2280553301147226 0.26890853036556367 0.22654171612065846 0.25723050706674633 0.2015742501697885 0.21797089456726548
1030 1680182.0 0.3706511219661519 0.43772683275695706 8918.09690726408 0.08307791695537291 65589104.93042052 0.22633177054990622 0.27830170299922485 0.2265482854968871 0.2573828137656675 0.2023371607193723 0.22347695812332383
1040 1693482.0 0.37113508455985794 0.43841002831783027 8926.156390607433 0.08291595809968169 65978167.80663223 0.22621634441678865 0.27693926790028933 0.22655181240855043 0.25757366487339023 0.20239783187247395 0.22401533790783582
1050 1715998.0 0.37155364580401395 0.43899337869356425 8915.787912093205 0.08272207964391942 66446314.54578198 0.22460548735398503 0.2764507162772453 0.22653937822728398 0.2577542384443613 0.20241469936711665 0.2242465851145394
1060 1727544.0 0.37779126803377744 0.43960801866934807 8493.18172224595 0.08251969642454102 66939138.4654294 0.2230103955503209 0.27656093137768 0.22651493926435814 0.2579305349611839 0.20733437558248005 0.2245098949236815
1070 1753595.0 0.38769357320259185 0.4452794586315114 7942.273495202451 0.08231968551820182 67430761.36367615 0.22887853615336495 0.2785922770496533 0.22650685552577762 0.2581148456892461 0.20987550513983605 0.226161674071797
1080 1769078.0 0.39061478810227024 0.44572704558695925 7885.457289932501 0.08214555212283915 67863492.88836554 0.22857847934125114 0.27845530205879543 0.22651992619082387 0.25830348890436405 0.21047513539746393 0.22622650040231995
1090 1782256.0 0.3935194048278361 0.4613688504298481 7718.600549092377 0.0820409241042195 68128027.60520083 0.22862890557237756 0.2786923643327639 0.22654264840912441 0.2584985344812046 0.21135341341263855 0.23011274609531143
1100 1792930.0 0.39437282917989963 0.462224374069798 7722.3479482768735 0.08193873253319395 68387849.71284533 0.22815937086053698 0.2787725077321535 0.2265592275121875 0.25868285799000373 0.21140966460459182 0.2304711893905449
1110 1813721.0 0.40505968834047207 0.46923605831800025 7270.762417083919 0.08187359255959911 68556493.17557609 0.2308682402846083 0.28206255087011795 0.22658180671402336 0.2588765033164241 0.21656301362957794 0.23288798134406147
1120 1827713.0 0.4069884244811405 0.4726747266944843 7168.496708702626 0.08180960550589092 68722703.20915893 0.23133842389766 0.285957158514639 0.22662172088951915 0.2590893371926436 0.2172532301531834 0.2344514134105056
1130 1843609.0 0.408820856057288 0.4857655660236599 7144.717625724399 0.08175624871945811 68862833.82350822 0.2316572412446079 0.2819688618936509 0.2266639620388399 0.2593155980496336 0.21793527391111123 0.24061647304330713
1140 1862064.0 0.4198933328754189 0.48613970375288473 6628.491112876029 0.08164698602567466 69143309.04828663 0.22342801900665588 0.2754717958087599 0.2266663243472966 0.25948269939437113 0.22158514764942594 0.2408230224893634
1150 1880273.0 0.42135083532914436 0.49309108536773627 6569.163893464389 0.08157894437810068 69321074.01994994 0.22666541317655775 0.2714801481313877 0.22664906498021503 0.2596076980001497 0.22238524108357802 0.24309047287463045
1160 1893827.0 0.42512936584084643 0.494422654640073 6437.101273668997 0.08149736381811051 69533609.63290209 0.22631877169831494 0.27075012742620236 0.22664756895970878 0.2597052871589557 0.222533635312484 0.24360256449782744
1170 1911493.0 0.42529396891524535 0.4945974599880987 6436.601313507463 0.08141716597947612 69743457.39772317 0.2273687425494907 0.27642068773124145 0.2266467379551319 0.2598178109817729 0.22257660172130905 0.2437504566972119
1180 1927655.0 0.4318071688677818 0.49629372978023784 6151.665946065678 0.0813453720713751 69932446.33405353 0.22807012741604282 0.27651675581992413 0.22665642785266288 0.2599586711625727 0.2240222355756781 0.24444621542454906
1190 1940116.0 0.433178544612837 0.5079165957031527 6102.541423644333 0.08127074148554285 70129320.64681812 0.22799513756617454 0.2813391765543023 0.22666801328890204 0.2601277454662491 0.22430805268116713 0.24846010240431324
1200 1951618.0 0.4340347004056697 0.5083048532402412 6097.153098449791 0.08114378447189688 70461804.25911859 0.22708916435070692 0.2797595518756569 0.2266755417790896 0.2602985269895415 0.22494890892205271 0.24873334783674775
1210 1964440.0 0.43426624080075515 0.5084053243829657 6096.658548153645 0.0810188923684609 70790978.09610783 0.22707903999389337 0.27972551478249047 0.22667894060402993 0.26045917288109793 0.2249627768361028 0.24889980459987124
1220 1972440.0 0.4355144847775558 0.5256009879177698 6051.34577196509 0.08088761961524879 71138827.51104744 0.22708122650522639 0.2796542503247904 0.22668213631182546 0.26061651811844583 0.2255035207013145 0.25910770529584404
1230 1988672.0 0.43583683678538143 0.5266893753258076 6041.180800217534 0.08075908912390334 71481685.06815717 0.22483237069323322 0.277193601238231 0.22668134855541985 0.2607664388112918 0.2257103750607787 0.2598405803710647
