1 1238.0 0.1924037629600873 0.28527498419436803 23577.18594913143 0.1924037629600873 23577.18594913143 0.6371818583228024 0.679679178937227 0.6371818583227999 0.6796791789372287 0.19240376296008743 0.2852749841943679
10 20640.0 0.19418614827316957 0.28793310242721737 23410.41620640844 0.19256150469323474 46987.30353278151 0.6336695257030203 0.6788918195207049 0.6352085918733196 0.6791441900348387 0.19359913866168485 0.2863338982554222
20 40384.0 0.19914462341625558 0.2894272276977262 22405.250674970397 0.19219542922568947 69406.12728920816 0.6413567916412528 0.6759020874322035 0.6368155596448967 0.6775580544978157 0.19600506816303948 0.28629407963942755
30 53263.0 0.22896489240661047 0.2997470566004282 14833.726740910923 0.1987053356083388 82464.71005239364 0.6664582937560221 0.6780181428135782 0.6456715913721113 0.6778638296329723 0.21610357848439668 0.2921391265690461
40 79643.0 0.23033713124677668 0.30187393808056445 14593.101293620339 0.20257140104571292 96035.00661611318 0.6684912302838523 0.6808278125041193 0.6512194753394289 0.678511267498051 0.21915746950996073 0.2945678176527658
50 94981.0 0.2389077485473821 0.3060964635953257 13165.352969350246 0.2038916939265627 108673.91063839669 0.6559827886945995 0.668941281205522 0.6531815727791652 0.6786527388485077 0.22663957019576159 0.29853726536676983
60 118418.0 0.2530159673604215 0.3144049409292941 11130.962741623774 0.2061006853023446 118648.74409795241 0.6543801994128898 0.6688070095428017 0.6535170161804901 0.6770569148088015 0.23841558079083158 0.30630106601808654
70 144876.0 0.2578711827460174 0.3268391481783535 11034.083245526532 0.20813188291016915 128673.91537065475 0.6603784821457291 0.6640792312888456 0.654169672229163 0.6754133251672835 0.2420263276494457 0.31338822679117523
80 158092.0 0.29312325897584995 0.3297670553529876 7563.365668198869 0.2101202582831481 134493.74313943452 0.6550679896933476 0.6711676301478725 0.6542794955211486 0.6749675859811768 0.270876234665847 0.31430517679985204
90 175247.0 0.30537040546388206 0.3320910562403834 6853.257721330804 0.21257673846396924 139135.43929956848 0.655999626406954 0.6714638689195739 0.6544735677053899 0.6745835209196046 0.280478392720063 0.3151759548592149
100 189690.0 0.30555898792375713 0.3321995391181764 6939.14316199686 0.21458658588464105 144362.8105601661 0.6588277605706019 0.6743022140953434 0.6546625352200366 0.6743460827312987 0.28057306627752215 0.3144882300708688
110 206463.0 0.3263530080374373 0.36512760524542565 5978.848054648287 0.21449796286359993 150437.70200853722 0.6427218373511837 0.6808018382792698 0.6542784537873796 0.6747317314087293 0.2948071627599151 0.3391410409800606
120 216936.0 0.32856728011490693 0.3744821903301753 5937.57467932127 0.21449253255072828 156381.18075379782 0.646475658775102 0.6866682205731338 0.6534555631372818 0.6754042814403546 0.29547253809652874 0.34161070112496233
130 231723.0 0.32978666780664073 0.37611269166906175 5916.732502880782 0.21438861568329146 162412.06888217552 0.642145651596829 0.6746088881990119 0.6527066079282003 0.6757430595588055 0.2954676628595275 0.34129944255870215
140 248627.0 0.3375925087390846 0.3841526990757698 5578.570247294154 0.21319728402287463 169486.52290666316 0.6434054413406084 0.6859128783686821 0.6519819302050598 0.6763351111704732 0.29733125029628926 0.3455287031595318
150 269416.0 0.34342261426107185 0.38878594951378426 5373.874231935537 0.21217292613270058 176212.88224564824 0.6436330369410017 0.6864700312178009 0.6514094466100524 0.6769678901160823 0.29908240257602886 0.3469977734264552
160 283363.0 0.3508715269761874 0.40324594721189233 5126.43831000375 0.21147361749412924 182301.53191487104 0.6398092129475327 0.6831312493706085 0.6507421958989137 0.6773447023621296 0.3026906563898022 0.3554511473382341
170 300151.0 0.3660683046645945 0.43495275017081364 4547.026416874757 0.2108123369650225 187859.08831822063 0.6422704997155967 0.685263012960096 0.6502284705339696 0.677761347636807 0.30963908742392865 0.37029898193106914
180 316441.0 0.3788301921691182 0.45047775662000417 4184.485264853866 0.2100891635119745 193234.4485047506 0.6528123635727564 0.6784395478750986 0.6501598779639192 0.6777966248701285 0.31572924516643003 0.3789545185783706
190 330609.0 0.38278439533299585 0.45059045207940185 4065.9039252367565 0.2093280492468005 198602.36272290171 0.6545132685883785 0.6810605434436776 0.650333705891893 0.6778823553383932 0.3164664558338746 0.37919365418333423
200 355984.0 0.3828766538125381 0.452123202530529 4125.253812174451 0.20861335060543706 203958.25079039246 0.6527696276191555 0.6737661389265908 0.6504922784416739 0.6778290296408691 0.3165030760388263 0.37993629470301715
210 378811.0 0.3910497228087533 0.466638240111537 3889.5792427255387 0.2081095614088354 208750.21716898878 0.6518667032286843 0.6747153071868983 0.6505855544921456 0.6776544138344971 0.32184615076441775 0.3878830350472661
220 398889.0 0.3917385281398659 0.46714914710285427 3933.5777692914753 0.2076099606649852 213583.1549456163 0.6523436748332304 0.6834055035613444 0.6506265175327492 0.6776092236486068 0.3218355999929111 0.387491063392905
230 418356.0 0.4093038880861619 0.46926104408514385 3487.918125779896 0.20652416759984385 219289.20395685232 0.6603074222762626 0.6849037457838351 0.6509267483476135 0.6778686994463474 0.3307992060744552 0.3883364761307103
240 440219.0 0.41323854437875845 0.4768452847138904 3407.804215898221 0.20545402449616987 224965.5691637045 0.659654716905342 0.67937191526598 0.651293689362903 0.6779533185984947 0.3331582697024004 0.39259665235807834
250 475782.0 0.4342298070695146 0.4808407167306929 2985.580003500749 0.2048288265843205 229354.75562844228 0.6672148411398657 0.6836925506528967 0.6517836734791889 0.6780898262833409 0.3458741373080492 0.39428759511637057
260 495659.0 0.4389897315471968 0.5112698547708056 2948.134514332026 0.203819040981274 234676.58243132426 0.6744740459554898 0.693969294623513 0.6527319720713793 0.6784348440069387 0.34707910610538034 0.4112246949041028
270 513207.0 0.45565328248654197 0.5315308934288134 2638.7627112378664 0.20359612840160077 237848.91192373936 0.6741830681318172 0.6924778031246747 0.6535567163348062 0.6789762639254197 0.3530948009659751 0.4191968480210405
280 527225.0 0.4640332190245071 0.5394522601732149 2503.1181571862594 0.2033537910228441 240948.80236672488 0.6726373766013488 0.6861813497637279 0.6542982212025878 0.6793697818481567 0.35815308359213294 0.4238490267963996
290 547050.0 0.46582457848122416 0.5457135009838632 2482.9361777705994 0.20298601076465278 244353.31494988617 0.6699766208544901 0.6980715634651727 0.6548869976836503 0.6798436417423898 0.3585064665776697 0.42502022898138814
300 560671.0 0.47033434202900687 0.5485480757440727 2438.1841238210222 0.20269235122221932 247535.28203282523 0.6679858871331997 0.6925710759212587 0.6553248132909545 0.6803827391680258 0.3617316259232044 0.4266225390170833
310 588309.0 0.47704125495508826 0.5663556577496185 2361.702433652847 0.20239685275551908 250660.3955747578 0.6680557760227408 0.698463406918827 0.6557561717107693 0.6808200796488043 0.36451681490487925 0.43515109108413735
320 605789.0 0.48253148467763957 0.5839136171271256 2300.58307110209 0.20216201176281184 253575.572956491 0.6672088809404164 0.7014450479623675 0.6561473609162115 0.6814553397915094 0.3681811988666273 0.4441849058572158
330 626264.0 0.4944127202677725 0.5980130306928632 2157.484485499972 0.20197560936069553 256234.17525223436 0.6341837419087719 0.6906373684908707 0.6556743280485535 0.6817622470203321 0.37381040578242397 0.4522835466394289
340 643474.0 0.5118724874325014 0.6066421044691058 1943.4285950801723 0.2020259630891991 258038.68180305022 0.6266811857409089 0.6811289652982556 0.6549974343274004 0.6819420396224691 0.3868694612168779 0.45339203005553513
350 668469.0 0.51702390778684 0.6070257879545202 1903.2884590275899 0.20194383228599436 260172.06083110633 0.625851469056771 0.6805403221409142 0.6541913861496801 0.6819247577506956 0.3881218089329659 0.4528223156008416
360 685222.0 0.5480700487069033 0.6098098150691884 1655.1800544664754 0.2015791402926872 262915.49436021596 0.6413746113817524 0.6948087429823917 0.6537170687957473 0.6821732235115929 0.3980093849143656 0.45301516513271434
370 697485.0 0.5513741097257555 0.6099233021278945 1654.8742427821803 0.20124870840083284 265562.3588830924 0.6403899856981387 0.694726390180755 0.6533608074767828 0.6825079520340417 0.4005529517742672 0.4527671127179909
380 715737.0 0.5879752951615371 0.6119928403418577 1364.9076881175677 0.20153894421996324 266036.12079324573 0.6478289043973927 0.6917502445344139 0.6531081568982082 0.6827904969662105 0.41548187972427003 0.45259309849489
390 733179.0 0.6102451785980932 0.6228159392904886 1239.4714267230588 0.20174978601189708 266613.8143411157 0.6483972620017484 0.6895337622174041 0.6529903005880722 0.6829910391889316 0.4177716137988732 0.4543765276112113
400 749820.0 0.6144672409493315 0.6276314557152647 1217.9255545409833 0.20136636124059268 269072.5945457666 0.6399430565501103 0.6883651510817339 0.652758897999432 0.6831752492390347 0.41894476574910317 0.45654284960610725
410 774470.0 0.6156986371786312 0.62938335055565 1225.631173854326 0.20106458281853895 271277.47808738484 0.647704590474371 0.6907479431365193 0.6524483360243544 0.6833128561142333 0.4187272075903099 0.45693655267932437
420 793818.0 0.6460631713101114 0.6364591503434199 1073.3330194969633 0.20125038033617265 271742.60265207436 0.6461859327041277 0.6825168204848103 0.6523242416414319 0.6833826669456271 0.43287292193930454 0.4612027095059498
430 803316.0 0.6473827274283949 0.6418760833666687 1069.6617476028762 0.20156969227417065 271777.89717693353 0.6565405744268267 0.694748791604362 0.652390964530557 0.6836138454962186 0.435512402062714 0.4634947743857772
440 827475.0 0.6537951233388639 0.6435332667676181 1063.152909059738 0.2019303796016459 271681.9675045636 0.6545462700268899 0.6860212817973914 0.6525177521094145 0.6838483641460552 0.4363498698238526 0.46421332004545274
450 846739.0 0.6612820632845999 0.66039662047787 1030.9214410597222 0.20229329229670523 271547.66335863195 0.6512673345464086 0.6855711801313699 0.6525435783579311 0.6839071253601156 0.440707967902426 0.471293636840957
460 867911.0 0.6664369008316262 0.6648731475141137 1037.9253306470296 0.20236717395450177 272346.616888347 0.6490118708460727 0.6854189844207816 0.6524607739950068 0.6839166994127964 0.4422638525306408 0.4716548315079402
470 885911.0 0.675346345503985 0.6883864017033773 1020.2238453825796 0.20241722793818728 273204.37988955417 0.6696690980915752 0.6938295912207127 0.6524403560151879 0.684085226345246 0.44572849007564297 0.4816646649263321
480 898886.0 0.7148724588104419 0.7240096118645601 869.0497407992016 0.20298975770702765 272209.3319581645 0.6672965780480233 0.6876597554996725 0.6528268819287106 0.6841943428962429 0.46167206557428614 0.503815583922223
490 925422.0 0.7164125222563059 0.7290073875113966 865.838288636044 0.2034147849033686 271695.4323716528 0.671120352840791 0.686705330595998 0.653168712842005 0.6842683082896814 0.4623769364303833 0.506400615835631
500 949767.0 0.7443642540791862 0.7313894132308074 780.4073982049018 0.203488383649767 272229.7000940493 0.680938747994917 0.6881416038312422 0.6536876500032791 0.6843311914410785 0.47377792209862774 0.5072288759188017
510 969240.0 0.7464676353833891 0.7521125457483095 779.9498909553203 0.20354776718435436 272811.1997421597 0.6808680246116012 0.689404799768223 0.6542123995763696 0.6844238325254682 0.4751682361496464 0.5129223422551122
520 984639.0 0.7686837075004034 0.7776795849108595 718.5974397197432 0.2041784233279041 271457.3326085445 0.6613330161560529 0.675357569298419 0.6544921717755044 0.684304800621816 0.4907337274871839 0.5217587054049
530 1005928.0 0.7753374997091632 0.8096272487602013 704.4653396090241 0.20472681129545311 270368.51705720817 0.6557044425548938 0.6803912447835215 0.6546329513093979 0.6842179679569818 0.49047166115554786 0.5340949337013531
540 1016033.0 0.7766943837700498 0.8129383547583541 701.5937833855661 0.2054065322384042 268887.10812287196 0.6564686673453517 0.6790543682554309 0.6546609299534257 0.6841342618373172 0.49113535207616477 0.5362889914731279
550 1033804.0 0.7956809997160791 0.8203042090003015 659.9243507569424 0.20605167017374762 267475.5201291164 0.6600783262510257 0.6830923390032687 0.6547172401565043 0.684107228608565 0.4994735935607698 0.537521608649132
560 1052163.0 0.8056352984847446 0.8223938411431834 636.9142552847046 0.2066999232563994 266044.96009073226 0.6706579445123478 0.6932158892457956 0.6548718422944141 0.6841034680795166 0.5027139745751376 0.5384493699927787
570 1066512.0 0.8083747901799099 0.8337022924991082 630.5778219321123 0.20732759287918728 264694.1700703045 0.6669660799455892 0.6933307216887031 0.6551049940554665 0.684236388880282 0.5042669243137362 0.54615507243117
580 1087065.0 0.8112004457591191 0.8354356651231453 626.1954377221196 0.2078532662207635 263670.3950776781 0.672131224995014 0.6883615497980138 0.6553721922276213 0.6843333908206528 0.5053189377099089 0.5461245581175511
590 1096689.0 0.8214154333689382 0.8550075063077424 606.8518631266805 0.20839373682896498 262590.5702446043 0.6712124049665956 0.6955020848228715 0.6556411706550935 0.6844214047591317 0.5079059041970716 0.5541047132536774
600 1117632.0 0.8235035263521178 0.863315625778517 605.9496985055623 0.20870678129411432 262217.24135945464 0.6507887665859039 0.6824572881301253 0.6557401985072698 0.684492351357138 0.5085230979847949 0.5560606926867869
610 1141527.0 0.8248522892812573 0.8680152000462507 604.2674649323583 0.20908291635088483 261656.12872573145 0.6504026638436398 0.6830556011391793 0.6556455448177382 0.6844579260077186 0.5082166668856944 0.5578072657137569
620 1157545.0 0.8271766246830015 0.8727563962838225 599.2256889698879 0.20939398038675414 261293.69886747826 0.6488742688649662 0.6900175214896116 0.6555764530199202 0.6844589808360926 0.508489054575484 0.5592905045581642
630 1175639.0 0.830174303309875 0.8944138967346486 601.5970539621089 0.2096239648048557 261185.85691781083 0.6496377667036629 0.6893898993133134 0.6554678452906706 0.6845293335526931 0.5090460327435707 0.5654373777145673
640 1194429.0 0.8482988085385389 0.9004393240689202 565.9410285387637 0.2096350846114259 261716.84160172075 0.646983208197397 0.6823998787594856 0.6553610071760388 0.684511869484431 0.5195793672842017 0.567788099437845
650 1211382.0 0.8608133839748884 0.9096337646285361 542.862222804362 0.20994095139350877 261308.19026866287 0.657525941550777 0.6895070415629914 0.6553886425290659 0.6845914533554639 0.5234983170253191 0.5711247480276314
660 1235262.0 0.8848744324275721 0.9124676757283684 504.0182614124962 0.21019649928296588 261009.9587020676 0.6672344251381402 0.6904759375296973 0.6554957621921768 0.684671858702935 0.5314093753435425 0.5721530217519462
670 1250133.0 0.8935734456295285 0.9138570635439375 491.9626730713766 0.21073995475887924 259826.05881305222 0.6674901932345185 0.68302729599424 0.6556829247496884 0.6846623372066681 0.5364732226924952 0.5727886793188671
680 1259761.0 0.9011018291104166 0.9353068774153753 485.6213851682982 0.2113258335666025 258525.21710663917 0.6637353079730596 0.6637203336137266 0.6557904467563272 0.6844646429661186 0.5402051869487335 0.5775935362118308
690 1275087.0 0.9058115168373962 0.9375003141742182 478.4354339766042 0.21186411945045794 257372.32418219963 0.6630697891827954 0.6664013806932225 0.6558960348313572 0.6841890170355089 0.5424854513469859 0.5775726263413837
700 1290573.0 0.9134631865255222 0.9457616529897809 471.47125844579836 0.21231227679734185 256489.2102337438 0.6587450738723277 0.6690792779148351 0.6559586623139497 0.6839727921470572 0.5444554575560779 0.5790974272378092
710 1306971.0 0.9266032380785479 0.9602293444037763 452.2263581010139 0.21255120014128834 256211.6352163918 0.6578858691034791 0.6715473858950303 0.6560116276278947 0.6838241300637884 0.5451782719092296 0.5827230312413096
720 1322504.0 0.9333493569834991 0.9680670147715038 449.17917765261035 0.21276913587317733 255996.80217737128 0.6559718440660722 0.6751942455074067 0.6560361195726923 0.683658031336873 0.5474292667485698 0.5845502731964749
730 1337546.0 0.9415132044993189 0.9716282662998165 439.27242916388974 0.21323721245828509 255032.43452441125 0.6611911440665871 0.6814736194290008 0.6560905401498734 0.6835599407653029 0.5496776119167422 0.5851129125111519
740 1365887.0 0.942522288892711 0.9729206804784063 439.8271300246107 0.21369709594241398 254105.55490523652 0.6725128695089353 0.6833006681776587 0.6561797736986562 0.6835380240357604 0.5497623245051543 0.5858506881194018
750 1392379.0 0.9537815056596094 0.9844885498427325 432.799518104666 0.2134716530206774 255231.85259019298 0.6695756645500248 0.6932991187337695 0.6563504339181472 0.6835506654128017 0.549981196122886 0.5879446376133752
760 1411543.0 0.9647929588100271 0.9893371234692598 424.1837753920312 0.21318112540736525 256559.31644893155 0.675359242486508 0.6892355354270194 0.6565696144640212 0.6836583649180541 0.5539547204842362 0.5885548914040185
770 1430450.0 0.9729370716037353 0.9928688139906283 414.8116177332073 0.21299024882455478 257569.43654092954 0.6726194956858538 0.7006649590726108 0.6568190895720505 0.6837439541344421 0.5553747084643795 0.590599388323883
780 1447382.0 0.9982617905739772 1.0223547777457374 389.41653474110524 0.21305685031480256 257751.6238480893 0.6794346101906324 0.6935120404422825 0.6571031777284715 0.6839411608220421 0.5646449076565757 0.5962879982364317
790 1464920.0 1.0084740427606702 1.0294000215751107 380.95569767643804 0.21309866044202658 258002.0898119529 0.6465225802116743 0.7017847928427198 0.6572613951338053 0.6841663142208023 0.5686034984516302 0.5971062231274534
800 1486564.0 1.0236658508594787 1.0419012720514387 374.65280908278794 0.21313373185901355 258267.0996579463 0.6628705605739031 0.7068326725420468 0.6572270708985041 0.68444810829278 0.5733365795629587 0.601098960970313
810 1498334.0 1.0245272379309365 1.0424344955652924 374.35871851646243 0.2131642366821914 258546.12320926934 0.6622771057389791 0.7047921724877014 0.6572944545692601 0.6847106052768184 0.57328702473033 0.6015518504548734
820 1515616.0 1.0302409470929126 1.0434754744174426 369.11043901720876 0.213115175444878 259069.464998881 0.665358069937506 0.7031821857335585 0.6573566506930643 0.6849203770730031 0.5726765412087396 0.6023586597049372
830 1529667.0 1.030500105300504 1.0442649089545974 369.1065935861677 0.21306736864909145 259588.9936602822 0.6649768575363568 0.7026934425459086 0.6574506023698408 0.6851366486152796 0.5726876919550788 0.6028357367597287
840 1534782.0 1.0510223348135763 1.049992650329562 352.346131628955 0.21293850411217993 260351.46942111984 0.6711983133555064 0.715165140286109 0.6575611841176527 0.685366653600838 0.5802060949067861 0.6043303902963505
850 1547514.0 1.053226221094676 1.056863274255828 351.97320779739005 0.21274940398018255 261308.92016587153 0.6704500386002233 0.7111844109736062 0.6577137391238203 0.6856829039296802 0.5813547360424737 0.6098918642255374
860 1562838.0 1.0555913064132496 1.0585566784709515 354.85864319337963 0.21255406531388985 262291.1438814021 0.6652740161123261 0.695121978230904 0.657847831311997 0.68592401940295 0.5819777377438277 0.6106867499697167
870 1585787.0 1.0699786248365177 1.0702318682632943 342.0232820164248 0.21243331348363245 263022.5415532604 0.6658624776605057 0.6873578992299609 0.6579427081690333 0.6859975819149633 0.5851177787828702 0.6137235728334938
880 1603830.0 1.0903279817981286 1.0838211447376565 323.03758253185845 0.21239970982416506 263454.39985421725 0.6728720185004841 0.6974776235903994 0.6580828576263971 0.6860926874142769 0.5878797091248823 0.6191118687984336
890 1635466.0 1.102299545810006 1.102660219972608 313.71743310583935 0.21224252994819928 264282.6964853159 0.660823872765777 0.691642986585078 0.6581106281514022 0.6861654139920694 0.5949727285316129 0.6272977366921383
900 1650591.0 1.1068461428117955 1.1034236386070417 310.51947517933917 0.21194421087462487 265581.3997952388 0.6576982367950809 0.6918903479119569 0.6581293452278929 0.686226065941078 0.5967622227623692 0.6280505231199153
910 1668216.0 1.113053001955627 1.1088889240331894 307.5964416560418 0.2116766798311365 266779.8021717147 0.6560254961388828 0.6885028594246638 0.6581100112331123 0.6862596384358924 0.5968901205705904 0.6302394972610341
920 1694270.0 1.1347524263154087 1.1180630077112967 290.13077527525354 0.21124946023181804 268519.9375164458 0.6226092523272515 0.678842718563401 0.6578329392472133 0.6861916978008685 0.6072036458459924 0.6359815134278015
930 1711391.0 1.1430701952919164 1.122951739835417 284.1073968504027 0.21085225928881124 270164.0836806407 0.6237194266648485 0.6771629677048489 0.6574639540535048 0.686100460531261 0.6076243175674486 0.6367017189543993
940 1730734.0 1.1502043843404728 1.1302426710971916 278.75881807659573 0.21046342047092034 271786.41542838025 0.6258433701143145 0.6802623784734999 0.6571211821940862 0.6860285384986036 0.6088845815055477 0.6401126007743273
950 1753984.0 1.1644985910564054 1.1459046916593494 271.03383174993996 0.2101082510085505 273295.1009478171 0.6294663515785726 0.6837328747740173 0.6568152381390032 0.6859889950489122 0.6080934058198635 0.6432635868802723
960 1767900.0 1.1721786004189125 1.1498569197969413 265.82839361240286 0.20986568598680508 274408.82994299504 0.6293830948433634 0.6832161840862413 0.6565345409613157 0.6859703538540527 0.6126296488848417 0.6438165075828307
970 1780877.0 1.180767911274309 1.1543897710488176 261.082632322388 0.20957171396725952 275706.75813039136 0.6261005554371043 0.6826228098417485 0.6562432740893581 0.6859396970493938 0.6175178148561256 0.646871468985067
980 1794361.0 1.1837966990788522 1.158444741989843 259.14046330267803 0.20931109317106417 276889.52587167633 0.620659858894749 0.6684304213275264 0.655912304495326 0.6858560827973719 0.6189346321697209 0.6488953992309412
990 1816679.0 1.2010739377917372 1.1616749066723506 248.48625037842302 0.20920177323194467 277525.9068804051 0.6158899052234316 0.6657855135026695 0.6555300033894854 0.685660062955494 0.6226688929869616 0.6500133420667231
1000 1834862.0 1.2026004476651044 1.1624206502795598 248.16361542860102 0.20914288161284492 277982.95698603423 0.6108680571987859 0.6792963521001602 0.6551282092073389 0.6854755914460722 0.6232159672283368 0.6501511578640297
1010 1852852.0 1.209633221903157 1.2000501785952178 244.39938051133598 0.209118487715458 278313.9478897178 0.6106737803390238 0.6785180356392128 0.6546879416989336 0.6854086450139337 0.6232614329797002 0.6579902388333121
1020 1861023.0 1.2122006990836376 1.2032714871469299 243.9126554570219 0.20894015324360626 279196.48775690154 0.6077300384221885 0.6778065785822075 0.6542173441900738 0.685334026789066 0.6242918821380281 0.6585931930744506
1030 1885044.0 1.2180428144389375 1.219329958443932 241.76470340877495 0.20869476367476056 280323.84251924243 0.6005796023696687 0.6728417758412015 0.6537672533202273 0.6852641761910652 0.6252160339490086 0.6663862528629143
1040 1904110.0 1.2464846106287621 1.2296640591668653 226.37727237439816 0.20846848601438905 281374.5119865242 0.6024059125421372 0.6680579172914669 0.6532697722201657 0.68513522601736 0.6392816888287159 0.672137600812816
1050 1917353.0 1.2521110166303115 1.2320271402588856 224.9426341462342 0.20829470032374434 282234.0238229715 0.5999572230895002 0.6760693761987359 0.6527626351274673 0.6849656344971127 0.6406179798396144 0.6728822901026666
1060 1938265.0 1.2577150799750967 1.250161044740374 222.0558519291844 0.2081848204835618 282857.8092149503 0.5998211182208605 0.6626657569117136 0.6522599288722984 0.6847949660108953 0.641685587318622 0.6757897268273206
1070 1954842.0 1.260702225776016 1.259628190717205 221.1661581068895 0.2080732298907017 283488.02079064073 0.6020069200080662 0.6658919152245438 0.6518101502498781 0.6846543795372724 0.643018691858932 0.6797143898861675
1080 1963526.0 1.267978238979491 1.265776995705052 217.75090264844223 0.2079504557001185 284157.6633891358 0.6023309054975303 0.6632473341076817 0.6513518338880426 0.684461523519927 0.646128180645926 0.6814138753850691
1090 1979829.0 1.278808504598138 1.2692990174948204 214.9909458360322 0.20800534117865435 284171.8387964299 0.6045263997326167 0.6629811619962345 0.6509114784596511 0.684263994497738 0.6498004208784008 0.6813440670360346
1100 1995556.0 1.2853930414355943 1.277632453589932 214.26037298594406 0.20806033773732657 284185.04103600647 0.5921595043326833 0.6620298466282692 0.6504229446755936 0.6840563141424323 0.6503657856230131 0.6840487470376648
