1 1491.0 0.1034536885696417 0.09563992791073817 143305.44496280354 0.1034536885696417 143305.44496280354 0.22450524416841133 0.26514640762613123 0.22392423191448785 0.2589690162873109 0.10345368856964138 0.09563992791073873
10 13631.0 0.10519834521527091 0.10480047418081709 136499.40134102924 0.10432207199851959 279693.04936541023 0.22453331924701472 0.2651727533049339 0.22441569099976555 0.26403953218977577 0.1050968453362204 0.10441354603815314
20 32281.0 0.10523790947967049 0.10503256202542673 139108.05571365473 0.10460123665688846 418807.1967436093 0.2235737927119806 0.2597702466779788 0.2243138882827679 0.2640470003623441 0.10517718784234047 0.10477267150288361
30 48522.0 0.10529729324739492 0.10512773372852903 139875.13145421268 0.10474015782780058 558694.4841197707 0.22522789085296105 0.2661335466704744 0.22407017068531687 0.26280372878232044 0.10521538222800798 0.10468009081282444
40 64478.0 0.10624686642730423 0.11001992714780648 143959.4921038556 0.10478682156317543 702678.767292281 0.2249990231572666 0.26633654313821886 0.22436913486316482 0.26362491646214775 0.10606649533315582 0.10903638121315506
50 84042.0 0.10711606631386404 0.11237142105255878 141187.53576968337 0.10476506379478888 843864.6319578467 0.22566791910098608 0.26633601370735305 0.22461605037701476 0.2641547489254241 0.10672006818229914 0.10992200989999336
60 107308.0 0.10773870956482444 0.11264764972497987 139411.74256181365 0.10479449665260587 983271.827435503 0.22713906585704308 0.2661039753609714 0.22502346829315864 0.264559247322413 0.10711632394731527 0.11011122409154149
70 118185.0 0.10821268699359754 0.11390958887132215 138128.62841666982 0.10420280540920213 1122397.3526065112 0.22658116383593402 0.26656730196975514 0.2252476148851057 0.264802688993392 0.10725915299253479 0.11114147011327047
80 124975.0 0.10868070410809985 0.1152139991472941 141417.87579048285 0.1036357172197393 1264543.0234237579 0.2271629352770964 0.26455019408350355 0.22546703294506149 0.26483483087389276 0.1073970310042542 0.11182495074518757
90 151985.0 0.1087942468026435 0.11533520179712868 142254.11086006204 0.10300837426138645 1407870.327181287 0.22792935021521202 0.2648717521265248 0.22572919279334386 0.2648353465737099 0.10736479163449847 0.11168580393971696
100 161992.0 0.10895100918248278 0.11535178056362902 147126.72409827492 0.10249509365909776 1555206.317732618 0.22909227798249746 0.26927022478213014 0.22603851228574504 0.2651884418069174 0.10733475095579909 0.1115106818304083
110 177976.0 0.11122636450248656 0.11860823331862087 138832.33675465305 0.10217709516892211 1694805.9477314595 0.2259550416964599 0.2690862465015249 0.22613548722771754 0.2655697268833216 0.10831884609560687 0.11281287068028442
120 194178.0 0.11370343174249077 0.118891595366257 131955.00024132876 0.10195667168845071 1827752.370935929 0.22685482214846328 0.26869473796370186 0.22617954069898988 0.26586582757417193 0.10922060243519356 0.11271205938805956
130 214893.0 0.1138481704072144 0.11898589936478123 131503.48878284468 0.10177188534102546 1960120.0547251166 0.22685976853706155 0.26869175774686727 0.2262316917745388 0.2660819162062079 0.1092358881345952 0.11270806722273854
140 233150.0 0.11546564522660008 0.12113500623301046 126346.38625996876 0.10169470590502279 2086941.188812019 0.2264913677663183 0.2680416996267283 0.22625792913167844 0.2662346260103382 0.11019090877361121 0.11463172649500343
150 244046.0 0.11663743460304316 0.1257346678230002 127033.28390405125 0.10144660730785035 2215817.626541616 0.22718822145270048 0.2683125766953394 0.22630248971244513 0.2663745430544551 0.11079199073263159 0.11723441300708894
160 255609.0 0.11695952426964103 0.12582275262809917 128016.58671673376 0.10119693541984356 2345670.7016162267 0.22622818965402963 0.26959005921404355 0.22632649657537124 0.2665298109664808 0.11087356872700596 0.11724890762904497
170 266769.0 0.12408386861775239 0.1289695995029685 109560.60674284422 0.10123371099081006 2454723.87951582 0.22444945481179654 0.2704325484211804 0.22620708850569748 0.2667315292602326 0.1166715386156807 0.11974083905788403
180 300963.0 0.12409988002031225 0.12909217909169546 111185.5114480211 0.10117676638623356 2566701.5376115427 0.22505093477714058 0.2706219889740502 0.226135786552292 0.2669440321880586 0.11657410579224632 0.1197580508033673
190 325212.0 0.12410339064893931 0.12915368695212134 111383.3665041801 0.10111339743419952 2678970.819818108 0.22505043356511553 0.2705945883865082 0.22607899020343575 0.26713591237378137 0.1164762565655691 0.11974951522239598
200 339837.0 0.12420484167315887 0.12932904960377994 111184.35453223501 0.10106733774393109 2790798.910442679 0.22508113409006061 0.27053685690191437 0.2260281638421458 0.26730768081593115 0.11648636478960853 0.11972066351456859
210 355356.0 0.12436277027805634 0.12950016279829593 111416.66186851861 0.10099391667385035 2903267.6133251293 0.22983571026554284 0.26959061995865846 0.2260746976823648 0.26744906862067375 0.11643224483984227 0.119736930856214
220 367947.0 0.12444238484640852 0.12975274876966866 111465.45424426807 0.10092433211086688 3015733.628650174 0.2301409507907292 0.2690500952979748 0.22625004512465444 0.2675369462452755 0.11634736862307275 0.11971732130778195
230 375010.0 0.12613826214617951 0.12984431546118064 109524.96459752771 0.10092469894126195 3125253.2478427403 0.22871503021271708 0.266054403929968 0.22636676022846666 0.2675425637628997 0.11746750019557671 0.11970007771925278
240 392455.0 0.12687195750641828 0.13113948736285816 108967.98208050428 0.1009255236968694 3234208.8989332956 0.22874469850014756 0.26760024424230516 0.22645466762962527 0.2674893792254253 0.11787636335527994 0.12031079194442275
250 400334.0 0.12770138631914868 0.13356553256162904 107382.6630143878 0.10091524850748636 3341759.5088348426 0.22853334546152182 0.26487053465911836 0.22655025102721746 0.26749343742910503 0.11858368244262026 0.12092155421345101
260 414168.0 0.13067936037790062 0.14187460989689693 100519.52515977327 0.10096564700011985 3441252.9965555044 0.22889866105480963 0.2647517366599944 0.22664673110939548 0.2673875443448139 0.12010477023701409 0.12678654877618972
270 426034.0 0.13119434559207568 0.14203449407932336 100174.29697783515 0.10101505861704464 3540412.5932283015 0.22746049452823422 0.2647463666112865 0.22672311995436387 0.2672904187006084 0.1203023488688013 0.1266859731356471
280 440999.0 0.13195637111309547 0.14727643497597975 100728.99995240758 0.10097968723312575 3641918.9218683215 0.22716177258910414 0.2655134782520101 0.2267423417491031 0.26721953472622806 0.12063383604481588 0.1298142649090954
290 456594.0 0.1322105412230535 0.14769255729414307 100397.53065053736 0.10094667394146811 3743052.18841346 0.22716183111737223 0.2655136166184585 0.22675675080232363 0.2671609087835841 0.1206684553460728 0.1298862709116763
300 469882.0 0.13241120390678526 0.14837346947604965 100300.80720047823 0.10091724302779151 3844011.007177049 0.226748324671999 0.264768772498716 0.22676271246972665 0.2670916679005657 0.12074325486858774 0.13023094614735253
310 479461.0 0.1340405673278369 0.1532299744622194 96949.53920041349 0.10088972024058401 3941660.274554833 0.2299197648205951 0.2692907383511378 0.22681635017546847 0.26711769444671396 0.1214867533843236 0.13226280039519545
320 490972.0 0.13528546311444517 0.1537439019875067 94537.12296353668 0.10081915442513624 4038244.9245226705 0.2309821616593172 0.2692455535437934 0.2269166368330562 0.26718865694901467 0.12210132838018195 0.1320224009093009
330 505316.0 0.13773154558024417 0.16126369903608836 89683.43545012009 0.10064925716487129 4134172.034264399 0.2304379982544344 0.2701892517407457 0.22702294321067015 0.2672792805703786 0.12345969541571747 0.13641255524506535
340 522781.0 0.13785637504061282 0.16225075776191641 89805.12797311414 0.10051378734369003 4228870.334357564 0.22852082818153138 0.2701027494863871 0.22710610569701975 0.2673635613263065 0.12349671104267926 0.13683221068946955
350 536785.0 0.13806579262584517 0.16406771538967188 89501.81099596068 0.10037352321759765 4323564.62293034 0.22858010016490254 0.2713297784849644 0.22714654671391662 0.267449862469217 0.12356253818008012 0.13778342045388314
360 544529.0 0.14345681878574598 0.16604665678214964 79908.86433368183 0.1004174421953704 4401653.984066188 0.22585652493938185 0.2651699742364867 0.2271560793477427 0.26748909776899327 0.12790210061640606 0.13936028648928955
370 566587.0 0.14587533347564974 0.16730808492568655 76117.19427927317 0.1005079356353384 4473790.068218531 0.22517042263732812 0.2629224870776767 0.2271101309692939 0.2673902198378803 0.12928082871449692 0.14004087885464023
380 576264.0 0.1547827978263676 0.17267218933420128 63680.98559429179 0.10083504350737023 4520750.353891246 0.2282301916314709 0.2628725241705401 0.2271090266180571 0.26725748022951445 0.13394929834778435 0.14236920566131187
390 602769.0 0.15763632682568496 0.17394479238921357 60296.87329775254 0.10114553628329093 4564004.102349831 0.22753988148961654 0.25542712774747334 0.2271271662883657 0.2671080283471245 0.1349706997883089 0.14319559928594744
400 623325.0 0.16023817807399088 0.17815061921101677 58115.76310170912 0.10144481742758311 4605056.01167621 0.228715068640394 0.2611679315888772 0.22715798569887832 0.26691573481313313 0.1374219776711119 0.14670680935776953
410 640169.0 0.16080887495426435 0.17867407376917135 57501.03031264242 0.10173399995177486 4646046.452416803 0.2285436312195553 0.2602663618160522 0.22719299484485417 0.266763528706626 0.13774181805802233 0.1469233055151645
420 656930.0 0.16549307009180847 0.18141593191322225 52751.70710572318 0.1020968834873282 4676893.831772928 0.23206762932183064 0.26233016383836316 0.2272654456549806 0.26663083725095144 0.14051934868660887 0.14723916619897526
430 675295.0 0.16575126093442327 0.1815562679760224 53217.09983344283 0.10244149457749002 4709793.068886634 0.23215868307163465 0.2623187477971516 0.2273776722444314 0.2665310165928314 0.14078440952299706 0.1472622343740882
440 695406.0 0.16820362312163872 0.18273040764188336 51221.1313255264 0.10280831758078358 4739023.6296421075 0.23177451910297653 0.25540938865305185 0.22749023003109722 0.2663716516895651 0.1415280511222498 0.14806511993448349
450 713917.0 0.1692878128049412 0.1831753252171226 50587.499003113415 0.10311122559955323 4770924.898133303 0.2306626028094657 0.25721718777860314 0.22757737371197417 0.26614835149576777 0.1422955270367526 0.14822159110679548
460 732018.0 0.1696912632440654 0.1833310585544632 50381.598413973574 0.10340793856453345 4803175.780441018 0.23088702759505433 0.2575669571473033 0.2276452113161295 0.26595611088140503 0.14262654886910414 0.14825244096048576
470 744554.0 0.1701863367123082 0.1849669554799985 50051.1851016874 0.10371475319134454 4834760.582948993 0.23053541113908108 0.2575927508675113 0.2277097251742246 0.26577765484956895 0.14293989439849936 0.148731979115851
480 765852.0 0.17233649024285483 0.19042229869212174 48344.61317225193 0.10392278465698446 4869547.543489645 0.22920288621182855 0.26455418757197313 0.22773497109242935 0.2657515084989047 0.1432955587832909 0.15105405838741567
490 781206.0 0.175143710582737 0.2020696044361048 46989.73745217375 0.10416700089912992 4900610.488576485 0.2280857623627328 0.26616163410669275 0.22775860025280897 0.2657348585614249 0.14539846053336453 0.15459006279531648
500 802792.0 0.1798635970674895 0.2031405593842679 44597.721486433584 0.10445806033508478 4925853.615631759 0.23266039246980108 0.2658250852960903 0.22781970759099635 0.26573722449325055 0.14776790202180343 0.15519173756367113
510 813579.0 0.18028532701258143 0.20358401768728576 44375.4144116169 0.10470831624821217 4953405.68246405 0.23315736055944694 0.2660809108768642 0.22791380095649472 0.26574038345237727 0.14795163375685938 0.15531342688489752
520 827551.0 0.18094680865904159 0.20374047529811648 43975.37914096317 0.10494912854197626 4981177.447319402 0.2336439910053906 0.26605641684396564 0.2280213117799523 0.26574709572161714 0.14803821425666258 0.15537572855031515
530 840958.0 0.18839132777089934 0.20567718293514273 39254.35647225248 0.10530701667299013 4995248.333197882 0.2363733256830284 0.2651998174663985 0.22815964291985436 0.26574322073780043 0.15154626569482907 0.1568508343229437
540 862941.0 0.18940526230258586 0.21018436038004254 38744.31168014349 0.1056449424021437 5010118.411906059 0.23608348365212042 0.26290869456691834 0.2283116540755265 0.2657263177454368 0.15221316515489133 0.158935708916984
550 879690.0 0.18947067471062048 0.21021313780663417 38969.24100380822 0.1059708031314601 5026471.709671136 0.23609756129740483 0.26292173266183044 0.22845305540597147 0.26567516691045634 0.15238228499707682 0.15894224874298662
560 891884.0 0.1905305833888764 0.21085057179955943 39005.5383424547 0.10622441320186497 5047528.330718918 0.23259811675484585 0.2614454007030457 0.22855344729320598 0.2656089029802173 0.1531399826147942 0.15920201558071598
570 913507.0 0.19602847927004202 0.21536574106412332 36147.25440557218 0.10644348799481845 5066980.726827571 0.23284838398895283 0.25980985948648294 0.2286247755078479 0.2655247322078412 0.15688096100238927 0.16210268610621428
580 928328.0 0.19748843709457423 0.2166283401019824 35384.110568756274 0.10668111201912497 5084285.271662566 0.23450705640791722 0.26386253746213695 0.22871914427351128 0.2654866840545593 0.1580208581941044 0.16255744309452047
590 941926.0 0.19875386347154525 0.21713936303905773 34772.92436271626 0.1069175316332937 5101009.352098614 0.23354232226113564 0.2635614915466092 0.22881166322969135 0.26545760342143615 0.15870287364838162 0.16281839756738828
600 959874.0 0.19959134493651476 0.2188979227859285 34360.0292720709 0.10715206893441674 5117480.374147166 0.23381221818303044 0.2632845365279273 0.22889350977891648 0.26542317486860745 0.15926132959276781 0.16372552500019547
610 976916.0 0.19979014987867846 0.2264798763967146 34314.29318943181 0.10738652021170718 5134104.312520703 0.2337182554801272 0.2629847271612023 0.22897310124750325 0.26538523349413157 0.15960561914216617 0.1659604903992748
620 988019.0 0.20056529979464094 0.2269230507130246 34510.1466043657 0.10760873044822869 5152031.540717595 0.23838492722663016 0.2641181901948509 0.229087507943237 0.2653462549090679 0.15985145287062522 0.1658109534530777
630 1003524.0 0.20068471879962224 0.2272849414342082 34546.950512420015 0.10782206794613358 5170781.013116953 0.23827545931491406 0.26401135025197814 0.2292330239825491 0.2653249036002314 0.15989413753605203 0.16581184037115937
640 1021432.0 0.20161894341465858 0.23510099693721487 34525.27593895812 0.10800594425593711 5191616.477685731 0.23607937494845035 0.2639162884151591 0.22934491374448895 0.2653001571401305 0.16067117572376824 0.1702443262996363
650 1030464.0 0.20746281634210162 0.23764441496136648 31753.81744470582 0.10817308663965837 5210016.749827737 0.23663562914623193 0.2649156711825878 0.22945215983536418 0.26528714829182765 0.16114485220785646 0.17146273243238974
660 1043488.0 0.21009997918569867 0.2534333505107647 30817.08898168414 0.1082263440289714 5236290.115900744 0.23484587202518462 0.2620627711569076 0.22953233197144993 0.26523120318883675 0.16218572283988833 0.1779144344390263
670 1059009.0 0.21457844838030865 0.25479750211580415 29034.89747871892 0.10817526912809872 5270029.192135949 0.23683737112394396 0.2643659305846366 0.22962204057440308 0.26520453083588763 0.16519752508452692 0.17885137376996493
680 1078302.0 0.2146526217798088 0.25483072972526655 29019.760549491286 0.10813645350048369 5302617.029220616 0.23689084872743618 0.2646365047898239 0.22972862723985604 0.2651953959971383 0.16521557937248516 0.17868411573699775
690 1108920.0 0.2148345753200526 0.2549675820597881 29135.96499146288 0.1081060899156201 5334533.3301249705 0.23690352200589074 0.26452012524531815 0.22983228402982023 0.2651858910833532 0.165299249053723 0.1785596268297959
700 1136902.0 0.21612559406856766 0.2595457031912531 28780.05543291149 0.10804848720697553 5368692.111667086 0.2323936776971647 0.26165603711297164 0.2299003646246804 0.2651553100775539 0.16594637011128002 0.18126868157365048
710 1150889.0 0.21632449448690905 0.26165839166364374 28739.772091984953 0.10802682272047043 5399432.503843275 0.23244635060333124 0.2624412406062539 0.22993559842430103 0.26510842087057235 0.1660763523634966 0.18345902989598553
720 1165454.0 0.21640639070231696 0.2619148986328748 29090.895952225455 0.10800575178154079 5430456.144988799 0.2319691584494768 0.2615908817387006 0.2299688842362078 0.26506871678107014 0.16607017305200586 0.1833534051567848
730 1187311.0 0.21778889471416427 0.26255919381042253 28573.92101282008 0.10797403018593894 5461988.744142848 0.23145563983459755 0.26128102330475256 0.22999125193638445 0.26501847789568206 0.1666201597709996 0.18357565372250234
740 1204468.0 0.22377927899538816 0.265039001729468 26361.22290254212 0.1079850450831637 5487290.431519212 0.2320791248528985 0.26319787309141995 0.23001457841664044 0.2649729148812484 0.16752873276850458 0.1845501735597647
750 1219319.0 0.22632953850899645 0.2723776040485498 25556.520398739067 0.107961864481379 5515144.670833865 0.2299401843094552 0.26316290180761787 0.23001638583907855 0.26494753567503 0.16831114631057412 0.1876434160972813
760 1240285.0 0.22811113240636482 0.3087073937893646 24976.863608608044 0.10793747378884481 5542572.071339014 0.23069769090941236 0.28489634983038997 0.23001936217760688 0.26503832012863043 0.16920690994746124 0.1977171762657744
770 1261668.0 0.23038639462035784 0.30984289794851666 24308.134725612847 0.1078541662924846 5575560.49919375 0.23078343980734495 0.28503264968683933 0.23002855350481918 0.26529391984870077 0.16964713790312455 0.1984581954332851
780 1280521.0 0.2336914470185442 0.3180960770919784 23400.65474784377 0.10778336776481637 5606463.771645917 0.23087567125690595 0.28547737933130596 0.230038974715644 0.2655540966143592 0.17118774848174456 0.2021442377735291
790 1291380.0 0.2337207526565158 0.3182735366966946 23705.040932868495 0.10769115653396144 5639989.115369763 0.2297974656173179 0.28444718334545527 0.2300427172771937 0.26579678089924685 0.17121524234627183 0.20249574703240486
800 1305049.0 0.23468758268745538 0.33002963074684233 23633.762447064943 0.10761640294628809 5671577.481974742 0.23266007171459044 0.2857150512068716 0.23005608010407433 0.266023707806645 0.17161778091072147 0.21123205504062018
810 1322127.0 0.2353676834201851 0.33145945697316365 23523.012815532336 0.10754387545316235 5702855.256806491 0.23243553454949414 0.28569699674507365 0.2300862368697206 0.266266307457898 0.17194416158372416 0.21170149076785733
820 1340196.0 0.23712692688380205 0.33221532387485736 23011.01455179362 0.10742811219633346 5738611.884331541 0.23286624749924767 0.28693046257327326 0.23011914787289742 0.2665148461062012 0.17278087442790432 0.211822043089479
830 1349768.0 0.23749777370470138 0.33329827126756906 22914.170998176698 0.10731969622359909 5773516.124561949 0.23306167737899927 0.27938260366059503 0.23015290605462352 0.2666688982815847 0.17292321036330857 0.21241576461742234
840 1370784.0 0.23901499381144564 0.33824531443056244 22915.175904026175 0.10718384231482053 5811682.6952812355 0.23259586419778816 0.2797028083167815 0.2301855940690495 0.26683377524266494 0.17354463686553837 0.21384952593593284
850 1381724.0 0.23926280581063808 0.3386930353531272 22920.646483715267 0.10702504366170026 5852691.72286274 0.23294833380806154 0.2809707026894825 0.2302152403552163 0.26699318912521813 0.1735020181951586 0.21421394554701612
860 1391186.0 0.24332851827053112 0.3428153089922693 22153.28409124153 0.10678277573686851 5903845.949542738 0.23278488692420438 0.2797249226053851 0.2302437473006637 0.26714085046839103 0.175436239578707 0.2158870739121498
870 1413568.0 0.2587425680719043 0.3442151600571355 18412.16255538148 0.1066284633038277 5941607.506874185 0.2347927343535529 0.2802590797704865 0.23027627385694563 0.26728434635196985 0.1850940665427335 0.21747846368608947
880 1441258.0 0.2589334603866391 0.34539930926234136 18378.12450230327 0.106470431850324 5979969.0391266905 0.23526192172646282 0.28028099734385487 0.2303296687559648 0.2674317185374182 0.18507200762670667 0.21767153070849748
890 1459914.0 0.25933550457295523 0.34549111965648405 18382.499936830256 0.10631554517825863 6018054.107163638 0.23506714035232992 0.2805016736701186 0.23038379188836955 0.26757716417395916 0.18525011970395452 0.21778645291338658
900 1472243.0 0.26088210240719834 0.34777329554171127 18158.50827613202 0.10624611314268635 6044911.185878417 0.2345582773421909 0.27922857126648415 0.2304449000834148 0.26770485221932117 0.18518528417940233 0.21798497569704822
910 1482099.0 0.2624181973090696 0.3526595976937753 18210.600031430065 0.10617791880920278 6071679.1483610915 0.23680815444620276 0.2777418179456456 0.23050101385946242 0.26782487066596605 0.18599089328929375 0.21966496481611397
920 1497996.0 0.26246811576393564 0.3526970973156742 18217.113451383197 0.10601756938442966 6110670.873664228 0.23686699940639863 0.27779164129647155 0.2305700128616362 0.2679330783188774 0.1860110878898666 0.21971479781195455
930 1511129.0 0.2763775568059917 0.3556380687284111 15658.894779830895 0.10589846510287072 6142386.919742792 0.24489644511257566 0.2788829779060685 0.23066023191109847 0.2680596863423169 0.18977034994749287 0.2204322477908444
940 1525372.0 0.28281802498798503 0.3689372165140574 14805.82211924477 0.10578135595409807 6173291.011668751 0.24847736528918038 0.28310415941706224 0.23082675158570767 0.26819620448711246 0.19020698973823438 0.22453412907555925
950 1542503.0 0.28826046520858656 0.3700219845274635 14035.850896737893 0.10561744829897161 6210530.554476981 0.24466351304468437 0.2820145644319312 0.23097628313250226 0.26834338155616255 0.19169786633023161 0.2250408517201155
960 1557397.0 0.2913229882943562 0.374134335881334 13669.3902616606 0.10541539478041816 6253426.396971903 0.23828687980173197 0.2800839936202994 0.23105776998568295 0.2684672269220865 0.19376224503599557 0.22719211327816316
970 1571574.0 0.2954449858208877 0.37687502081854946 13108.895971133275 0.10526457707093695 6288482.3783007935 0.24023185551478587 0.25301154379088614 0.23113410853848967 0.2683565793844611 0.19462160806707485 0.22820370791613862
980 1588247.0 0.29769256137823497 0.37949664744479505 12886.83421541935 0.10512326264693414 6322096.44400111 0.2330465964487397 0.24803641171386404 0.23118846220367084 0.26817215704256575 0.19552334972005056 0.2292190347244293
990 1602444.0 0.2998697445003132 0.3802043242556008 12659.254706262958 0.1049985543114916 6353157.768942711 0.2293666008640825 0.24016726687339054 0.23118091475948085 0.2679133858792473 0.1973685129048631 0.22979677403796667
1000 1620378.0 0.2999317860597143 0.38028474654345173 12752.335637858945 0.10487079474471458 6384845.5963085275 0.2290308877078643 0.24001807073260875 0.23116236931955222 0.2676360591758562 0.1973582117545093 0.22953108783934453
1010 1634132.0 0.3036267075813738 0.38254182830299 12337.19780084357 0.10477991141764231 6410706.724307971 0.2305142690566648 0.2387018531084296 0.2311435093813351 0.2673583587313665 0.19883826117040956 0.23024836113992916
1020 1656049.0 0.31111656528520415 0.38322456280692746 11514.246688419718 0.10466658026245175 6439481.078469264 0.23050279018535352 0.2391133473064017 0.23113730938166888 0.26707970391498476 0.2016510754882342 0.22992426360520415
1030 1679649.0 0.31396082088023675 0.38872795209288086 11341.308392479168 0.10455410105882654 6468082.098231925 0.23066653561565634 0.23739053080321212 0.23113270458302024 0.2667907170199321 0.20307978673933016 0.22866359641062664
1040 1703764.0 0.3178389808154958 0.38894410978089666 10929.470282021584 0.10444397810785279 6496101.383868039 0.2279054294926695 0.237384991017962 0.23110435439380717 0.26650825587024213 0.2040896381967188 0.22866469498513306
1050 1714226.0 0.32171151382761587 0.3908839128943026 10552.4119731439 0.10434655061834916 6521901.854279152 0.22815619945307605 0.23482934623726406 0.23107411464387095 0.2662148802440795 0.20624444279061138 0.2297868368975906
1060 1727189.0 0.3218287179409125 0.39094169178355886 10543.510135866412 0.1042509442034157 6547466.270489104 0.22800891185560587 0.23496761747087727 0.231046380814677 0.2659190872350559 0.20630124809181768 0.2295555911135688
1070 1748894.0 0.32970485772617975 0.40165181881735706 9888.184591256404 0.10416015928583226 6571825.552794079 0.226971475733908 0.2320521369379109 0.23101486677600327 0.26561061966929783 0.21056164713509468 0.23604967701263288
1080 1768529.0 0.3324466882271418 0.40235419946053047 9762.759358973266 0.1041174588418363 6588368.774240546 0.22894697919444837 0.23062202793665146 0.2309810971513423 0.2652916800480976 0.21187766311577105 0.23621330635168775
1090 1783164.0 0.3336810206956013 0.4080890409751769 9657.601465904818 0.10407461043578595 6604856.101156022 0.2311732797476533 0.23574185778402015 0.23097016936181447 0.26498599788096344 0.21197569858680262 0.23851580751681808
1100 1803195.0 0.3344411231679328 0.4086337893717328 9600.539737554109 0.10406295486744616 6616307.441292435 0.23229746058505643 0.23686811206717606 0.23098026152696857 0.26472892030493544 0.21216387740668116 0.23881974108227305
1110 1811895.0 0.33805532554858225 0.4095736603428619 9302.711114449972 0.10416830094724494 6609207.5833350085 0.23945944909938086 0.23861754882007985 0.23103850707193158 0.26449089834465433 0.21512545931221563 0.23919209243386305
1120 1829481.0 0.3395180371470545 0.41258391760084956 9195.009590391941 0.10420642521370545 6612386.651088666 0.23919607759713254 0.2390123344878963 0.23111147457814124 0.2642642888562737 0.2158115552329974 0.2408114594794433
1130 1848552.0 0.35416004829736075 0.4176098113565946 8091.941342818666 0.10426769685086228 6610644.13366227 0.2401462012242299 0.2393700866380161 0.23118546278874283 0.26404203589944425 0.21967465388837304 0.24343088916433253
1140 1857480.0 0.360402402134906 0.43742553236669474 7701.252170629099 0.1042654926369825 6618705.53952344 0.23456586221340278 0.2463402530542121 0.23122304887475664 0.26385741072938673 0.22241740285307054 0.2504883497058887
1150 1869932.0 0.36402485965525144 0.4541764229655959 7525.315948156273 0.1042532691266966 6628238.9185029 0.2343305738055256 0.24904359090062642 0.23124487475266084 0.26370722732772345 0.22376609184591995 0.25700629997080937
1160 1887326.0 0.36558431536153274 0.46701641907612973 7434.50522130355 0.10418011569836905 6647849.085209265 0.230944416592645 0.2439591557914897 0.23126037790416126 0.26357425419017755 0.22410742724656332 0.26052979059220455
1170 1899077.0 0.3699897462634125 0.4675518120229569 7209.5926211389215 0.10408762668136315 6670613.012681834 0.23047093995070583 0.23953232001709954 0.23125669462204249 0.2633826660816345 0.226453954337493 0.26064352372095306
1180 1910102.0 0.3707667170290857 0.46987301846866886 7183.889936955955 0.10400132491820542 6692357.203943117 0.2304653397221776 0.23661116863129336 0.23125002912788384 0.26316635539839545 0.22654357441394316 0.26155743296918443
1190 1924649.0 0.37276167646651615 0.47317259219689073 7082.679170480749 0.10393409499589498 6710806.608689095 0.22754714489182393 0.2357527258736224 0.231225402839243 0.26293876717355674 0.22661118371247835 0.26152660950638407
1200 1938832.0 0.3727994594655664 0.4733256793398904 7081.449692682045 0.10386797631196988 6729095.838722793 0.2275317036124278 0.23575365572248588 0.2311946693811038 0.2627124084676344 0.22660314395138742 0.2612790693464746
1210 1953516.0 0.37283049327530654 0.47351111526702694 7080.582091287788 0.10380294154089599 6747228.478841852 0.22753160046013293 0.2357458264550351 0.231164421508727 0.26248976051240014 0.2265856859806486 0.2610882804258051
1220 1976346.0 0.37347882619896305 0.4750524861735046 7082.606969364616 0.10376366363668027 6760972.44579055 0.22823659185366377 0.23638098664595883 0.2311376137525371 0.26227348672746087 0.22672106991742852 0.2612278810627779
1230 1993718.0 0.3746582428186406 0.4767404090028478 7038.075000270998 0.10372501924704867 6774580.0145518035 0.2287406506028613 0.2371603810497248 0.23111700751445124 0.2620682047360582 0.22741307849818018 0.26192750879308535
