1 63.0 0.2210287963000761 0.1858996941280473 14803.84220298166 0.2210287963000761 14803.84220298166 0.5519380141073368 0.5734692855379199 0.5513124671616836 0.5737361159544554 0.22102879630007644 0.18589969412804627
10 8187.0 0.22578559604997403 0.19589178427230208 14344.932480847156 0.21253199019525992 29335.49560472963 0.5498821849372394 0.5742550504616043 0.5521374784522659 0.5737293725956861 0.22391431752269822 0.19298567806884448
20 20342.0 0.24411879743096246 0.2065409850149457 11682.138680815828 0.20807631791792447 41493.2341680708 0.5426375987815623 0.5797838540094706 0.5456948339060107 0.5749616110993198 0.23537399998165948 0.1998457747610674
30 35417.0 0.25719995772016097 0.22838783535254023 10692.620776533902 0.20828281614070684 52158.832145715394 0.5417442286601515 0.5811074352791704 0.5447423512086782 0.5766650503404896 0.24422027002114724 0.21528459870972208
40 62330.0 0.25769299717321664 0.23142427839754723 10968.671468740957 0.20721532192719944 63269.605271066335 0.5337203884172792 0.5673202253234176 0.5437280167139462 0.5760601530001382 0.24447876256202986 0.21819335827555694
50 79875.0 0.25945554334962884 0.23526162901264538 11036.867086554166 0.20602026885568622 74475.75705400664 0.5322614482329211 0.5686882583929473 0.5417402003662176 0.5745978284663414 0.24545647426511608 0.2224003404031086
60 101336.0 0.2659715622659675 0.23746045512440797 10382.972805895424 0.20438175428888475 85225.93225933546 0.5213952340681074 0.5758771441393967 0.5392755935477717 0.5736431431689166 0.24911459786851456 0.2235125670096993
70 115434.0 0.2712073924343983 0.24474178645278613 9879.298653540814 0.2035676857721801 95319.51110454949 0.523057726495407 0.5715495574997786 0.537020413691855 0.5723330524694542 0.2510009691872561 0.22617755771061332
80 133910.0 0.2759667992754202 0.2534956366727765 9585.20434669693 0.20285291252195303 105122.17782546446 0.521290638682827 0.5678297746670323 0.5350815612803759 0.5721502200843867 0.25360010155460944 0.2314398244764929
90 149896.0 0.2860026287045253 0.27101791521088475 8893.068442298516 0.20160944546018253 114557.34027420495 0.5173787462361933 0.5580042124956656 0.5331430011229963 0.5709680044837525 0.2572307315033364 0.23920972527803777
100 166026.0 0.28974294555834246 0.27919636549478627 8900.615712936498 0.20013887727390423 124159.48968738069 0.5224379151561819 0.5630125902382406 0.531905849727224 0.5698414457453174 0.2603238519194822 0.2427945307009454
110 188443.0 0.30659392583050055 0.28096223164805334 7594.685108698722 0.19889087555745874 132617.52063041594 0.5226816030243733 0.5672846606034889 0.5311352486540433 0.5693289886053147 0.2732972983541676 0.243495464124533
120 209875.0 0.317411591806421 0.28113239057272454 6958.373127251891 0.19720674411109512 141037.54591120922 0.513365209263751 0.5619426615098052 0.5298103054472826 0.5686732012035383 0.27836078195635855 0.24346035763802804
130 234571.0 0.324235078109896 0.2820755228537464 6591.594650912485 0.1957613899811317 149019.9452892948 0.5155161849325961 0.5600563912180058 0.5286508724823497 0.5680599552597414 0.28167677128362123 0.2436830646446674
140 244279.0 0.3328109343079443 0.2900407250323039 6157.462318490295 0.19549534310203592 155435.81150230442 0.5248994375580797 0.5508245122465041 0.527830750856485 0.5674708899713712 0.286871351212145 0.24874555397926978
150 257914.0 0.33943000463848205 0.29058872036761246 5959.654877973705 0.19523208798422442 161664.844287374 0.5265978710574265 0.553426491732229 0.5277557569038228 0.5663923251429086 0.29096791906292724 0.24861198917761437
160 280864.0 0.34485279853204487 0.30215047636116227 5751.871788435911 0.1949957088908322 167671.55328989233 0.5264200292468347 0.5616686051054571 0.5279082467576603 0.5655715085633113 0.2946720920241356 0.25304028747237106
170 299671.0 0.3846147822430549 0.32783714353558013 4277.770318947995 0.19507121477849082 171841.8804037139 0.5220968229089684 0.5666864509172265 0.5275205091429077 0.5654427516169208 0.3195714465391281 0.26904781557728186
180 326196.0 0.39395054555166986 0.33016075431858427 4004.618567880994 0.1952558024913896 175572.9944858644 0.5241429210944356 0.5684653933564755 0.5272793013989029 0.5655569435525338 0.3210823875614917 0.27029047136572204
190 342686.0 0.4002171436320964 0.33226509990522407 3837.7576289366393 0.19512695545413267 179611.95725374314 0.5145685857434957 0.5627195524293099 0.526965095240688 0.5654736758158955 0.3239403033640675 0.27133133441553403
200 359621.0 0.41483523178469783 0.33831870366661804 3462.2579941783197 0.1953746993477159 182669.94116446955 0.5094744814639212 0.5624246002025456 0.5262780636848754 0.5652549614095295 0.3277530780098566 0.2755468199530276
210 375758.0 0.420537095086111 0.3588600032888931 3347.6384940139856 0.1954607791247475 185873.0128418474 0.5022037980748104 0.5567585801014766 0.5253708978930273 0.5650592832370993 0.32964377156666524 0.29120996776107005
220 401358.0 0.4237492997825323 0.3611397227915079 3328.4743320338425 0.19531253000721496 189455.7147124483 0.5046300233818808 0.5551435106235976 0.5243543849933671 0.5646631911657456 0.32903230870978056 0.2915513796648373
230 416906.0 0.4252931334633413 0.3630730476779839 3347.7503438539306 0.19499459089813728 193356.91036766523 0.5001818513072511 0.5744118739545774 0.523384541897076 0.5645420158857726 0.32925803983976903 0.29197541736974725
240 437834.0 0.42958264083062303 0.37278458426493616 3265.346282632148 0.19539232633259535 195959.16051928847 0.4927152297777429 0.5737104348423081 0.5221747441217344 0.5649059192803844 0.33397746884934804 0.2977840975786903
250 459776.0 0.4389293733956122 0.3736852208147336 3113.486379359453 0.19597027886362545 198103.117195438 0.49495258618647564 0.5740067293105785 0.5210112770900129 0.5652208344654004 0.33700586604636557 0.2982248464912167
260 494722.0 0.44450270569415884 0.37811870653527385 3039.4374691750545 0.19580420472510235 201443.7949295728 0.49935192977258014 0.5737447486903244 0.5201582896282103 0.5655487039265885 0.33898822136443324 0.3006019454790715
270 514755.0 0.45232426536730375 0.38110661174013777 2911.041965815423 0.1954971613247647 204937.60846153868 0.49851225454773057 0.5761296716165112 0.5193801145073059 0.5659348752481366 0.34248052674195506 0.3033624161965088
280 544959.0 0.458340247669241 0.3824855548798311 2824.296926291302 0.1954873898888042 207780.40060206177 0.5067387999927958 0.581223603412386 0.5187254530984785 0.5663524815057642 0.3427183442997424 0.30444310677519437
290 557483.0 0.46103256531391906 0.3902623383470853 2800.7718393425175 0.19518847369267445 211167.20593825736 0.5087868851047772 0.57902169381591 0.5182889709084151 0.5667781900605482 0.34375771951642664 0.30730393108342013
300 583983.0 0.4696395327941276 0.3993031810587532 2659.7938311449293 0.19493710705539596 214336.68040789885 0.5068707628223753 0.5798922135953586 0.5179280451392921 0.567198879257085 0.34767501359537734 0.31188202951240385
310 597275.0 0.4729546638946362 0.4005525663222852 2628.7287344146293 0.19465088588683044 217555.66327498952 0.5100887259747318 0.5820033900335378 0.5176493002948027 0.5677024165191396 0.34917549378704654 0.3123110991246734
320 626385.0 0.48637108788672445 0.4022884156473496 2428.8122120484427 0.1944281432721523 220464.9230772637 0.5130863699262853 0.5853033222940038 0.5174845502521117 0.568224286375388 0.352182529918092 0.31200564541172826
330 640006.0 0.4884521758010349 0.402819475727383 2397.730213110157 0.1942183172554985 223320.4054489864 0.5134318984309466 0.5853839661525891 0.5173557594402398 0.5687411211002729 0.3526152983503924 0.31197670957827967
340 654820.0 0.49158692999258347 0.40659249488945365 2361.715109188499 0.19403526125158813 226085.7924321602 0.5168814384456581 0.5940063533004916 0.5173540622886292 0.5694713126165264 0.3538650277609823 0.3141519122268863
350 685085.0 0.5030610996994733 0.4239625846402793 2212.346145856271 0.19386378320960673 228690.77988228065 0.5245758778767605 0.6018191118977448 0.5175314733358087 0.5703399126212242 0.35739501943777335 0.3205562829298992
360 703706.0 0.5141028561544422 0.4267470028919235 2088.6147193621655 0.1937021055174925 231161.42896346224 0.5260978152063327 0.5968941852875017 0.5177297051847172 0.5710846662623282 0.36112214343634497 0.3213196434680794
370 723333.0 0.5217228481574753 0.4426574636088164 2043.6438755666263 0.19359213315033263 233467.28991027272 0.5209115165410642 0.5890583333016243 0.5178375181355022 0.5715918717600927 0.36266745491897645 0.32667309446731124
380 754827.0 0.5323887988190382 0.4494075799047035 1944.2186097237 0.19349360975340468 235652.32538004563 0.5112122099178261 0.585252704943715 0.5179066208712845 0.5719653938091888 0.36634984665313025 0.3295349260567848
390 769620.0 0.5407961254457387 0.4668142901296629 1855.5234348966335 0.1933185343053811 237949.0789024957 0.5127804488174899 0.5855522068996355 0.5178147104644866 0.5723511542276039 0.36904151250139744 0.33619202343479154
400 795009.0 0.5423951880062765 0.4898881724115032 1842.8992397404395 0.19306039827720886 240452.59909008443 0.5112329170635664 0.580240014329881 0.5175936434152362 0.5726109448386689 0.37004282841817987 0.3498666669125071
410 819265.0 0.5900210787832348 0.49138278128902535 1443.0804821091115 0.19339011604470993 241010.308109556 0.5127595274867344 0.5751895444722723 0.5174672000212731 0.5726740954809819 0.3904916234016033 0.3513227378495164
420 852084.0 0.6011228421353628 0.5270756167488269 1375.405105647832 0.19388171433981832 241071.1470266186 0.5165280621630062 0.5763306574022609 0.5173805670155888 0.5728052896075813 0.3946196515933367 0.37096615120140686
430 872591.0 0.6028787909002424 0.546154646996528 1391.6829918760795 0.19436321756558372 241194.92143965035 0.5205093518655562 0.5914816442549032 0.517402033063773 0.5730433788122211 0.3938109589376539 0.3770421043261399
440 889426.0 0.6068868773853705 0.5540916804748172 1393.81038777962 0.1946993074492508 241702.67233510793 0.519147796615793 0.5938303609858835 0.5174360210847391 0.5734882147353136 0.3943941286903727 0.37889555554853277
450 915870.0 0.608312206236734 0.563942714108265 1393.3574120920514 0.195008388150213 242285.54584774727 0.5239836113511043 0.6042011525697848 0.5175357033460578 0.5740767759006191 0.3938311959386517 0.38342617056786954
460 923192.0 0.6131931803442944 0.5761564750788937 1399.1230081684773 0.19507573055147498 243505.54763253278 0.5284393590911908 0.6054419785902007 0.5177348477921447 0.5747476633898116 0.3957485602404318 0.387030877465005
470 943379.0 0.6226958628137815 0.5885423280749975 1344.8714019060028 0.19522307258111116 244456.41842454392 0.5321493132698368 0.6076824630782607 0.5180007219943624 0.5754223724877879 0.399520257826045 0.3895121867932587
480 969039.0 0.6348665926499902 0.6127635022225845 1272.2591485735081 0.19536397812117143 245345.34406743653 0.5312834039971921 0.6065397746832453 0.5182801566795838 0.5761070394619927 0.40175847108301094 0.3982607901183226
490 996960.0 0.6413353979961515 0.6304623618206963 1238.1493912152807 0.1953007906428109 246759.71087163693 0.5543686662510353 0.6050621032595528 0.5186508456412127 0.5767341709885102 0.40413978246339327 0.40525946609787167
500 1007002.0 0.6461811494070495 0.6315936625460937 1237.8116023485354 0.19549435410877783 247469.99060518478 0.5546060898464237 0.6086587331166281 0.5193760897964395 0.5773495038930747 0.4033145065671128 0.4061634624920881
510 1022499.0 0.6508219411928089 0.6417425037016871 1224.6053001056566 0.1956812531199665 248185.27419182405 0.5598354800391178 0.5995577237041414 0.5200913032182456 0.5779454451088835 0.4045109213735994 0.4116922936488836
520 1043021.0 0.6621227430882765 0.6537278822391367 1185.4341998399802 0.19583223024064383 248954.83595713536 0.5510462955201002 0.6004871794524689 0.520721355951011 0.5783660126586244 0.4062316092881555 0.4186484951519595
530 1059802.0 0.670131287808871 0.6575177492264668 1162.6745248851632 0.19596839105135352 249740.71089140244 0.5471550608523627 0.5973202935098877 0.5212080151848535 0.5786958848068307 0.4077420688509761 0.42096442785308735
540 1079994.0 0.6710996698757249 0.6598807541333654 1168.307764650893 0.1960996005598556 250547.5402106274 0.5468010946791769 0.5932319866815532 0.5216843581966745 0.57900502074397 0.4083722269276116 0.42207537662290623
550 1101693.0 0.673675500206246 0.6644123809459904 1155.3936290938727 0.1959670381945983 252078.54529578236 0.5482171290885022 0.5826506856995342 0.522144469832747 0.5791065969008707 0.4089846913822356 0.4244731427122194
560 1118692.0 0.680208504290619 0.673683573779866 1124.8056401504764 0.19593743789348575 253287.33873492535 0.5496913476295288 0.5832853616038202 0.5226144950023599 0.5791752343213916 0.4106046392628043 0.4276833784236571
570 1136771.0 0.6932601504738283 0.6836257210261255 1067.1220274781379 0.1958220012292472 254690.66929113347 0.5496842503331313 0.577775394939793 0.5230884650092106 0.5791644907553449 0.41079636202135406 0.4308801462915933
580 1158437.0 0.6962101257482697 0.7077629213275022 1072.8635440051291 0.19570587977349124 256102.068816512 0.5581566479908758 0.5764307033626511 0.5236498347680298 0.5791289141798917 0.41146887051324876 0.4404398443870767
590 1167891.0 0.6972510788529936 0.7102689913154916 1069.829403483185 0.19559011049975758 257510.60958780968 0.5569959972057367 0.5704592242460312 0.5242279873071382 0.5790735091492003 0.4119838954251779 0.4415224269854231
600 1188940.0 0.7100172037211939 0.7268908564588447 1019.1125123775224 0.1953949096871251 259115.5613394715 0.55442502809288 0.5697857617082264 0.524672956376218 0.5788838303539968 0.4148394864606779 0.44904815410872734
610 1201778.0 0.7151337147963449 0.7330940214793253 1015.270141071469 0.1951861062271471 260761.83229829304 0.5517854118863439 0.5820128054808634 0.5251036440682788 0.5787495420087354 0.4152289042288039 0.4493320765064247
620 1220063.0 0.723961413996501 0.7391988697243234 980.6348830629446 0.1949846630031652 262359.8397880714 0.554088073689256 0.5815309752395635 0.5255624969103102 0.57879662754759 0.41822559943518506 0.4507373229352915
630 1242024.0 0.7284050302847932 0.7474957119038467 978.8163465259428 0.19462688836936537 264457.9374922374 0.5543190311173569 0.5822713225119291 0.525996470927328 0.5788541714885346 0.42069985460943815 0.45369682467477596
640 1253544.0 0.7536108365844616 0.7600155492304117 901.3373731642129 0.1943944935372025 266099.2343811747 0.5679851251322708 0.5675210402600308 0.5264708416730453 0.5787985163006776 0.42917221224178526 0.4581708740240237
650 1271494.0 0.7559601079233296 0.7602134351685795 893.1896164431611 0.19411672825564175 267887.46608047606 0.5681115975304246 0.5677943214779424 0.5271105913593591 0.5786252373829728 0.4310798673988007 0.4581905698225516
660 1297191.0 0.7646895748630449 0.7644977574478675 863.635481218267 0.19367812827798092 270206.19694718684 0.5620702726405603 0.5790366210309402 0.527680201786786 0.5785564682624097 0.43576779030618196 0.4580040788435698
670 1318238.0 0.7686235760387429 0.7749973812900754 852.7456340673459 0.19315851514062188 272817.63718364056 0.5653053784655029 0.5886630709909156 0.5282133965306571 0.5786218108600185 0.4365955762484914 0.4600940061592684
680 1342385.0 0.7755225934946763 0.7760137117293526 832.3798607568986 0.1926514298171226 275393.94215972535 0.5628501745838781 0.5759250020912676 0.5287614972522126 0.5787239614653216 0.4395949782151725 0.460738427467423
690 1368045.0 0.7894352418442787 0.7773237607550036 789.9517724078668 0.19222651277296773 277667.9087233654 0.5600838122397382 0.5726911384198199 0.5292288065612165 0.5786394145917162 0.44592153395525264 0.4610043804543801
700 1392294.0 0.7906648543995906 0.7802093465873859 788.8189119336093 0.1918260285241612 279866.51625466417 0.5624352112832196 0.5691187138390172 0.5297114435777359 0.5785097905672044 0.4463935947083428 0.4623778978384042
710 1413721.0 0.8009426667348908 0.7929136243469793 760.1958856259332 0.19162044491077548 281350.1304169913 0.5443287907400531 0.5589884662128984 0.5299896991871499 0.5782831796057374 0.4525317556577701 0.4703069100206946
720 1437384.0 0.8030180025386962 0.7936641707437881 755.5033473958408 0.19142220543954414 282806.9864846142 0.5431378867427954 0.5589103603504415 0.5301749269837319 0.5780146581200297 0.45237382165237827 0.47060822472978625
730 1463362.0 0.8052269751984579 0.8086237217403762 753.6053566666126 0.19125762210049999 284143.9934591179 0.5386724569292882 0.5569739123134494 0.5303223853350376 0.5777364484865198 0.45381951069989623 0.4739886838231912
740 1483615.0 0.80685016114918 0.8227979282629014 751.0781620335979 0.19112995355611867 285348.057253729 0.5420423081168775 0.565520520510615 0.5304578645141934 0.5775516630960399 0.45401553820034946 0.4808970585299116
750 1500093.0 0.8274148179194327 0.8340697507424547 703.701345251452 0.19099182221339261 286550.94359608117 0.5640720181619597 0.5748920744563134 0.5307373613796994 0.5774317778221998 0.45904545569207555 0.4862123109832462
760 1511516.0 0.8357071715460258 0.8479190031208675 687.7060877400172 0.1909395920947596 287427.3994234314 0.5639811088983291 0.5680665973053614 0.5311764640063287 0.5773743468087671 0.4595194864935822 0.49343086172795925
770 1533612.0 0.8522990648206578 0.8562591357447148 650.2787880313485 0.1908330189098813 288469.8040293263 0.5588374573895993 0.5654600226693582 0.531552650625609 0.577245881777951 0.46413599236417535 0.4999338844532413
780 1553074.0 0.857436340558333 0.8663535957834385 642.9730407528314 0.1906306488640523 289867.2667823635 0.5533109777294549 0.567455504822572 0.5318342043113479 0.5771062791434216 0.46508510233645045 0.5039427087708068
790 1567623.0 0.8594131439287429 0.8681159658731481 639.5180627366935 0.19043192446065593 291251.6341292053 0.5431392028462125 0.5703160375884954 0.5319942764163884 0.5770300666709319 0.46610696241395105 0.5045743980923947
800 1592743.0 0.8737455086231164 0.8817980556539095 610.6598123255538 0.19039251728795603 292009.86176752404 0.5408717017715139 0.560608256848072 0.5321176009047992 0.5768622403836976 0.4737981884010185 0.5110476461684456
810 1605922.0 0.8792291218555836 0.8867244517587749 602.5130518519861 0.19035156896220368 292766.2782912236 0.5403282672375532 0.5598614582901756 0.5322283976171258 0.576658710339005 0.47596750193685994 0.5124636669941367
820 1637751.0 0.8842703219832997 0.9216814043491344 598.3417129531975 0.19030931580825167 293523.8060501099 0.5373983536479056 0.5626844279160506 0.5322946798020451 0.5765090077744734 0.4779414432058558 0.5197970615737799
830 1648041.0 0.8855217136260579 0.923802367611611 597.9202832940591 0.19020902693872813 294502.02928231296 0.539681189159044 0.565350580464875 0.5323828596542981 0.5763704071137163 0.47827114228188283 0.5197347930968681
840 1672227.0 0.8868266570813623 0.9321877497041914 598.324959809778 0.19007516320274145 295610.6704440405 0.5356173014509968 0.5581125013481959 0.5324552113333212 0.5761848317084272 0.4784968640162439 0.5218905293265973
850 1693798.0 0.895647795449938 0.9367417262043675 584.6854335604157 0.1899590549331648 296640.54600826954 0.5370534021958017 0.5519928663299729 0.5324891025064331 0.5759551732302711 0.4823700399924133 0.5221794844119877
860 1723635.0 0.8997897911844186 0.9509457022748145 578.1502131125412 0.18970693384948867 298202.2814976012 0.5334502454287634 0.5693871345112531 0.5325184319861855 0.575730480874288 0.484773213134688 0.5276192666613911
870 1753273.0 0.9276891043060606 0.9588348264167369 529.0493952001617 0.18950418031756514 299535.4610803758 0.5434935107077907 0.5781349130002653 0.5326170946800999 0.5757505266183656 0.49476080918407916 0.5289758463802707
880 1790424.0 0.9282401784726925 0.9705571302302387 533.6094769172629 0.189358568652722 300645.4831692237 0.5473371783868459 0.5846766419570533 0.5327624249142286 0.5758200757306994 0.4948766204314977 0.5334661584262159
890 1816641.0 0.9316997889710953 0.9766445373820073 530.9235904932771 0.18917570490847385 301905.7244013832 0.550785699744639 0.5910414167008033 0.5329510954078193 0.5759644735979998 0.4952963505652037 0.5345475028796512
900 1841411.0 0.9400797691817699 0.9806298633474296 517.9689747563234 0.18893769645722697 303385.4544981211 0.5517694355404881 0.5911324985550666 0.5331523583512875 0.5761316561153041 0.4978263333223191 0.5358198965087897
910 1855730.0 0.953917318040309 1.0063335557328263 496.81457860713584 0.18867065789590337 304976.9523294431 0.544135546376633 0.6046339363356765 0.5333083960156156 0.5763320244726498 0.5030958259859755 0.5478144028393618
920 1871928.0 0.9567546565195783 1.0144883975474328 493.50701554375837 0.18844538862607632 306397.1749736711 0.5465803837947593 0.6029492782532302 0.5334205685037913 0.5766236600393644 0.5031163297709422 0.547896641988033
930 1882628.0 0.9739513935674328 1.0286143920194595 472.9139768162943 0.1882178394132223 307817.19691050204 0.5573464535194163 0.6130869499175092 0.5336035595250682 0.5769353465329268 0.5017972858710008 0.5511553215236353
940 1906381.0 0.9834919087953523 1.0406767927739193 459.9645672682504 0.18800218584564782 309182.1610283047 0.5513905406278616 0.6014459348523318 0.533789920636548 0.5772081038491342 0.5068739048547742 0.5580252379635069
950 1928276.0 1.0090376713165463 1.0460834068977984 427.7702507274351 0.18774440023947525 310711.607215981 0.5558997212121907 0.6010856356726317 0.5339810954391697 0.5774521641048511 0.5181996360824772 0.561165989966257
960 1937491.0 1.0231251072773921 1.0634451492699786 414.8680535772721 0.1875124707792904 312125.3756986392 0.5483635191661782 0.6123457640307488 0.5341510267384952 0.5777018669092226 0.5260307201443448 0.5649987286998196
970 1952865.0 1.035663943060511 1.0676879799666228 403.7821234253436 0.1872154175341304 313825.88398645725 0.5446482073983592 0.611140370701907 0.5342906723610673 0.578052888796587 0.5290331891175316 0.5660372536140181
980 1967370.0 1.036807633410307 1.0699103432412698 404.0274963126229 0.18691773716919258 315538.0548065301 0.5444616394728888 0.6106425912963442 0.5343945014454756 0.5783862969987015 0.5296769454636993 0.5670518929127483
990 1985801.0 1.0435620805406387 1.0908789498681508 397.9574353852687 0.18661127162646046 317295.17716295214 0.5486745727512524 0.6023568520075817 0.5345104757001046 0.5786492435947435 0.5322582107568452 0.5763356067036886
1000 1995572.0 1.0481817805320448 1.0967886855987907 392.91185716058726 0.18637973785196327 318717.8147282245 0.5401999391220723 0.601462498627603 0.5345872782554386 0.578878094786787 0.5345808774545078 0.5788551640142674
