1 5666.0 0.13799710075504076 0.1769532811261039 59972.40723675292 0.13799710075504076 59972.40723675292 0.2668636165986599 0.30332638467423656 0.266714388190443 0.3033260065777476 0.13799710075504096 0.17695328112610437
10 15149.0 0.15050150618507352 0.17735242203565035 46194.16260743692 0.14410682737630282 104985.93935578631 0.27379874936693577 0.30420082530941583 0.2718802170831873 0.30396227275500426 0.14892897302267855 0.17679357986342834
20 28548.0 0.15142386213052852 0.17809818626203644 45462.05768662231 0.1426257915987783 150971.02656136677 0.268396469550793 0.30309880242315246 0.27227904952538956 0.30402607432798084 0.14995245199865082 0.17714636455187674
30 51230.0 0.15165809340447214 0.17967445648388317 45847.712244825954 0.14188655679448461 197070.4463893279 0.2638710866377702 0.3038409450982891 0.27031983633102696 0.30375751085033964 0.14918624611036477 0.17802260398698275
40 67375.0 0.16357077575785758 0.19162008132342623 36965.38757256245 0.14191294603217472 234008.77784417255 0.26025892873323925 0.2992738721101811 0.26813672495629437 0.30304202264047747 0.15730191750742628 0.18661695460720448
50 88104.0 0.172864468805256 0.19665591838422117 31510.221920614298 0.14244308035948988 264716.4810356801 0.263307229407642 0.2978217148057342 0.26678863799724145 0.30222263003898686 0.1607241051342214 0.1901438926639985
60 118693.0 0.17322157006390668 0.19677322184752438 31332.074077764744 0.14282174773614356 295473.9174975018 0.2633113852004724 0.29807030730732414 0.2662179571687725 0.301504975605038 0.1610399818627682 0.18954395697374085
70 136975.0 0.175021899770957 0.2001702298149059 30463.35485246273 0.1419954806856379 327529.0974524998 0.2579163793256118 0.29486671897417943 0.26511820078304166 0.30085071238706745 0.1622901672284937 0.19021465025536652
80 157925.0 0.17508605877257807 0.20017671481119073 33261.39085093214 0.1412752978457472 361898.0434816928 0.25798971559576106 0.29496771938119654 0.2642374271506088 0.30012301396122015 0.1619699714614231 0.18962635314011103
90 171609.0 0.17521904460058857 0.200294014834819 33302.09335460478 0.14046036573983015 396559.26683799183 0.2556323359345476 0.2941045984703849 0.2634437947102291 0.2995075341918125 0.16162174729022347 0.1891305046789036
100 195605.0 0.18069067665150607 0.21146644929223324 30742.077126559197 0.13979369433408467 428783.20520781865 0.2627999771546018 0.3062746873063671 0.2628082646924847 0.2992406160804123 0.16467898838935824 0.19296190539029445
110 210183.0 0.18078264014560205 0.21150013853850802 30730.287138907297 0.1388087463370393 462008.14087973925 0.26274375159042485 0.3061498218506551 0.2628024527013081 0.2998630670507044 0.1644144668934408 0.19341214025682696
120 227920.0 0.1817458420044899 0.21814535437922644 30428.893113026315 0.1380130890885129 494544.616144816 0.26318481253115616 0.3094772015156193 0.2628261721157873 0.3004822635631382 0.16484047310054384 0.19764307047032745
130 237319.0 0.18177249030137413 0.21815050660449375 30447.721204334754 0.13733109716120454 526836.9197692459 0.26566215449235797 0.3092201036748223 0.26287277356349487 0.3011669456348128 0.1646683134315231 0.1981466347685753
140 252679.0 0.18924956175363883 0.22415282434498118 27360.02068814065 0.1368127089572885 556049.5258079796 0.2650490251567779 0.30901867764849633 0.263042021989505 0.30173011585704257 0.1678538244884269 0.20339951125401864
150 267556.0 0.18933666280051184 0.22434963756657617 27346.748747682803 0.1363597060982104 585040.7070741372 0.2650466870946713 0.30873963134992133 0.26317494238612843 0.30221095138652787 0.1678384658161956 0.20385008916634134
160 291542.0 0.19478399154357726 0.22642751191451246 25444.636110666983 0.13623441758731014 610986.6878864724 0.26756995606435063 0.306604809210302 0.2634037647207452 0.302501563149606 0.17042313741617776 0.20477449144196863
170 303956.0 0.1968118833258696 0.2455602536765903 24810.661516813692 0.13591741783177888 637223.8259678461 0.2637046674925782 0.29922811370488145 0.2635428384129789 0.3026344732922719 0.17211628038680485 0.218240955528196
180 321089.0 0.19908786490956373 0.2507793913230665 24133.304438959876 0.1356855131671342 662453.4303193941 0.26430733580230203 0.2992218992248402 0.26356108658402194 0.3024435797605077 0.17389567555555113 0.22263908499242102
190 333987.0 0.1997625909343104 0.2530333008495611 23975.91201916888 0.1351712470236092 689139.8973075957 0.26046500677414697 0.2941043615418101 0.26350158425978915 0.3020810889180088 0.17413667671023825 0.2252059593004748
200 348920.0 0.20561260955327568 0.25957583151807456 22616.843458892614 0.13462376904197207 715059.186683671 0.2603924166104577 0.29410851395813353 0.2633413136556754 0.3016847416435948 0.17778237984987794 0.22828946958409801
210 360985.0 0.22747245269433447 0.2699526248563862 16757.534713414607 0.1346841998347863 731339.2681232918 0.2709548615762409 0.30308767116395324 0.2635747331466169 0.3016515700352765 0.19192061448861636 0.23482705301717038
220 374388.0 0.22987481397912274 0.2718660072103192 16433.6891976745 0.13481396280926886 746743.1676188194 0.27027388930455376 0.3018705698697044 0.2638847055333442 0.3017029454247459 0.19379635421861935 0.23612394534611064
230 386991.0 0.23368714750089534 0.27291624270477377 16350.90744717487 0.13497518943574896 761823.8432053697 0.27021842096764626 0.30230978105647677 0.264155071340065 0.3017109381616277 0.19761319996313148 0.23693913594445837
240 403453.0 0.24240549230158923 0.276299652849569 14670.290425692201 0.1351166229835919 775255.0417504942 0.27311105390050855 0.29974783439248553 0.2644608971855999 0.3017383534599001 0.20207715836015722 0.23943425884299485
250 419031.0 0.2509165078422606 0.2787103427577231 13500.78309028477 0.13564123073137085 784158.4961297994 0.27080598825840085 0.2973605029877252 0.26478922224080836 0.3016450842702157 0.209474892681133 0.2402201972424441
260 443571.0 0.2611591418813446 0.2813690044917349 12016.603516604784 0.13601351964199762 792553.2452138474 0.2715353035383463 0.2946575816629135 0.26503760983301095 0.3014063591627215 0.21332070604252193 0.2410848923150186
270 458610.0 0.26145616199119526 0.2824305479009125 12077.263165245422 0.13636058320043648 801302.9312934616 0.2657998458479064 0.2928345909567225 0.26517186133742665 0.3011240403017671 0.21361490602039745 0.2414830202974714
280 471797.0 0.26498653546451 0.2917992574713016 11766.97039639646 0.1367229626581117 809580.3293836383 0.26498811496802593 0.2922078995096698 0.26511933472808685 0.30078102248972705 0.2162957203446944 0.246034027333048
290 490521.0 0.2771975115806484 0.2922292578360007 10345.668867971353 0.13725843565048987 814479.726930235 0.26875901532476637 0.29182367135789883 0.26515370023502477 0.3004823924795623 0.22178539324492863 0.2458793663500807
300 507074.0 0.277457762326134 0.29241764859317926 10388.787076420449 0.13749196262131677 822429.776357269 0.26464112167892023 0.2915632436725856 0.26514625477424236 0.30018644254740484 0.2219459375375105 0.2455106234962065
310 522632.0 0.2785604762371124 0.2925879073940247 10390.650790968612 0.13739965641646962 833827.7675623883 0.26476700667651465 0.2905198182036069 0.2651385307928102 0.29990833471789463 0.22212473303742683 0.24515755344102194
320 539164.0 0.2815619691375661 0.2942728508447274 10111.702260043268 0.13721729293676896 845999.7672714478 0.26021618583820944 0.29367851641411913 0.2650432135193226 0.2996765429105503 0.22406624185303095 0.2452724814984438
330 560383.0 0.2818296502874969 0.29439917961641493 10109.35224850136 0.13704685786224743 858044.4759866871 0.2600702876350174 0.29358594178368 0.2648931709317088 0.29949396661684347 0.22383070719297474 0.24489690933743546
340 576656.0 0.28526777934428454 0.30724125622765547 9774.57634328435 0.13692439756039412 869236.3467278284 0.26120615870677066 0.2936017826813527 0.26478067750257667 0.2993235349260877 0.2260290988828854 0.2501705967789592
350 584097.0 0.2910490635814465 0.3212706521297627 9373.84519424438 0.13685614522962722 879416.5025806854 0.24911654850643367 0.29805886169523566 0.26450942506435493 0.2991928792770299 0.22596191717420794 0.25562256261162153
360 595141.0 0.3278587351606578 0.32356895406877667 6659.7394576310335 0.13666809451151443 888727.860091929 0.26862533806009664 0.29741264034560827 0.2644779322886663 0.2991447128675621 0.24228769788960494 0.25646900877475604
370 620195.0 0.33224628881146373 0.3308974974488329 6470.286875125143 0.13654965864941349 896883.0501518984 0.2605778104152618 0.2962349241402913 0.2644841289142328 0.29903945529782466 0.24415122156029143 0.2600857067903476
380 641676.0 0.3327771395797818 0.33133048436881013 6515.959577828631 0.136333687396086 906510.7178846771 0.2658935079387357 0.29789499650730117 0.26449889892006045 0.29901108926598197 0.24407031521072772 0.2599498773355863
390 651090.0 0.3333277121090191 0.33145828951681183 6504.357109545119 0.13612747742031145 916006.7730703902 0.2643364887055018 0.2978495775500114 0.2645186120787135 0.2989819834730885 0.24417572600570328 0.25984580054932005
400 677256.0 0.3457140653165224 0.33933264035720667 5859.84351555381 0.13614376825510374 921626.062332635 0.2648549045309144 0.3004729324234893 0.2645021823783443 0.2989716616556823 0.24697728451070428 0.2632069470748692
410 695557.0 0.3568926666438938 0.35228635562699506 5345.166222734462 0.13634333540607754 923995.164807371 0.2673611000523608 0.3039599883102856 0.2645531677518237 0.2990629582946547 0.2527732968931834 0.26785156922724346
420 703833.0 0.36061963443380074 0.3547507809302924 5203.615496791818 0.1364918128791718 926966.3277374726 0.26891201815646393 0.3042394409541294 0.26464525726112753 0.29917427034883426 0.2527392533338826 0.2677084041438467
430 714462.0 0.3665240710048312 0.35927013241876127 4969.932062712398 0.1367057982603141 928710.2592666773 0.26883623742622026 0.2979839781265058 0.2647420002759783 0.2992270181902093 0.25553556917361836 0.26927719447650733
440 731108.0 0.36743856610310244 0.35974198711145233 4944.17157129123 0.13691027318007226 930585.0644556846 0.26883753617701356 0.29799239323356763 0.26483486662577327 0.2991990030775708 0.2556818061644527 0.26944844547463226
450 748242.0 0.3689301139063595 0.3652941827788142 4904.055983161456 0.1371103764349431 932496.0675452775 0.2692758233365154 0.3022605381705492 0.2649314068963563 0.29924795895689166 0.256681795167738 0.2727417610011645
460 763036.0 0.37276825868699764 0.3765651456262615 4866.069889248601 0.13712454035078223 937146.2930331975 0.26678584043366865 0.2985291020762919 0.26499066731775345 0.299223886262847 0.2573175499459643 0.27572561091376835
470 786822.0 0.37698795752381187 0.38698085775824353 4760.380760852829 0.13721361828966014 940552.8342596816 0.2714100508042048 0.3076497249214509 0.2651034145986677 0.2993545262777402 0.2583583372350358 0.2796956193796485
480 818458.0 0.38270051258347193 0.3872215152881002 4628.02900336297 0.13738085058735838 942648.4763223777 0.2713995381644019 0.3076494818924813 0.26523433299429605 0.29952697908268044 0.2600155376920055 0.2796281761468448
490 835028.0 0.3828117732188503 0.3991764801931154 4667.601276645553 0.13753966807704926 944928.9738557448 0.27171923315755425 0.3166325630746012 0.2653651414614756 0.2998211771291198 0.26008994351840004 0.2808038645286869
500 850157.0 0.38605218670195457 0.4161172548061177 4706.012639923651 0.13767023227899228 947681.365794083 0.2709965318855458 0.3117601426430181 0.2654785106131213 0.30008201136924834 0.2602911416429887 0.28634114549884704
510 865133.0 0.3872766269761732 0.41993908734912355 4728.845977938013 0.13779921432322667 950491.8283633827 0.26893968788817785 0.31067133872989616 0.2655709738652119 0.30030222111166294 0.2598603401919175 0.28925928971948855
520 876194.0 0.3880364297701853 0.4202059453492653 4733.958246946447 0.1378411707487384 954596.652476509 0.26865358129893785 0.3103656605177928 0.2656312319987733 0.3004981774787827 0.2608374990897312 0.28956591102440615
530 890416.0 0.3887435108777041 0.4232971254682708 4720.491739650915 0.13788030983999258 958730.2390296747 0.26869513990718785 0.3105621473036105 0.2656887572002897 0.3006857034506401 0.26077712512687046 0.29235929674922184
540 911091.0 0.3889710973934267 0.42425819033071366 4719.465350328493 0.1379319637300598 962677.623415833 0.26637412042152775 0.3096538694406201 0.2657066976693909 0.30085395611920807 0.26085407598252064 0.2929676924884787
550 933282.0 0.3909101270126439 0.4275972124232664 4656.094679364089 0.1379423725004571 967176.5929538975 0.26240369687522497 0.3050758769129766 0.26568301152913126 0.30098063893535554 0.261410729608466 0.2942092629426935
560 947789.0 0.3965828867104893 0.4308521737694245 4462.382459407831 0.13803880343975916 970181.132870994 0.26466017361308175 0.3058898608062436 0.2656490305034524 0.301063488294356 0.26407091388258946 0.29544540982468065
570 965591.0 0.3979831016697695 0.4336649724887017 4416.727399281187 0.1381054405410094 973584.9992191488 0.26458598903802943 0.3051415927360245 0.26562836181929983 0.30113855043325016 0.26554211994315297 0.2983533996352744
580 986966.0 0.39811421230584215 0.4338069437594281 4419.511580531248 0.13820250142390306 976540.3640929569 0.26459917353563894 0.30618377316171397 0.2656104888215454 0.3012128290615729 0.26552708037107325 0.29848464349401316
