1 193.0 1.5736600075413974e+29 9.604858444464968e+24 6.057165543257716e-57 1.5736600075413974e+29 6.057165543257716e-57 0.1806494414408546 0.15147679589072546 0.18065646940189767 0.15147684669594286 1.5736600075413993e+29 9.604858444464982e+24
10 12310.0 0.09535979647925164 0.06636463710637645 231862.246842348 7.868300037706987e+28 4.817655189071258e-56 0.18028452299490463 0.15158759532252086 0.18066932906517866 0.1515216601641682 0.09519765324849315 0.0661803962684223
20 31820.0 0.09562434391332958 0.06748804744591047 234272.9384236047 5.2455333584713246e+28 1.607481217277665e-55 0.17931527693695817 0.15240943424141373 0.18020455950394854 0.15167018339503505 0.09495577216373799 0.06666849788634412
30 56833.0 0.09726966057850875 0.06758785696785054 224465.38134676928 3.9341500188534934e+28 3.783563812052334e-55 0.17870593487290432 0.1525912561752466 0.1797621135339706 0.15196119803697944 0.09616735415111176 0.06694301349513039
40 69164.0 0.0974496445086759 0.06967613146463268 228924.2653109508 3.1473200150827947e+28 7.359039347111417e-55 0.1791533916617306 0.14926431575670093 0.17956434395192167 0.15131610162914264 0.0962279182234356 0.06799924842932206
50 99030.0 0.09801346474797777 0.0712653512009662 233376.52498355077 2.6227666792356623e+28 1.2671054696416063e-54 0.1791237152957404 0.14662986826846663 0.17947759334855118 0.15101709067702995 0.09642117464974867 0.0684975475289853
60 120000.0 0.09947333252954513 0.07128915113356749 227362.16944936579 2.248085725059139e+28 2.001362984854694e-54 0.17588886462512612 0.1454737257616473 0.17883394429402527 0.15010516980410338 0.09701199050608772 0.06728638676464196
70 143607.0 0.09957085878715231 0.07133382079201675 228222.14088418675 1.9670750094267467e+28 2.975059717568741e-54 0.17564837246824921 0.1447359511858433 0.17840897934781794 0.14940093138864666 0.09687103072236682 0.06642411784545703
80 161359.0 0.09997648463292146 0.0724499232407677 227909.71987006688 1.7485111194904415e+28 4.218980171202747e-54 0.16985266064247198 0.1450803163945303 0.17813721870502908 0.14893376319599724 0.09704076113246321 0.06595365437866345
90 173586.0 0.10058109473858455 0.07340264208515451 228202.0687340104 1.5736600075413974e+28 5.738416653135696e-54 0.1734790517838164 0.14641657624391008 0.17748720783326663 0.14859920345456326 0.09706843365806712 0.06600551831308114
100 183580.0 0.1016580999310322 0.07349484150283794 227901.3118825441 1.4306000068558157e+28 7.588353867683223e-54 0.17141413697410066 0.14622825365404357 0.1770089873378239 0.14836967803916012 0.09762954601799194 0.06561432538720006
110 199359.0 0.10186285673682041 0.07350598579595723 228446.91848921633 1.3113833396178311e+28 9.799882070226009e-54 0.17136523308021162 0.14698081543309263 0.17650286051633024 0.14816947342624381 0.09765814205669501 0.06524427747018012
120 226274.0 0.1024910558956943 0.07352942862240154 225739.41912057958 1.2105076981087671e+28 1.24145981909704e-53 0.17142764199717422 0.14698029936044102 0.17608038898413184 0.14807121053284827 0.09803626477810466 0.06494356192013387
130 237511.0 0.10266127173337665 0.07361645857821618 225296.57521692064 1.1240428625295695e+28 1.545745385558755e-53 0.16899746148948766 0.14697278938384017 0.1756881096456163 0.14798782807108266 0.09807337889161798 0.06473604436348568
140 267540.0 0.10346615004460512 0.07392210536363178 220751.73682382418 1.049106671694265e+28 1.899079942131252e-53 0.16915944617453613 0.1471422220134893 0.17521839429072417 0.14791129419234356 0.09854061077901251 0.06462059181063128
150 289693.0 0.10462135106218609 0.08101650107315324 215577.2700190155 9.835375047133734e+27 2.3025467794885798e-53 0.16908826134501445 0.14304242414984572 0.17481754135629923 0.1475684150064928 0.09930605725432513 0.07025224287692812
160 303101.0 0.10860287845150507 0.08139235652000527 194070.23715381068 9.256823573772926e+27 2.759703507067013e-53 0.17010784231220671 0.14261925317932925 0.17448898018797823 0.14726394532697284 0.10197661825338364 0.07026982340324187
170 323117.0 0.11528678082239238 0.08973585712758213 168876.18681394475 8.742555597452208e+27 3.2617104694953325e-53 0.17151754328349408 0.14527739355421238 0.17428774334767017 0.1470848946056009 0.10509953730378681 0.07451948401390393
180 337428.0 0.1192235764513026 0.09092422088595546 155678.75719916867 8.282421092323144e+27 3.8251467898774277e-53 0.17721102857150953 0.1434059853042873 0.17427349326139252 0.14690972434855404 0.10643649056633142 0.07515364901042124
190 353591.0 0.11950792682095349 0.09217287244047412 155977.65629417292 7.868300037706987e+27 4.452582801370503e-53 0.177333960701497 0.14538614903298705 0.17443216589479413 0.14676989023549725 0.10645344434198498 0.0754629949860656
200 375604.0 0.12095107323404745 0.09293465160120777 154001.15902657915 7.493619083530464e+27 5.143280944506247e-53 0.16990527739574224 0.14616542704834423 0.17436953399662444 0.1467269359220968 0.10708489569308714 0.07550147435687965
210 385514.0 0.12217433857778076 0.09513029478685242 150274.79302243094 7.153000034279079e+27 5.89098256713654e-53 0.16974562162391066 0.14663137368208196 0.1741568274927933 0.1467061134328787 0.10721545057836747 0.07658617825374645
220 415802.0 0.12506750337420908 0.10038818597768027 140622.8540239881 6.842000032788685e+27 6.705778150849655e-53 0.1701792659831461 0.1477797461752456 0.17396655272926972 0.14673342824050092 0.10894773574685482 0.07790551873549177
230 433007.0 0.12536148114856643 0.11042710853336496 140716.77270928718 6.556916698089156e+27 7.591277816472646e-53 0.1701529203825675 0.1474022094146338 0.1738016194485358 0.1467769098944013 0.10901721724850769 0.08612937839292692
240 458262.0 0.1261935648382738 0.11811192406413706 138554.78358251558 6.29464003016559e+27 8.549391019833174e-53 0.16915991989670798 0.15013491654102665 0.17362025259302383 0.14684249390964904 0.10937814674326268 0.09119125315837198
250 481462.0 0.12630168248231105 0.1209055292696158 141771.82606495966 6.052538490543836e+27 9.59080135924702e-53 0.17230318329442262 0.14755210737963803 0.17344454973425402 0.1468964415435989 0.10932447414949943 0.09116067330586472
260 494975.0 0.12876050416649143 0.12324107160907401 134312.81774322834 5.828370398301472e+27 1.0713241268078075e-52 0.17231885094777524 0.14791502397577244 0.173401214134761 0.14687884925224706 0.1098761490524269 0.0936406255278234
270 514059.0 0.13147725897345222 0.12623743350040023 128125.77869195887 5.620214312647848e+27 1.1920862682000792e-52 0.1735699940615786 0.14827271201107492 0.17338439751873305 0.14692877422558878 0.11154612904801667 0.09406729762938068
280 552026.0 0.1315249871837763 0.1287601284142468 129552.28827398937 5.426413819108267e+27 1.3215245471537396e-52 0.17367815375412207 0.1484679023681846 0.1733939767875658 0.14698092461643358 0.11153159665526148 0.09532300591732559
290 563915.0 0.13313455670984237 0.12889732235716386 126371.08590127785 5.245533358471325e+27 1.4600149566682881e-52 0.17379248523228427 0.14823835883233122 0.1734064210952366 0.14702827952758432 0.11223251452107327 0.0954117554606638
300 580408.0 0.13832054314094427 0.13172439490483145 113841.65379415739 5.076322604972249e+27 1.6066862765835936e-52 0.18113628132933382 0.15049865488245837 0.17359280919482292 0.14707719747883885 0.1145876655177968 0.09799549483549214
310 600720.0 0.14272705433665014 0.13373878466513744 106146.28828977498 1.0266347503700211e+36 3400286889.240029 0.18074060210092152 0.15010045098566704 0.17382259737539768 0.14717451778163143 0.11630501088966026 0.09856736281332107
320 615613.0 0.1701778415876108 0.13393911833941013 63474.69232686271 1.0057437595959699e+36 3616555825.3325686 0.18822465861396664 0.15009412921561208 0.17413216889494268 0.14726589725262565 0.1311639690737597 0.09867729656781557
330 635296.0 0.17114528078776747 0.13407801242074513 62721.94778919514 9.761630607843238e+35 3955312978.7213426 0.18806020002568719 0.15017179645374223 0.17455433587897456 0.1473527611450252 0.1321850454060805 0.09879099299753388
340 656249.0 0.17173229161477088 0.1433885227189141 63362.75247694883 9.482726876190573e+35 4314589818.143714 0.18755405071336276 0.15139304354065772 0.1749477096868303 0.14746013554425616 0.13273070355994243 0.10389865402508186
350 676149.0 0.17194543927080289 0.1450456865484807 65290.670643666905 9.219317796296391e+35 4694989722.305307 0.19008503518371636 0.15586701445662993 0.17534923156342708 0.14764503673763552 0.1329034627482518 0.103899446388326
360 701744.0 0.17222433561371886 0.14530617891787345 65033.11523933443 8.970147045045138e+35 5097116069.911757 0.1902225100696716 0.15608055170754662 0.17575769144164358 0.14787463341798177 0.13300274791748226 0.1040926998393987
370 722072.0 0.17233544362693404 0.1506309747614408 65564.4183788719 8.73409054385974e+35 5521572239.668694 0.1901223301868679 0.15432588578360573 0.17614597269730195 0.14807757110782568 0.1332087792678699 0.1063313394609912
380 748961.0 0.17280628566011166 0.15369217349722752 65964.33657791333 8.510139504273592e+35 5968961610.281745 0.18945301242766438 0.1541183429732339 0.17650051565651453 0.14823646253012068 0.13379377741233392 0.1083719696271863
390 754700.0 0.17876139950138226 0.15372911214516155 61293.415817559 8.297386016666751e+35 6439887560.456544 0.19303117009539683 0.1530615198495656 0.17682075566344624 0.14838238562379996 0.1382740276267007 0.10844384106048466
400 774853.0 0.18262010544549703 0.1544082670572083 57816.28089807607 8.095010747967562e+35 6934953468.898717 0.19244592549544368 0.15238471267932135 0.17722466151611632 0.14850205565880492 0.1397956526010934 0.10904617023266948
410 796695.0 0.18412980014735505 0.1544852970101434 56861.37749702608 7.902272396825478e+35 7454762714.313894 0.19220066171065067 0.15237114967668608 0.1775951086265074 0.14859625978480792 0.13956141713010048 0.10908193344282055
420 807501.0 0.18466463179189244 0.15486655504454905 56511.221586108164 7.718498620155118e+35 7999918675.40771 0.19223448209098604 0.15579898239226067 0.17794296747983138 0.1487582445289847 0.13968143870943958 0.10911090719935326
430 826422.0 0.1919786858350707 0.15798895370549051 50495.01852651252 7.543078196969774e+35 8571024730.885795 0.19498185293092465 0.154033244871989 0.1783283306510386 0.14891410276228978 0.14308773500628927 0.11049138082921006
440 843427.0 0.19199614524811154 0.15851441124622143 50540.305259425244 7.375454237037113e+35 9168684259.453772 0.19497940710847778 0.15423945767524821 0.178705917606344 0.14903540678537253 0.1433309434063878 0.11065007666152017
450 862326.0 0.1922068523728616 0.16045072890901083 51027.52778062138 7.215118275362393e+35 9793500639.817274 0.1952988476226827 0.15296897044242017 0.1790689083545336 0.14912792453872056 0.1434770341011253 0.11238779330078134
460 883581.0 0.1970019298006317 0.1618845615493672 47638.48527890735 7.061605120567449e+35 10446077250.681938 0.2015206139194039 0.15249341724474558 0.1794900263058693 0.1491994661257459 0.14534522413022635 0.11308214170810894
470 901647.0 0.19702575863953736 0.16266792767911686 47887.40529358306 6.914488347222293e+35 11127017470.75339 0.20147091478170964 0.15242777560363036 0.17995734196030413 0.14926836672124075 0.14559580413189158 0.11301425655597341
480 927853.0 0.20470836260552386 0.1636731617005015 43668.22592434563 6.773376340136124e+35 11836924678.737255 0.2022679628244556 0.1521167297282945 0.1804177948323152 0.14933090446601008 0.14822485478313835 0.11312616958456115
490 955975.0 0.20641913610620852 0.16372070049465162 42917.202996109125 6.637908813333401e+35 12576402253.339174 0.20286008829000196 0.15206548063764502 0.1808650894751378 0.14938684396937396 0.14851544685054027 0.1130638333731584
500 973353.0 0.2068478249221239 0.16392019233497115 43365.669504123915 6.507753738562158e+35 13346053573.264769 0.1981741383799233 0.1520497483156694 0.1812765940245615 0.14944026713392244 0.14886939592736406 0.11306742372927645
510 997308.0 0.2091542972549859 0.1643483938836094 42095.060745853734 6.382604628205194e+35 14146482017.219667 0.19763164493343446 0.1521072755584291 0.1815964144993311 0.14949196743747295 0.15055745387515118 0.11333495883971431
520 1024316.0 0.21247806316205536 0.1648331881554482 40277.408260002376 6.262178125786228e+35 14978290963.909506 0.19562879458769372 0.15210330693581747 0.18189407669647573 0.14954212024362185 0.1532400426535066 0.11328157400252377
530 1044283.0 0.21503324158950968 0.1805092268233314 39162.05263986925 6.146211864197594e+35 15842083792.039915 0.19310917281047577 0.1596183060619104 0.18215703338914324 0.14966333866253814 0.1546639124430252 0.11872214110312815
540 1059313.0 0.21507704192839236 0.18108494415528578 39286.349473568596 6.0344625575758194e+35 16738463880.316523 0.1932544404896565 0.16048830996053684 0.18236202030416243 0.14986556309528817 0.15478223995853457 0.11889831491488563
550 1084033.0 0.2150853573990516 0.18113697858448094 39338.45325749771 5.926704297619108e+35 17668034607.44496 0.19328488580836078 0.16049667811604856 0.18256025762326908 0.1500584994923217 0.15489859723256963 0.11896330757978182
560 1093500.0 0.2166121041237307 0.1885900803973251 38844.45689612614 5.822727029239826e+35 18631399352.130856 0.1941289337641877 0.15732559656701442 0.18276218613084522 0.15018982350871637 0.1555760446537589 0.1211346395569197
570 1106315.0 0.21667623310138173 0.1892511545118663 39071.93950974011 5.722335183908105e+35 19629161493.079838 0.18508147623441687 0.15701666186487984 0.1828078988996679 0.15031312015737952 0.1555814777497981 0.12126012335759898
580 1125582.0 0.21808010175701717 0.1900528299178076 38521.903822361215 5.625346451977459e+35 20661924408.997536 0.1852284963215799 0.15661395447734391 0.18284789978420846 0.15042694917765972 0.15620708732257166 0.12180775616285995
590 1151461.0 0.2195710258151804 0.19084797498390885 38766.75573827328 5.5315906777778344e+35 21730291478.589596 0.18467916757138564 0.15737265777546253 0.18288537336326316 0.15054138326066283 0.15719075966800836 0.12180440136139058
600 1172511.0 0.21965370465818426 0.19292016038308016 39297.65989999785 5.440908863388034e+35 22834866080.561626 0.18149145732851707 0.15832770506109511 0.18290466375646275 0.15066507242021424 0.157155216116895 0.12243522222875686
610 1192733.0 0.22057132531245716 0.19408476620511764 38954.676641361206 5.353152268817259e+35 23976251593.619278 0.18150832766686553 0.15852038336342955 0.18288156618512105 0.15079153714646396 0.15758983386606432 0.12341563255164376
620 1208539.0 0.22406123173896275 0.1958239654556952 37545.92183541886 5.2681815978836516e+35 25155051396.468163 0.18112813337130934 0.15807728566257045 0.18285173525080312 0.15090900191878814 0.1592386381022351 0.12422707704343021
630 1228889.0 0.2241283379954636 0.19602471104088648 37601.37052930584 5.18586626041672e+35 26371868867.81391 0.18076748836679257 0.16316170961729118 0.18282079148818264 0.15107805345994507 0.1592020544476413 0.1244843106234571
640 1238086.0 0.225823375809863 0.19754966869344642 37455.067042173396 5.106083702564155e+35 27627307386.36217 0.17974367332837338 0.15721316759020276 0.1827861511347699 0.15120435019738532 0.15961100128798816 0.1252812514261128
650 1253844.0 0.22592963514341327 0.21509560991814886 37655.41985097072 5.0287187979798494e+35 28921970330.818558 0.17931695309285026 0.16936057255985834 0.18273413025069618 0.15137890719785968 0.1595807364488886 0.13095080339308626
660 1275546.0 0.2260877355816514 0.21813663821176804 37701.07417628496 4.953663293532389e+35 30256461079.8887 0.1793392627874173 0.16868881620773382 0.18268262658805165 0.15163854962863182 0.15958020849813725 0.13260971692075332
670 1292384.0 0.22682899866118128 0.2192781797854544 37643.497897596826 4.880815303921619e+35 31631383012.278233 0.17876545663283244 0.1690864022680289 0.18263023450412172 0.15189582506529375 0.15992045988776402 0.13323518166028078
680 1309300.0 0.22694384950860028 0.21973480629251455 38137.24618507407 4.8100788502415955e+35 33047339506.69279 0.17808475652163544 0.16608832825779657 0.18256754086379182 0.15214276772230148 0.1598733367143473 0.1334175242053906
690 1320448.0 0.2277968536181148 0.221117214622741 37803.19048520084 4.741363438095287e+35 34504933941.83801 0.17701488773259702 0.1660631440750779 0.18249577865534017 0.15234259278285545 0.16000406652409252 0.13435295982994094
700 1334164.0 0.22864669293798612 0.22193822312947295 37643.99768074649 4.6745836713615505e+35 36004769696.4195 0.17631686984604975 0.16633240288416318 0.18241052867239685 0.15253883100502952 0.15986186911183944 0.1348967582343775
710 1350699.0 0.22907924289437936 0.22233528484367146 37726.53925547584 4.609658898148196e+35 37547450149.1429 0.17650755756748013 0.1663014926432449 0.1823271884662903 0.15273272781286004 0.15981551975648856 0.13488927906978632
720 1369125.0 0.2291958756702644 0.2238895105097561 37865.5991469368 4.546512885844795e+35 39133578678.71387 0.17560718131929265 0.16291207721021084 0.18224106351844707 0.15290193968317287 0.15973216115526762 0.13530401940905476
730 1389908.0 0.2299525223774721 0.2253618822354635 37660.33726468494 4.485073522522569e+35 40763758663.83797 0.174730899607121 0.16325992576251194 0.18214607693112178 0.15304085983340232 0.15986410943016904 0.13565437590259283
740 1403662.0 0.2312611224259776 0.2271688494508358 37083.31784421712 4.4252725422222675e+35 42438593483.2209 0.17367851810793603 0.16233037583694032 0.1820319544122722 0.1531725808797798 0.16090386791038871 0.13696692558746118
750 1433402.0 0.23191009642326196 0.2278463293950511 36958.42861679429 4.36704527192987e+35 44158686515.568245 0.17525912660876272 0.1586707289604172 0.18193709005517006 0.15326945926466207 0.1605148365545646 0.1368318913008149
760 1447326.0 0.23430339074555984 0.22797037675212345 35950.89429692746 4.310330398268443e+35 45924641139.58566 0.17380759050070374 0.15349033878441598 0.18183463496737426 0.1533333539254533 0.1611635779683576 0.1369283719423755
770 1462623.0 0.25042468472159807 0.22923105372174088 29797.399236704114 4.255069752136796e+35 47737060733.97878 0.1753700184927907 0.15252357962931357 0.18174274104641336 0.1533289199100392 0.1682063402666872 0.13708840365963404
780 1476217.0 0.25108147462521885 0.22952278208328708 29847.481014685454 4.2012081097046845e+35 49596548677.45322 0.1753775778220539 0.15340076503964184 0.1816606452892291 0.153323548559137 0.16838646019170472 0.1372502771570732
790 1492436.0 0.252218034791564 0.23043341819911795 29787.918377410846 4.1486930083333756e+35 51503708348.71462 0.17491304888252387 0.1535355359114521 0.1815770932548355 0.15332553812554536 0.1688091895425693 0.13771346875954468
800 1509978.0 0.2549629917439196 0.23048988018363828 28968.744104592508 4.097474576131729e+35 53459143126.468575 0.17572925178363513 0.15355825639381226 0.1814946533364204 0.15332836138534395 0.1694490918808108 0.13772073075477026
810 1519276.0 0.2551997573334559 0.23161662750969686 29020.196602993852 4.047505373983781e+35 55463456389.420784 0.1760315051537859 0.1532460950687457 0.1814265659861404 0.15332928379747565 0.16943183368681194 0.1382217889734252
820 1536477.0 0.25712587461039244 0.23223187790879765 28443.526614843322 3.998740248996025e+35 57517251516.27679 0.17861318657530795 0.15320826906188914 0.18138795358943072 0.15332819496302463 0.16963110386443067 0.13868407211960718
830 1547370.0 0.25752622115642565 0.23284360880070654 28485.464689804674 3.951136198412739e+35 59621131885.74231 0.17847645232888265 0.1574485383061911 0.18135340231034608 0.15332976466349182 0.16956048533449344 0.13925139433953715
840 1558568.0 0.26472943983679337 0.23428028076978927 26549.75235078895 3.904652243137295e+35 61775700876.52291 0.18205658364104538 0.1574577706297921 0.1813469479789321 0.15337889882640404 0.17276539969455756 0.13968946534890941
850 1582748.0 0.26559249162292875 0.23432116202247982 26340.445061079452 3.859249310077559e+35 63981561867.324265 0.18330787562725653 0.1574604747164848 0.181358223478961 0.15342686069328876 0.1732852926315845 0.13974516381896904
860 1606181.0 0.2676585644020057 0.2383994767738774 25837.633790952237 3.814890122605403e+35 66239318236.85198 0.18280643027639026 0.15314257269701423 0.18138520084950532 0.15343742454586914 0.17410377234090774 0.1384646849770125
870 1616445.0 0.26914418964738657 0.23892610333964803 25681.45273084209 3.771539106265651e+35 68549572939.5925 0.17995774688899704 0.1470700673394484 0.1813928751608707 0.15339957543067084 0.17486077637837705 0.1383260232015102
880 1636303.0 0.27066572395174504 0.24444435738905498 25282.323834028728 3.729162262375026e+35 70912930188.06375 0.1793788287157262 0.14821628222602204 0.18137132344958395 0.15333726947879284 0.1755674676559256 0.14088320367560006
890 1648596.0 0.2711436682520245 0.247506011660165 25197.458293293028 3.687727126126414e+35 73329992951.04588 0.17938751163067995 0.14587650133498115 0.18134869070348966 0.15325964717669263 0.1759675200439923 0.14293427988782753
900 1661564.0 0.2748339353973781 0.24779612133940387 24452.491104590852 3.647202652212937e+35 75801364607.24077 0.1794283327961314 0.14809666683324976 0.18132990415207287 0.1531949113478907 0.17645213558010048 0.14286204655836196
910 1681243.0 0.2765521667370496 0.25232049246184807 24095.44975906216 3.607559145123666e+35 78327648535.35034 0.1830377733436636 0.1532286876007749 0.1813205699519291 0.15315920692896884 0.17665660299304362 0.1431673293962253
920 1697708.0 0.2808193753101372 0.25257235866175487 23172.703060020314 3.568768186573949e+35 80909448114.07649 0.18388694378727102 0.1532158286470613 0.18134820343879648 0.1531599455485562 0.17699960367586773 0.14315241391956698
930 1714219.0 0.28084871756943597 0.25260981997018195 23373.958630804493 3.5308025677262145e+35 83547366710.8797 0.18443951771856149 0.15378408644569735 0.18137962691651885 0.153164813201753 0.17701917884190982 0.14311032426668893
940 1732430.0 0.2819266035678916 0.2533622748799072 23246.797784777988 3.493636224908044e+35 86242007726.58206 0.18222986892648269 0.14799795742183475 0.1813834773597658 0.15311525832421308 0.1774683455932967 0.14332722076472024
950 1755952.0 0.28292165435247807 0.254678882113821 23082.539899036474 3.457244228734336e+35 88993970835.24193 0.1815321372949388 0.1468510506463879 0.18139164389649218 0.15305837429949198 0.17789751471130796 0.14432445591189302
960 1774699.0 0.28356188393456544 0.2546817401762203 22972.598573651238 3.421602536134866e+35 91803866647.79088 0.1808749914359925 0.14685068177799235 0.18138961699770884 0.15299377925457242 0.17822415867780186 0.14427596540134713
970 1802973.0 0.2844257286406092 0.2550722236042666 22829.914037440158 3.386688224541653e+35 94672295039.475 0.18077675416449385 0.14439919396721476 0.1813839221499546 0.1529173973929797 0.17826207816300152 0.14446400587280844
980 1816127.0 0.29249086992379353 0.2553949698825539 21081.472582144503 3.352479252576586e+35 97599859351.4996 0.17718678973287108 0.14423640341053523 0.18135876028040915 0.15283235521693722 0.17883080509921057 0.14451689974223342
990 1822396.0 0.29264382845662434 0.25545538717486194 21144.958949172662 3.3189544600508202e+35 100587162962.54115 0.17579428077127665 0.13613312736388983 0.18131237582740564 0.1526824971125662 0.1788680830407173 0.1444066692074612
1000 1835356.0 0.2926677544975221 0.25557391639895655 21161.39121613033 3.286093524802792e+35 103634809251.27623 0.17518016477674206 0.13603067525611354 0.1812564082830558 0.1525165541269383 0.1788215894361198 0.14427919203996836
1010 1845354.0 0.2939396842120077 0.25604651904450854 20989.361859688466 3.253876921618451e+35 106743401596.38132 0.1755083376767978 0.13659698073956775 0.1812005571729064 0.152360648915371 0.17895778730702866 0.1442905925729842
1020 1858492.0 0.29500353908135657 0.26491637200537416 20869.7954642887 3.2222858835444856e+35 109913543376.53293 0.17408410903393964 0.1388180961440309 0.18113960134656826 0.1522215748219443 0.1790672511195345 0.14466763812955188
1030 1886533.0 0.2968496052154412 0.2676812772013752 20607.23468575294 3.191302365433481e+35 113145837970.40756 0.1735646196445834 0.13408479613674312 0.18107256992997642 0.1520767976940157 0.1795528550991953 0.14513933163303233
1040 1896145.0 0.29803044481127455 0.2819962607039444 20465.40056158093 3.1609090095722098e+35 116440888756.68176 0.17372932779993236 0.13898500380090442 0.18100107435053195 0.15193022870004316 0.17997603495916906 0.1480132789964914
1050 1905013.0 0.29822172694133264 0.284185476474071 20518.32573644334 3.131089113255491e+35 119799299114.03206 0.17359482374681384 0.1397902849217645 0.18093079015779767 0.15181570280754864 0.17988563147213257 0.14921039009095063
1060 1921049.0 0.29893399590092334 0.284322421722828 20712.838237827975 3.1018265981783366e+35 123221672421.13492 0.17222152251210565 0.13950043866547646 0.1808552427648971 0.15170039695901463 0.18010662619549309 0.1490332456136169
1070 1939968.0 0.29965205456463534 0.2845530379593408 20596.555408937755 3.073105981528537e+35 126708612056.66692 0.17224530864149915 0.13949744061638905 0.18077478537697342 0.1515864843736464 0.1800951834800415 0.14892308800350643
1080 1955606.0 0.29965335666989423 0.28456811836581547 20701.687780928954 3.0449123486704773e+35 130260721399.30449 0.1722453034461319 0.13949755568739142 0.18069588177499063 0.15147465325163736 0.18001775624547697 0.14879839415152782
1090 1967673.0 0.3003230109511544 0.28477759394765323 20647.359976628097 3.0172313273189274e+35 133878603827.72423 0.16975878292210694 0.13977676874542194 0.18060642942669447 0.1513668851134808 0.18006369091096275 0.14877489818896847
1100 1988204.0 0.3006170211830952 0.2959154591275153 20800.652254080804 2.990049063108847e+35 137562862720.6026 0.16996667387913678 0.143003500600216 0.1805097194419868 0.15128480116335358 0.18004196317111384 0.1512463634932357
