1 2648.0 0.07466919721992897 0.049617765735761495 412193.22849238396 0.07466919721992897 412193.22849238396 0.11830759645067801 0.08528407659416795 0.11830757420804945 0.08528398181385963 0.07466919721992896 0.04961776573576089
10 21009.0 0.0757598835919607 0.05271519851799445 397251.4268378664 0.07521388448013322 809247.385562683 0.11811442676809676 0.08588979471394803 0.11829644970248278 0.08539516620821218 0.07551036107662865 0.052007524353441595
20 34033.0 0.0764189490442429 0.05361901810261732 387299.7027452099 0.0755769500194367 1196211.5393159348 0.11816914186898718 0.08612079397542763 0.11822292532505757 0.08568572693280119 0.07618859327694352 0.05297099032707803
30 48363.0 0.07681689945733007 0.053695302599315556 383267.56111601734 0.07575848278908845 1579226.4046776146 0.11799887530686932 0.08598108572610245 0.11813189617278647 0.08577729875592234 0.07641654476768754 0.05316203787289642
40 58453.0 0.07849301819153597 0.05402939728655798 368617.91272077843 0.0759508964854825 1947196.0479354144 0.11732485718148107 0.08596571304246309 0.11798814019620148 0.08582375316649377 0.0778410481239499 0.053537150071705675
50 76660.0 0.0785224204488635 0.054036613352642364 368351.8119489568 0.07607917228307853 2315112.3047667365 0.11733541147208873 0.08596605862064127 0.1178584985968683 0.08585160198837712 0.07783546473079815 0.053593550464029006
60 92175.0 0.07958868130609303 0.05405737914972507 361139.6993320572 0.07604159443638357 2676481.1177455834 0.1175083841904453 0.08594788158659289 0.11779286739185027 0.08586920387423717 0.07850688258416577 0.053636724953812775
70 108133.0 0.07959514609737703 0.054062298782292205 361776.4877404229 0.07601341105136233 3038424.793140939 0.11750838419044868 0.08594788158659597 0.11775279933531449 0.0858802852421747 0.07848671521750442 0.053658678271490616
80 120071.0 0.08322536158006688 0.05445189646561548 318867.59317056346 0.07613153231243554 3355204.5856946115 0.11836841351727108 0.08660852242294316 0.11782249735124778 0.08593115483025458 0.08083827598177712 0.05391021065107467
90 145901.0 0.08436478489994455 0.05534956164423787 306842.03430282086 0.07633308519519266 3657957.5122364387 0.11838420411701459 0.08674062210153216 0.11788392288001426 0.08601593151626945 0.08185234764611607 0.05462471182938475
100 158002.0 0.0844029813391481 0.05539662223419935 319563.7306675391 0.07637075910466286 3976867.9771058448 0.11890399555755192 0.08621879180809337 0.11796088902719704 0.08598557054477667 0.08194261623786653 0.054559654680653706
110 175366.0 0.08443272749667731 0.05776649186441591 319425.98468586826 0.07625184157127675 4298749.193283694 0.1170409769864869 0.08090056140772849 0.11797938601947475 0.0858232341786552 0.08195647184428116 0.05568971472471797
120 185299.0 0.08512848433699956 0.059226661475057056 319534.54858829477 0.07593368543850394 4626641.5724252425 0.11734288933285032 0.08212079298534432 0.11791430727073045 0.08546682451071154 0.08184134871402203 0.05578575421949252
130 199350.0 0.08528482029981417 0.059261334363396624 317930.95493384067 0.07566098018184153 4952073.505193576 0.11734288933285143 0.08212079298534379 0.11787068758081594 0.08521140225686669 0.08182445703269187 0.05560127392419937
140 218305.0 0.0852967967887231 0.05927229250572139 321388.4193383455 0.07535211191848162 5282292.588821047 0.11731522383264192 0.08187922624713337 0.11783227403485354 0.08498364391355977 0.08175094424578755 0.05542648684350564
150 234801.0 0.08530923017082173 0.05928320212649286 324559.5733621355 0.07507942601840673 5614319.172185991 0.11727792681810292 0.08187864319981332 0.11779556335227824 0.08477801921867097 0.08167695778687703 0.05526298023322511
160 246240.0 0.08531888462758914 0.05930327222718988 324849.77401569916 0.07483882081245828 5945817.164272413 0.11727792681810216 0.08187864319981329 0.11776341201475184 0.08459793375166116 0.08160954376646154 0.055125018787024124
170 261851.0 0.08764043109195672 0.062111101260775306 299646.3544276151 0.07455285523367251 6259136.6113301795 0.11492355738543303 0.0813929507095163 0.11767061255900398 0.08443660401967265 0.08373763615209281 0.057696778894827196
180 278562.0 0.08781886188578313 0.062436354868105684 298528.2733791571 0.07430508056092762 6569780.736269523 0.11494376469388422 0.08140573412674623 0.11751927161639661 0.08426863438541354 0.08380437325250059 0.05783787396687662
190 287028.0 0.08785635540772438 0.06381542411615833 308287.772896274 0.07404160358576423 6889922.720222625 0.11479435831368766 0.08183830353682421 0.11738411698633114 0.08413195272550127 0.0837291369193116 0.05819655463633077
200 298502.0 0.08813385839225475 0.06524742767290287 306262.61441968975 0.07377557175260346 7209245.810295256 0.11483164801226078 0.08184582141206109 0.11725675743838158 0.08401814004448192 0.08388250762761633 0.059052961297600494
210 306218.0 0.08818569050279447 0.06536544308108197 306927.2798745193 0.07353008772795598 7528348.129996084 0.11483155329035892 0.08180825203666318 0.11714182157237503 0.08391448453012039 0.08383098631422486 0.059032442756687314
220 323510.0 0.08821053746472002 0.06541415772411092 306943.49470504175 0.07330595014023437 7846564.670331531 0.11547663241152577 0.08012854512850424 0.11704025468058935 0.08381158733787482 0.0837750160023753 0.05899286593511723
230 337135.0 0.08972687850318273 0.06620435681671459 292016.9952560437 0.07313818403464971 8148781.366051763 0.11589082177238305 0.08013364912073241 0.11697794448748082 0.08365221456680541 0.08473451223288819 0.05957213826242341
240 348613.0 0.10106853575630041 0.06824987908981042 205141.8496729247 0.07315641630737049 8351549.502049885 0.11864748852876703 0.08271758965903174 0.11696188339761353 0.08356441928766152 0.09196630244063247 0.06117283330614983
250 375627.0 0.10107914271266408 0.06831398427017561 206957.43942173448 0.07316256926620542 8557713.033993125 0.11842912302947636 0.08118544021479426 0.1170245694654143 0.08351150563542847 0.09200893915051557 0.061160366512899925
260 392500.0 0.10113400355924948 0.0683521875996798 207956.57540771097 0.07316826645031183 8764940.838194778 0.11842899187293389 0.08118522817844998 0.11707838009469208 0.08342237790435808 0.0920609644752479 0.06111497152910395
270 406713.0 0.10115306852581915 0.06836197174029968 212540.63464035085 0.07317319298499551 8976876.355987329 0.11832981312602624 0.08110859735903446 0.1171249244109229 0.083337282253189 0.09208999408564453 0.0610521976864909
280 422488.0 0.10125395444270796 0.06836483236290342 212109.69803019724 0.07318135875268385 9187982.190946175 0.11835143573772317 0.08110889887742247 0.11716849555204853 0.08325797928067631 0.09219101688822362 0.06099049777769445
290 437541.0 0.1013044170379202 0.06837874585895731 212475.02774977015 0.07318898013585963 9399524.01631033 0.1183364051014517 0.08094284358065013 0.11720873320416735 0.08317956262635764 0.09222715529864586 0.06093130880085468
300 449210.0 0.10157968466774799 0.06860201049513413 212251.8176843917 0.07321028078260416 9609197.057539772 0.1183000480987137 0.08079456698215143 0.1172450583365508 0.08310069944747553 0.09243061663956212 0.06106491331138045
310 463884.0 0.10195145244606296 0.06864605251723813 210014.0872518124 0.07322930185438103 9816854.549957609 0.11832808516399734 0.08079681742470068 0.11727943155937168 0.08302656987571068 0.09262216935350748 0.06102146253123517
320 481442.0 0.10342269230196323 0.07147290748552176 203109.20742339845 0.073255064918976 10016566.530332312 0.11925626214027975 0.08586994680539864 0.1173317561578847 0.08302895189098468 0.09324667411418155 0.06225029059222047
330 494539.0 0.10344586547948822 0.07148043559636824 203144.20193096215 0.07327931250918303 10216518.838939238 0.1192562621402807 0.08586994680539892 0.11738989833257951 0.08311478255305159 0.09328705679990616 0.06229481687616725
340 525525.0 0.10348092318565076 0.07148956500231732 203176.93579967043 0.07328774583269505 10418570.75311487 0.11928733253960275 0.08601386978897936 0.11744312727315173 0.08319574694116635 0.09333072999236874 0.062335770545604734
350 545208.0 0.10503018768667172 0.07402581336870218 196098.29120775312 0.07332324926541034 10609713.285938727 0.11948551574317375 0.0866212797978424 0.11750086034256091 0.08329161425180684 0.09464134632077005 0.06421210010224614
360 563817.0 0.10917329655705547 0.074208015115812 174946.2077374866 0.07344601632228676 10765170.657876167 0.12128739509531204 0.08652164317479613 0.11758578588963457 0.08338221550411508 0.0969363777256398 0.06447320093906657
370 577547.0 0.10920708464444238 0.07420961737840309 175832.81827736023 0.07356061175528825 10923059.898026938 0.12128723696065019 0.08652142097524047 0.11768555862281908 0.083466834401357 0.09701674321125772 0.06452130017409949
380 590276.0 0.10964645142142332 0.08025604342784877 174621.12548520352 0.07368139853640356 11078860.30715525 0.12127743372923465 0.08620175003503729 0.11778012732108985 0.08354431368113203 0.09744911184405515 0.06887976295729202
390 603816.0 0.10969069582598674 0.08031303147578005 175330.546778074 0.07379413266852294 11236831.230972447 0.12127564357505725 0.08617483929537233 0.11786955439262452 0.08361186372473636 0.09752864476957852 0.06895919899131972
400 616739.0 0.1100481451086609 0.08342912975440207 173934.47952824418 0.07381701972062907 11406893.652133385 0.11948402120306799 0.08728424366779128 0.1179279391746954 0.08369232561104775 0.0978243035547302 0.07016885134441729
410 627371.0 0.11031448126333535 0.08357719548233128 173378.5155213933 0.07374256955213655 11594105.14548094 0.1171529427718956 0.08692340810794942 0.11794878488026775 0.08377708637476525 0.09806723764526987 0.07037063126765106
420 642223.0 0.11268012014397864 0.08443802952280789 163042.772323217 0.0737033192201121 11764930.536211705 0.11750480372037776 0.08719022420978631 0.11793155687212675 0.08385308843964905 0.09951583265943716 0.07140647527319535
430 660595.0 0.11268649401832366 0.08447342599835317 163356.59049047937 0.07366585299408875 11935711.430677418 0.11750480372037758 0.08719022420978634 0.117921655406889 0.08393051618373572 0.09948178143886187 0.07148983141399921
440 677322.0 0.11271837760215955 0.08452805069200796 163327.04327839788 0.07363052975000427 12106050.927491514 0.11753688941730851 0.08718662011155194 0.11791226404720381 0.08400441531048267 0.0994702425779635 0.07157996553811717
450 689106.0 0.11290209706490958 0.08454648648081765 167253.04809841607 0.07362409302936171 12274504.918743445 0.11794875702928537 0.08779082952877973 0.11791106545197613 0.08408727092114102 0.09951189862128307 0.07165094133690447
460 700337.0 0.11290868173334191 0.08456813372440522 167272.755241643 0.07360237316174666 12445898.624418003 0.11782123871000659 0.08616526092669366 0.11790911689303547 0.08413234618884533 0.09949143823354231 0.07168740121122844
470 708044.0 0.11291766747517006 0.08456869113695893 167333.62626987524 0.07358155828861558 12617183.676766591 0.11782123871000648 0.08616526092669348 0.11790725111420261 0.0841755078605618 0.09947414192561313 0.07170977162035864
480 719946.0 0.11301778306452072 0.08460608992112711 166954.15048398427 0.0735615930021429 12787946.741740193 0.1178212387100039 0.08616526092669366 0.1179054629145311 0.08421687486817364 0.09951044278217293 0.07174894395246287
490 730222.0 0.1132232512553632 0.08606583249863937 166192.9314460211 0.07354566182406935 12957194.366117334 0.11804329941534285 0.08657985085353982 0.11790445198524903 0.08425866590115867 0.09959511500126048 0.07256218348050253
500 748979.0 0.11828329957624126 0.08770285567789049 145854.49346637056 0.07359760072044294 13091695.581176879 0.1204012284932906 0.08706007237693053 0.11792588937245482 0.08430880630618073 0.10191725722119407 0.07345357410260621
510 760243.0 0.11831442886432818 0.08946116289035308 146215.43439831573 0.07364904049510348 13226754.395482859 0.12040649325812736 0.0875069377385881 0.11797436625665036 0.08436528141274384 0.1019706121745466 0.07448095282280603
520 772821.0 0.11836437227068643 0.08949087140537154 146748.25719794404 0.07369634510070346 13363301.837846722 0.1203906467339952 0.08747286419049231 0.11802077402513873 0.0844249975538394 0.10197305770748935 0.07451872881180269
530 789573.0 0.1200476161321213 0.09432897873179667 140794.27328464438 0.07378504417454886 13484732.047208373 0.1204237758329101 0.08746439151887142 0.11806494210279897 0.08448208927354191 0.10427477582799126 0.07679667589651179
540 811509.0 0.12033858387910272 0.09435385991312911 140076.5439236063 0.07387092127260536 13606011.62477094 0.11961175841858221 0.08680553004116495 0.11810710440801438 0.08453599930616211 0.10445594097554589 0.07685231481333606
550 837111.0 0.12034930493059907 0.09447753604321399 140924.6670592455 0.07394199234045638 13731384.009473035 0.11893274705756733 0.08682955576822143 0.11813071512674878 0.08457731942327865 0.10447592687413366 0.07696816082838008
560 844786.0 0.12039166770052347 0.09451039274792401 141083.1355911438 0.0740105696866284 13857541.581439262 0.11893238644628265 0.08682913748460941 0.11814500581089613 0.08461745952826419 0.10449060804892338 0.07700618596506853
570 861332.0 0.12039606458792386 0.09451070463584298 141103.89307374434 0.07407678229672554 13984288.786613109 0.11893239517009184 0.08682923386341597 0.11815879537525535 0.08465619361771896 0.10450272299970322 0.0770372925747127
580 875932.0 0.12046844332747032 0.0945288089624815 141718.86764027056 0.07414075041156513 14112282.109290246 0.11897664030503714 0.08710909378150573 0.11817273857320625 0.08469748207641292 0.10452765694953381 0.07707599367688299
590 898041.0 0.12136601687193718 0.09847633388912397 142473.606181161 0.0741929813822937 14243543.91761797 0.11874939359869727 0.08764269726717692 0.11818396843045789 0.08474047136032115 0.10499156276198346 0.07906599037008587
600 915032.0 0.12193509066746673 0.09851676180375839 140963.28703138206 0.07424441202439591 14373315.839516781 0.11900130031301542 0.0875928239540225 0.11819500616536986 0.08478842662324422 0.10531329106991505 0.07916426962735129
610 938543.0 0.12556896918345795 0.0991222878359764 129065.11290173244 0.07429175431089739 14490638.115745984 0.11995226372765082 0.08677813539113016 0.11822017694490107 0.08482798244322913 0.10738564390565035 0.07975416327966442
620 948963.0 0.1266209584155766 0.1021559255339507 127024.89166219035 0.07419847347314254 14644728.752908647 0.11883892665635075 0.08710173763172804 0.1182388446858185 0.08486197072733295 0.10804590369415827 0.08079294185277572
630 964302.0 0.13593656252806746 0.10726442347718734 103346.64889928102 0.07430181359267302 14716851.711663349 0.1214672574456505 0.08945527005473287 0.11826478645338889 0.08491760688175697 0.11586288690585352 0.08440150878708029
640 980759.0 0.13609561443595156 0.10760208156566964 103704.28495982446 0.07440197401621794 14790554.701171506 0.12146725744565044 0.08945527005473362 0.11831474699928991 0.0849883972588705 0.11585491826925376 0.08434969655745608
