1 588.0 0.10942301556654767 0.08519416702425435 155455.9140809838 0.10942301556654767 155455.9140809838 0.18286734552325193 0.17809557828500594 0.18286734552325193 0.17809557828500594 0.10942301556654761 0.08519416702425459
10 21096.0 0.11332439355245368 0.08637502985300155 140305.72639220455 0.10936520708918171 295785.75885619264 0.18433077968577088 0.17836054454386063 0.18325982412854083 0.17814369615793169 0.1120358883200939 0.08586915770272532
20 34804.0 0.1140617156450245 0.08648642438792122 139983.69746202152 0.10928715502322504 435804.35992209957 0.18451825714896153 0.17896231115735042 0.1838179476258443 0.17852831467644337 0.1130211718950656 0.08603125543231194
30 46669.0 0.11991170150972899 0.09429962064097396 123057.87349214334 0.1098254845406908 557999.1823082232 0.18285160584200683 0.1837008086204208 0.18359279089821304 0.17954391844668838 0.11713630141495426 0.09204359413032132
40 66803.0 0.12006056936963025 0.09435927430188303 122833.60728545429 0.11009801615480161 680387.0749898185 0.18381049743084166 0.18334059647499623 0.18354361359678592 0.18050535119645536 0.11744447855010938 0.0922933211231899
50 84552.0 0.12249776197175793 0.0978264722528014 116993.97742471099 0.11069434192298437 796160.7865624749 0.18373729705532352 0.18484280291954996 0.18354703668896724 0.18124095482499517 0.11928784022343386 0.09481724409729075
60 97683.0 0.12359339042985758 0.09807119768792509 114570.33557569058 0.11109011175040602 909762.7495079918 0.18387756042275508 0.18485504841509345 0.1835968230196973 0.1818321615521935 0.12040590928089269 0.0951238361651623
70 114203.0 0.12369086506991085 0.09820803366579335 114370.72200434135 0.11138326823809053 1023411.6355448699 0.18386576605401309 0.18291750237066937 0.18363470864961645 0.18201223554500331 0.12059814907577078 0.09517747563488563
80 131788.0 0.12381705570537406 0.09822245846356481 115293.81979779768 0.11161035770470017 1138196.6741105237 0.18378140779241903 0.18311440181411026 0.1836553177491729 0.18214818037462144 0.1207458065482248 0.0951783050967442
90 141153.0 0.12558593193930168 0.09838706557339762 112117.46160076557 0.111668681251301 1250121.7748510893 0.18439056098219664 0.18323474484423735 0.1837027658136987 0.18226095158477554 0.12163579747989725 0.09524584450718807
100 157963.0 0.1258124828122889 0.0986055801085146 111808.83410098615 0.11171550402405227 1361772.4936394389 0.1843552534637724 0.1832395876584674 0.18376771831033425 0.1823577460786556 0.12179298356599723 0.09532176106782092
110 169612.0 0.12970702469580883 0.09922514928937265 103564.81805935375 0.11205492328036688 1463710.4817371387 0.1843254820701886 0.18298802767540073 0.18381956276207512 0.18242318170136707 0.12567127264170383 0.0959134399143209
120 184681.0 0.13062550875459494 0.09952793054501302 101891.20127186556 0.11235256934940059 1564038.5088819435 0.18436316515311685 0.18309562186514292 0.18386169619608092 0.18247514396766357 0.1263694358185451 0.09612961823391467
130 195423.0 0.13108422409596082 0.09958080976097804 101190.45011894267 0.11261188091919083 1663820.1119453588 0.1843868265333709 0.1832416041921466 0.1838956963787495 0.18252799388131843 0.1265855449057765 0.09612256161524814
140 211162.0 0.13167925676832382 0.09973089438053907 99922.75500853361 0.11283679008761022 1762422.4790252456 0.1880374702200404 0.18454306168164503 0.18395692381647244 0.18259063103321382 0.12690735860541627 0.09618092562535979
150 234861.0 0.1317644989060415 0.09973130948569596 103513.34626885026 0.11284442111384033 1865894.0639270255 0.18869447865045225 0.18304584983436523 0.18424870136499366 0.18268901213589317 0.1269264875405576 0.09617384120224724
160 245400.0 0.1320261245827026 0.09979885529391139 103168.01361356505 0.11265364908636914 1970380.63204436 0.187950794624683 0.1823588692928438 0.18449087611457143 0.1826767133284253 0.12705364420365972 0.09619836992832612
170 268406.0 0.13343676906490706 0.1003145576869882 101555.69613544334 0.11240657516430412 2073968.0234843874 0.18542345691225892 0.18216897611798186 0.1846223890268893 0.18265483793795556 0.12741771878908956 0.09637908515680865
180 283929.0 0.13467737810111532 0.10091209327129419 99489.55711839144 0.1122311752688805 2175015.974161375 0.18561082304926554 0.1823317678844203 0.18466632506556124 0.18263126253627593 0.12798532042496313 0.09671210122220399
190 298328.0 0.1346914538526382 0.11320469360625117 101912.19269238462 0.1120331182999432 2278533.3451970825 0.1884615045930781 0.18413469318517156 0.18476145851339307 0.18269909303834714 0.12792006932675826 0.10448405424724545
200 312324.0 0.13730729489166418 0.1163835351443982 97139.59544613851 0.11164578805509262 2380555.9022757323 0.18980269303851297 0.18409499333714394 0.18497365111228242 0.18272643093542998 0.12866663579328227 0.10546267016740016
210 328692.0 0.13743963602891401 0.11640647249429524 99796.9530763813 0.11125844883799271 2484907.7369925207 0.18915928730909765 0.18437314521576664 0.1851752685653139 0.182803249717599 0.12855787487990097 0.10554201194045498
220 355917.0 0.14797586365199222 0.12021955889963534 79994.96281462 0.11058921216659934 2582206.346751311 0.1884568990797825 0.18444522613469555 0.18531697951149717 0.1828710808808554 0.13392420873909533 0.10627727810254445
230 366213.0 0.14821759361017775 0.12031146565778955 80069.98111650477 0.10997522347345146 2678528.836795774 0.1889333829641324 0.1890901486008863 0.18546544739902512 0.1829613330299151 0.1339649269266003 0.10632579021004916
240 385859.0 0.14962474215891056 0.1274990622620086 78841.95151724966 0.10942048745052238 2772724.3242385257 0.1888900280176111 0.18945945028261296 0.1856069965463774 0.18322071771152454 0.13456774923487913 0.10970743635092667
250 401114.0 0.15130069124423304 0.12844554656986445 79349.40519382613 0.10884686152994028 2868536.194382243 0.18924284407631797 0.19004497136239507 0.1857434106782088 0.18347632339228528 0.13526223335596135 0.11024840509811011
260 413318.0 0.15190581388000748 0.1298652878435227 78758.53070630875 0.10832305033199985 2962801.9574329294 0.189327920866124 0.1903439378558739 0.18587928811359805 0.18373602230311237 0.13538779409437132 0.11104055144929681
270 424635.0 0.15252278075142944 0.1303316723625641 78333.98579434128 0.10783669873888808 3055959.8227680335 0.1889213823879169 0.19027695197086422 0.1860048178892579 0.1839795291261716 0.1355748655752808 0.11135604137589425
280 444559.0 0.15525343355369498 0.13182743485588547 74539.04173460248 0.10744656804042232 3143268.1320618256 0.1902192162427894 0.19071226763860466 0.18613237789353604 0.18420830934744015 0.13802563020820827 0.11280215789079116
290 456326.0 0.15540594262086788 0.1363744492546775 75905.12327956493 0.10681526162501591 3242238.8861460774 0.18473887447386259 0.19733342181296895 0.18623083056033915 0.18462201881551793 0.13805056200505225 0.11391886018338751
300 470155.0 0.15637460075494766 0.1372805128398151 76202.38404319165 0.10620791087279721 3341232.295538159 0.18273851110959582 0.19764659965900302 0.1861157892867664 0.18504965865943643 0.13844393779765315 0.11421940078722526
310 486767.0 0.15720523445885487 0.13781515782489284 75708.71483776059 0.10564349356146033 3438788.9755221475 0.1824987489650006 0.1972462752209174 0.1860031326280828 0.18544934817748532 0.13858774916344657 0.11457322471930292
320 506760.0 0.1598239992905802 0.1380598392564034 72152.74012386281 0.10512364225862281 3532841.8909762073 0.18324956591046646 0.19619548523609334 0.18590334425353586 0.18580379486405638 0.13938983864688784 0.11484137390376788
330 518015.0 0.16155469977892764 0.1386909330833797 70222.95452846934 0.10464735123996899 3624161.450399104 0.18109047465341996 0.19539839029343317 0.18578593000887497 0.18610515785113638 0.14024740785464623 0.1153743677592763
340 526105.0 0.1629755263505546 0.1488630685909528 68602.6129324123 0.10432062738662419 3707107.522404763 0.18263213954330557 0.19569870103482043 0.1856608039767312 0.18638454513048466 0.14135112458290477 0.12238872857788476
350 537050.0 0.1636573478181924 0.1519343290309597 67824.34245952894 0.10382910131376041 3799128.2531273165 0.17834102935788518 0.19514199029660248 0.1854550836476849 0.18662805138114955 0.14159288934080502 0.125288126460315
360 552077.0 0.16381337118118006 0.15206748861060512 67718.04410443273 0.10336633653844364 3890098.3380683884 0.1783879934045776 0.19515039414097213 0.18525929230751126 0.18686402376509753 0.14146474180948804 0.12554377861605753
370 562920.0 0.16725526735981205 0.1553826299170611 66285.17560263108 0.10303331016082463 3972999.4352314183 0.1790380332310776 0.1962838718551598 0.18506920863509818 0.18709345008543923 0.14403047102395303 0.12828841493998158
380 575551.0 0.17874441363988702 0.1561062132857542 54798.630034047936 0.10272822149797342 4046582.0470707077 0.17809237898621327 0.19602973394804846 0.18489784296051065 0.18733184863784735 0.15003540328088152 0.12864565942072564
390 598700.0 0.1799233971232342 0.15616406977964675 54258.01319840366 0.10246564424608484 4117177.0659583546 0.17691227014267974 0.19584017919390806 0.18471945101104073 0.18755390119411258 0.15056234401255372 0.128779799838461
400 607447.0 0.18743917330058402 0.1584044864714246 49046.38132004943 0.10225105903194141 4180721.8920858526 0.17882752887190181 0.19272820183148165 0.1845541361192337 0.18770002038618533 0.15496779669909755 0.13034852005759956
410 618539.0 0.18852808252108882 0.15911906290437675 48316.592851913396 0.1021143674528279 4238241.346654784 0.1788391908862871 0.1927488459179654 0.18441512694128256 0.187822653410636 0.15542560249312523 0.13073388078225487
420 627732.0 0.1891496081535601 0.16070565406479745 48155.264857680806 0.1019834328800762 4295284.871252942 0.17890036036815968 0.192783756230143 0.18428294032122697 0.18794005036892558 0.15531419033236885 0.13051285856436862
430 642961.0 0.1944838563157013 0.16311747940188284 44365.562325263425 0.10192957842963596 4343474.150642152 0.18165314047244213 0.19461543575074436 0.18418995948903094 0.1880725220318183 0.15611984430881828 0.13124898673938726
440 658753.0 0.19874307488734144 0.17427099129558704 41995.39755113123 0.10183753382234352 4392384.346410269 0.18110481903987008 0.19731029451598117 0.1841351718588926 0.1882460459704159 0.15837040913745287 0.13940086025284487
450 678653.0 0.19933244424502683 0.17468427938702757 41806.50044792047 0.10175140665780344 4440700.441980876 0.18010224151743628 0.19844813706884776 0.18406512531620947 0.18844980864067246 0.1586127929201527 0.13986502210700374
460 693241.0 0.200100140755588 0.17627262950347983 42169.225651416324 0.10159110235638552 4495280.519962854 0.18009105420059154 0.19844468586199746 0.1839791094008365 0.18866667714755173 0.15855361886920086 0.1404634791326052
470 703581.0 0.20031994286079513 0.17628939045547956 42434.012845611236 0.10142656789752282 4550525.884371031 0.18024562393033133 0.1985649586105348 0.1838972065634623 0.1888747354739491 0.1585056019857262 0.14064837579393955
480 720140.0 0.2048720914059332 0.1768024402494185 39923.804821342404 0.10126656363816225 4603524.310994004 0.18111943757523555 0.19857958249818464 0.18382807689740446 0.1890763472414718 0.16103876009570275 0.14097568939586214
490 736332.0 0.20861901608231131 0.1803664291750391 38154.91557927421 0.10119909736922496 4647226.367446906 0.1824512508891701 0.1982348535498224 0.18378667682717098 0.18927362127606337 0.16227566935604817 0.14313892610714657
500 745027.0 0.22830735248018136 0.183907994568371 29396.651925704962 0.10142218707172371 4656973.550555604 0.18968499439275952 0.1965348460586567 0.1838171073031652 0.18944831634761924 0.16929934632172736 0.14379260381570233
510 766000.0 0.22914533427011988 0.18394180963728998 29088.703149380795 0.10167982548925057 4663709.612543718 0.18853871755540588 0.19644596738124612 0.18392592992594745 0.18958633757873194 0.16974188608567453 0.14392637064590166
520 789603.0 0.23147070730571287 0.18807840125551092 28373.687326600077 0.10184216207792843 4677583.749967298 0.19011775396390315 0.19744094546740043 0.18403538220596233 0.1897336447405697 0.17080174266151485 0.14629141229274037
530 805467.0 0.23170058271960417 0.1964489710418272 28348.141209785143 0.1020016194088605 4691782.960699819 0.19063470250275627 0.20034321240558672 0.18415674107006968 0.18991702923527282 0.17099142311351898 0.15016856704907994
540 817983.0 0.2352613743495533 0.19838959508930468 27170.251708352636 0.10220713097239592 4700690.025827271 0.19304186072611393 0.20039929227961253 0.18431169480206921 0.19011048068943434 0.172256514386383 0.15049946786922147
550 829400.0 0.2359696459929823 0.19854671813591296 27012.913197941893 0.10230077453573735 4719162.396766526 0.19069010895038008 0.20025620442834935 0.18443017894851882 0.1902949427864369 0.17239835087476055 0.15067791812768236
560 838939.0 0.23777604160674234 0.2052818584696564 26540.47387381998 0.10240643467074276 4736057.93279374 0.18514292656134576 0.19989161681843937 0.18446126309420702 0.1904682383891355 0.17392174073701824 0.15698467310514905
570 848197.0 0.23965722726547514 0.20567525651930577 26073.93188296354 0.10252092053060675 4751667.974560532 0.1861774587241516 0.20105651357324772 0.18448379576679425 0.19063095753022077 0.17411118472092563 0.15714406823324595
580 861316.0 0.2402076052305667 0.2074000763198595 25983.853922887163 0.10263528816931253 4767237.44424964 0.18624811232101784 0.20093164794686957 0.18451363660629166 0.19081015001835275 0.17423676719429465 0.15776169959997519
590 882440.0 0.242854556129188 0.21289271060549414 25274.641770387334 0.10270323739594202 4786184.101463263 0.18630394292251484 0.20186097965514566 0.18454808318846014 0.19099748812263465 0.17489687388824984 0.16152415299626627
600 899205.0 0.24304060147509887 0.21344557492298655 25279.882536954527 0.10276844517236648 4805406.662334779 0.18617229716079586 0.20257535513028954 0.1845771441966706 0.1911789585761827 0.17498994088492728 0.1619427850102876
610 917288.0 0.24750790079947443 0.2416069907115759 23999.742186668605 0.10277623798092254 4828654.220228742 0.18170966856545728 0.20747292549550855 0.18456416157052447 0.19145421042610833 0.17764725647970903 0.17429167221565606
620 932986.0 0.24838199778238684 0.24195226387823646 24062.92098128872 0.1027595870437212 4854333.140440702 0.18242873484789837 0.20564434619481453 0.18452222471131258 0.19170316524310516 0.1777669556150976 0.1746954277616531
630 945306.0 0.25383027948643866 0.2473258884498729 22654.748157041297 0.10276760871790738 4876193.74725737 0.18281622486728694 0.20672802887153222 0.1844945003566793 0.19193955030125653 0.17898292496298684 0.17857522244542876
640 953237.0 0.25544647817208055 0.25432194610279146 22332.433964400017 0.10276647476533947 4898639.367032422 0.1832131680760812 0.20920592975374577 0.1844705120673985 0.1921893582580134 0.17983996894156412 0.18184371926757043
650 964000.0 0.25674895839331197 0.2581724823151886 22245.06653495895 0.10272905797464746 4924663.754603741 0.18324952290340404 0.209713650620177 0.18445141332457016 0.19245487500841238 0.1799429723369958 0.18337360493533103
660 979711.0 0.2585370394843046 0.26761307121993344 21972.615746751653 0.10250347954657218 4970746.896239306 0.18416914632891276 0.21525346323412387 0.1844335998722783 0.19275087893297316 0.1807988365991914 0.1869673862367944
670 996079.0 0.2628562626846102 0.2739578063376921 21057.657389226933 0.10225005887337274 5019750.537339741 0.18123347048322225 0.21058284343629904 0.18440374543422633 0.19303109418276884 0.18228997216611034 0.18812014418968523
