1 199.0 0.04585920903759996 0.07520261578300337 1969556.8122984972 0.04585920903759996 1969556.8122984972 0.09157773632343826 0.12483032764558889 0.09157773632343826 0.12483032764558889 0.045859209037599935 0.07520261578300326
10 13910.0 0.04587208993614889 0.07521867196739726 2029421.4566266527 0.0453891658403662 3998394.614961944 0.09118569572769906 0.12441923653657094 0.09139953468162947 0.12464336680294345 0.045739479644009005 0.0752052468811386
20 29524.0 0.045898033978910124 0.07538871756847286 2055789.7921347918 0.044755447695595335 6056634.390279461 0.09183675835415965 0.12464647337682376 0.09138961450043928 0.12458745423117493 0.0456097153191618 0.07524065850082719
30 44108.0 0.045900519662967175 0.07541710880253329 2081451.7755197294 0.04439433698707502 8138360.628357814 0.09180107685946816 0.12443210205253 0.0915281111812894 0.12457176231301173 0.045509202810201245 0.07516203268347196
40 58132.0 0.0500384239656232 0.07581041357106039 1610418.3157026335 0.04477617765548121 9712896.415085979 0.09252394482853134 0.12444547858805793 0.0917181181824806 0.12454004404599159 0.04817993984242419 0.0752477511382148
50 77292.0 0.055467527275956 0.07683050963630174 1210868.9256509626 0.04560287645888581 10765315.006896453 0.09277577453687953 0.1247773885431161 0.09190120357692594 0.12456187528002204 0.05268082901756625 0.07594814749805844
60 88743.0 0.057544976712229315 0.07985926419513054 1089895.0634897875 0.04580797873851398 11801622.428990033 0.09513332824995184 0.12585085643635088 0.09213447228613335 0.12464582193420076 0.054755471957291975 0.07834828459255068
70 98191.0 0.05827284799065124 0.07986517335369102 1062541.4773532483 0.04598613022438828 12816478.375123274 0.09529058691881762 0.12584324135552666 0.09257673052314248 0.12481457574749269 0.055176616037290134 0.07829767169604666
80 113250.0 0.06432150753805738 0.08019492262236973 790100.829124861 0.04679115416554211 13330083.645839054 0.09527792954988305 0.12303552427214834 0.09291167292781069 0.12479679016544694 0.0597552286500056 0.07835756513308992
90 126695.0 0.06433423465987502 0.08021922695193587 798289.5552200176 0.047337088312599605 13948121.343534602 0.09496364885880608 0.12319467892705888 0.09313715552613035 0.12462073360603029 0.059845522987424814 0.0782863689151682
100 141759.0 0.06675574587622032 0.08145910343995938 720140.4277694406 0.04770806108222396 14527167.82413092 0.09428916645348936 0.12362993038271114 0.09330613594009782 0.12450805416388315 0.062152952667491254 0.07922330665296337
110 161280.0 0.06681423956179108 0.08163536349924377 720863.2920592247 0.04801720505691092 15133805.953189898 0.09429341978616929 0.12365976298881072 0.09339487538820035 0.12443028729411858 0.0621889812703655 0.07926174289129716
120 179946.0 0.06758797428458363 0.08443015317651843 697106.1794032011 0.048279192649219906 15731388.167547602 0.09515435729907995 0.12519348799288108 0.09353320384481857 0.12448055298415654 0.06264432361982362 0.08109262466279304
130 194925.0 0.06856981744596347 0.08444846204578862 693568.2664101025 0.04841351324791316 16372338.231990267 0.09221125447478942 0.12382870928216408 0.09355871232643764 0.12449064615546276 0.06327337230705399 0.08111430610267409
140 215719.0 0.06865210979835845 0.0844904287429255 700970.836127511 0.04852690323435054 17030020.34879516 0.09222110229762448 0.1235470183915765 0.0934641230485046 0.12442589485433828 0.06324348702546669 0.08109889815282077
150 225419.0 0.0686674839612449 0.0844979382925947 705158.989333828 0.048626119472483256 17698022.02175102 0.09222110481894222 0.12354717931550559 0.0933818038602693 0.12436769537796805 0.06320282252225304 0.08105277815961352
160 238451.0 0.0686836789355817 0.08451578307074596 723910.4893764347 0.0487136442718898 18391063.18085004 0.09222123657635892 0.123268534153911 0.09330971320721959 0.12431153950151153 0.06317221750463395 0.08101843689038073
170 262598.0 0.06984197772690054 0.08537739822947522 692565.3117250793 0.048854116658846064 19032217.112549324 0.09221236710662079 0.12280434009512707 0.09324595586658752 0.12424511586646142 0.06424335038617376 0.08179655118807372
180 284418.0 0.07482877343428923 0.08548485971650964 563729.2910297436 0.04919536974393891 19441633.630666427 0.09347636807505712 0.12274174293720705 0.09323183615547236 0.12416538355965481 0.06754364503661493 0.08182618052054715
190 292291.0 0.07589617121999633 0.08613261472016771 543849.0048110983 0.04950911864076389 19839632.326197274 0.09401855156676837 0.12303089797774364 0.09325031618782445 0.12409387520288304 0.06806528664972014 0.08235005923865238
200 306325.0 0.07677253608589196 0.08885329099837755 525826.2018591401 0.0498273427856861 20216456.805501077 0.09407302774428182 0.12230336335978796 0.0932872437144871 0.1240153721541024 0.06863383377501078 0.08381045883526707
210 317587.0 0.07749628884584084 0.0897059799418031 512743.90871446516 0.05012415130911915 20588598.309446584 0.09369797659049026 0.12246263007508905 0.09331036733692236 0.12393582618206758 0.06902334167593353 0.0842508557292089
220 338550.0 0.07790871404435866 0.09022981726980378 505930.6156149962 0.05039622218041534 20965734.35134119 0.09371868708878983 0.12247978497306171 0.09332816585065848 0.1238697789563564 0.06927181220698006 0.08452209060593756
230 351239.0 0.07951379709859407 0.0940757357624539 482126.8100303696 0.05067953884414689 21309472.41131194 0.09439279888852027 0.1235418133313678 0.09335370050966327 0.12382282235531031 0.07017079809142132 0.08658038662138509
240 369702.0 0.07952896928914338 0.09413427706432959 483752.7887501485 0.050776359053239586 21741243.678783417 0.09703151401511607 0.12475903095140417 0.09344249638401765 0.1238322773445319 0.07023042297075374 0.08665433953582237
250 383570.0 0.08124494821612435 0.0949331386295527 453895.8984688091 0.051083933854350026 22042510.019531872 0.09703072772696018 0.12475745815941007 0.09358544861355406 0.12386912794422146 0.07156751423275268 0.08715009884275429
260 400364.0 0.08436293524486603 0.09749842923758849 406145.0997327088 0.051448860149803245 22252035.308477994 0.097827433852364 0.12540553036776772 0.09373580523380291 0.12391808983471049 0.07350564667081787 0.08865694014411404
270 413100.0 0.0845422272089877 0.09771188752984854 403740.34247526486 0.051787720281295524 22476225.363569327 0.09782759963494764 0.1254056720781832 0.09388678967488538 0.12397297850800122 0.07370664626279191 0.08878602021532281
280 423123.0 0.08462829314600995 0.09779939728340124 409262.9150459526 0.05207292484070254 22737204.373942606 0.09841669982423328 0.1345222816745247 0.09402860076459887 0.12405486407179864 0.07386144242388892 0.08890387048034672
290 456374.0 0.08690700706438662 0.116657123135141 383889.2540596028 0.0523482555483443 22968435.917355265 0.09885244665608686 0.13732363412837448 0.09418927181541999 0.12447056423396992 0.0757486658250687 0.09836585120970105
300 472854.0 0.08695770309642636 0.11675917503401585 383506.1888510074 0.052605822984525284 23211627.38445538 0.09885244665608611 0.1373236341283749 0.09434419456760157 0.12489757652282046 0.07589334362917141 0.098706903910879
310 481702.0 0.08703507611940679 0.11679073952021411 383837.56429184246 0.05284729245594499 23466391.42659016 0.09890786689794755 0.13754801562917648 0.09448962899929891 0.12529926895848095 0.07604057534790862 0.09900539909315034
320 493691.0 0.08975097946699728 0.12259095916953026 350522.3789076135 0.05301023440490862 23715465.653592262 0.09817089604254538 0.141616723852436 0.09460925478729612 0.12576937057285037 0.07698433155782462 0.10144774025881491
330 508187.0 0.08979107350162639 0.12321279962180362 351172.6259272243 0.053148652317779724 23980674.794255946 0.09762225737267721 0.14109562505753653 0.09471480780631987 0.1262459986840423 0.07710490219604213 0.10243972897999608
340 524911.0 0.09356935441999184 0.12409456020801717 316503.0692274616 0.05338881038355579 24144033.509943526 0.0978124512423215 0.14110985885427857 0.09480522601527351 0.12668190666306653 0.08048971379777645 0.10310881758236556
350 541243.0 0.09755434472075863 0.13052332152978857 279344.57771033136 0.05363276133741454 24251724.908445805 0.09821776101346445 0.1413543915535448 0.09490026512597585 0.1270984889517349 0.08216517003591103 0.1045876960253233
360 554508.0 0.09769496881908632 0.13529154711671437 279367.7416017119 0.053863525753226865 24371448.262441617 0.09829896666503027 0.1424738454911197 0.09499371969896239 0.12751507888836408 0.08241397616243526 0.10806931458315001
370 563917.0 0.0978502381380972 0.13767817394656973 278388.77144264604 0.05408463787413032 24499023.989054453 0.09681796178073332 0.14227100266269027 0.09505087449838644 0.12791390617515683 0.08254177979001728 0.11015504366076656
380 573127.0 0.09969391472516943 0.13770286350659172 267103.6471479436 0.054284588921684 24625463.693317696 0.09860577976449486 0.14170567702029835 0.09513994123659184 0.1282791960057246 0.08323920968196767 0.11046450529514323
390 601367.0 0.0999149210824734 0.13780420926848333 267979.85868443514 0.05444429993901403 24780665.95657816 0.09878859770742608 0.14403310331459576 0.0952268232426945 0.12863017759613665 0.08340676921735445 0.11080431307159183
400 614226.0 0.10000060453649551 0.1403407920608605 268073.4717137566 0.05459697761585443 24942205.354577385 0.10098987852200797 0.14497650346026802 0.09536505085361358 0.12903546402630015 0.0834369990820955 0.11231035945874641
410 628391.0 0.10007724952563525 0.1404132182937478 268787.5446539359 0.054742384927131 25110854.96932596 0.10023498926023126 0.1438207243985763 0.0954975288222997 0.12941573607192697 0.08353988055307156 0.11269890436085513
420 634494.0 0.10128129839159415 0.1445411783963407 263811.2231354887 0.05486302886114226 25289753.82503855 0.10019579679277327 0.14430965225663864 0.0956115185199174 0.12976352748730974 0.08400705496931198 0.11500256550362778
430 652508.0 0.10137532476844653 0.14467926133459114 264723.0226706963 0.054978166299409444 25474381.461333275 0.10017442424301193 0.1444260440343376 0.0957175141807895 0.13010290309950628 0.08413802552585967 0.11540464674022309
440 662209.0 0.10146326009448975 0.14479244792529528 264298.7773043657 0.055088186518198086 25662628.82800874 0.10015226966364064 0.14442334198218107 0.09581837893672067 0.13042768320752102 0.08428881111027078 0.11574981234966043
450 674404.0 0.10177517362769072 0.14499495018219027 262175.6991810078 0.05518283130585353 25858760.578216806 0.09977764923042048 0.14442217055759662 0.09590616474706254 0.1307379259936265 0.08463108644162476 0.11617136648860985
460 682564.0 0.10302069802016567 0.14862531343949323 256694.390372382 0.0552326091394539 26079028.04791362 0.09941831776356233 0.14365382417327774 0.0959821706904653 0.13102606022335977 0.08514238904031043 0.11801677880464123
470 695778.0 0.10322101685633768 0.15115134011538692 260556.59818615494 0.05524126575130439 26333155.980672248 0.09842983118406762 0.14465152657350416 0.09603833539979659 0.1313111117280328 0.08520587935915373 0.11893252929825125
480 716100.0 0.1086376502482493 0.15290906856564584 225370.85820116234 0.05529385376702823 26515947.499829054 0.10028991747746482 0.1449897608209979 0.09610746752665301 0.1315930533810616 0.08786516844575949 0.12058703149175139
490 723688.0 0.11152172354825181 0.15303273196395303 209610.92818372656 0.05539059055885716 26645756.036348514 0.09891415621318986 0.14091155980268547 0.0961813018184535 0.13180872907550523 0.08907307604761329 0.12099839235404336
500 733732.0 0.11203321885541197 0.15336480946884518 207939.52465223917 0.05542890443547951 26820940.081072766 0.09855568121985205 0.14074325322292394 0.09623028421365128 0.13198744510300556 0.08936164736668895 0.12131508358303646
510 744541.0 0.11229728501041643 0.15388217671791288 206608.9874181915 0.055464111079037474 26997364.96693297 0.09855865238365441 0.14084838972438984 0.09627583365023655 0.13216021823525181 0.08945939748999883 0.12162516349607799
520 763361.0 0.1125636974201856 0.15616446996457892 205875.62159321428 0.05551136932669698 27163097.13251687 0.09864646929933298 0.1418901767169438 0.09632098518665107 0.13234297459847943 0.08974476824678349 0.12250418983112231
530 783041.0 0.11330824742416618 0.15735391832584805 202594.9310292921 0.05555687726888761 27326719.09743466 0.09882488205006348 0.142022420176823 0.09636814326621722 0.13252526669019593 0.08995961679582713 0.12281524119873484
540 812120.0 0.11337021121775669 0.157433054717231 202502.70167071983 0.055600730376816766 27491773.05821163 0.09882488205006253 0.14202242017682462 0.09641355433431045 0.1327008148137936 0.09000376398180186 0.12300997259206778
550 825653.0 0.11341741411485919 0.15747419023558484 202345.20946507776 0.055643017302319873 27658096.873844404 0.0988248820500636 0.1420224201768251 0.09645731708777233 0.13286999095468352 0.09002543595122857 0.12315257345341822
560 835911.0 0.11356785155895016 0.15782303878280643 201612.39229761646 0.05568492866996981 27824047.616133016 0.09889483123986414 0.1423885951733383 0.0965008372527978 0.1330396930681218 0.09006865063034275 0.12332472159681852
570 850386.0 0.1162565256634837 0.15817141798947712 189107.08218348632 0.055725377612102216 27977227.97490234 0.1007875761697879 0.1391025178067227 0.09655602254061085 0.13318040005406628 0.09096033469698515 0.12352183141312943
580 866310.0 0.11647263361440877 0.1582889425587452 188131.2302492094 0.05576477252705503 28130351.211936794 0.10054910534073841 0.13896647152731464 0.09662598164644291 0.13328069067983336 0.09112951607242167 0.12368961665175066
590 875969.0 0.11718884957262424 0.16731661864166875 185055.97573871215 0.05580347547569662 28280733.636053685 0.10059600209529926 0.14166146723742723 0.09669291803404849 0.133408817192945 0.0915626213556713 0.12926663178831663
600 891358.0 0.11725927558231952 0.16749615501913623 185112.6729895116 0.055823114087485755 28448062.910126485 0.10010845393379941 0.1418497174301668 0.09675461602816515 0.13354738519627682 0.09160354581583466 0.12933826230984485
610 904472.0 0.117350189585184 0.1675451140461911 185246.7228809856 0.055758007961470145 28695925.74987441 0.09886216937397137 0.14142107535423784 0.09680125485121448 0.13368045606610807 0.0916456903921466 0.1294279701315502
620 916048.0 0.12048410489487421 0.16765142624253854 172550.75370628506 0.05574498768419668 28881139.07179198 0.09902317632679226 0.14110920544665756 0.09684379474450343 0.1337981456434957 0.09319079069109537 0.12967661274381184
630 936538.0 0.1208899859643061 0.17325876863382583 171241.32102958128 0.05570122610622429 29096096.33213946 0.09960332514087526 0.14632526950126334 0.09688679109435258 0.13397350167286234 0.09324668505536271 0.1316353077476232
640 946410.0 0.1210584527819954 0.17409896825929022 172102.15905505186 0.05563937166552063 29330839.90242999 0.09942324988180186 0.14660508304924294 0.09692636143425039 0.13417056222475587 0.09332154967555871 0.13230715342370625
650 962057.0 0.1217773976486831 0.1756545969851921 169248.7277355304 0.05555568924310865 29587367.46137746 0.10141485173367208 0.14413763501338858 0.09695877796227056 0.1343280327193788 0.09366451342174158 0.13294802937265204
660 971112.0 0.13154152518795054 0.17880423651966948 134587.00115704094 0.0554992538469018 29786660.118057992 0.10123231709417425 0.14411477542692472 0.09702398289509663 0.13447616153367295 0.09687172148933582 0.13441788681354713
670 990581.0 0.1315717969035615 0.17884208053592757 134849.47193726458 0.05544636820059263 29982282.580012117 0.10121260483615752 0.14406184190184185 0.0970864362594879 0.13461909726226207 0.0969332621151169 0.13457317351989107
