1 1968.0 0.06236467961056812 0.08452608026553911 645841.8604393932 0.06236467961056812 645841.8604393932 0.07840716355178272 0.10681775905592168 0.07840716355178272 0.10681775905592168 0.06236467961056734 0.08452608026553862
10 29342.0 0.0626560138572294 0.08455846422006162 637879.2635602525 0.062466352755351034 1283692.5042513118 0.0784685637043349 0.10681382548115803 0.07844116577945398 0.10681593537557194 0.06257355800800299 0.08454589873459192
20 36035.0 0.06265923381300932 0.08462385379426778 640184.0249601025 0.061377212684752575 1927613.8026074653 0.0783761707441274 0.10680470533710201 0.07842781344972809 0.1068122863467112 0.06256698210430837 0.0845757025750472
30 55778.0 0.06271818638930995 0.08463138966867069 638692.500402074 0.060832642649453345 2568424.2445336785 0.07837327468039831 0.10680438096821558 0.07841026797665895 0.10680974622350535 0.06257400318927618 0.08457715548797669
40 76320.0 0.06276164999567396 0.08480670868861927 637684.1931815052 0.06051406448897122 3207428.491375903 0.07838088483093845 0.10678882845495145 0.0784031013557522 0.10680464432873363 0.06259936955646297 0.08472081812693552
50 85890.0 0.06293020003197088 0.08491969484021449 633842.1665572944 0.06030146118861609 3842370.3941655857 0.07837687673302961 0.10678452732247645 0.0783986345606265 0.10680143128829507 0.06267275876116521 0.0847801981392111
60 101250.0 0.06312423041785148 0.0852223092577189 628250.2969736769 0.06014960168836242 4471666.896382912 0.07837687336783347 0.10678452728887883 0.07839506726230637 0.10679866014193229 0.06276011568505956 0.08492626628848429
70 110899.0 0.06437921464743301 0.08619707952397115 592610.7648196407 0.06018748204277706 5063709.242840245 0.07863406497894457 0.10696538450579052 0.0784250733463478 0.10681950183826258 0.0638053838286566 0.08572160670170728
80 141683.0 0.06439358750215718 0.0862761098409538 592478.9238539814 0.06021694454065512 5655745.493940892 0.0786346803603579 0.10696777804951464 0.07845092036627871 0.10683768934366643 0.0638331298891007 0.08577876547126546
90 172883.0 0.06442753159069327 0.08627790765719844 593256.9984274561 0.06024051453895757 6248657.255465906 0.07863557695448067 0.1069684051413538 0.07847112362490412 0.10685199169696674 0.06386550261272099 0.08579395524611738
100 198167.0 0.06457289207149232 0.08642086985308467 591179.3874898296 0.06025979908302321 6839534.731670227 0.07864134791927603 0.10698003946872872 0.0784876659568735 0.10686411623123031 0.06393193014693942 0.08586633001471161
110 222498.0 0.0645875260971863 0.08642659554270243 592744.7798633768 0.06027586953641124 7432042.035899811 0.07862291898806344 0.10697065959603477 0.07850034900673533 0.10687399146390819 0.06395040643765158 0.08587923062991529
120 239431.0 0.06463497504788845 0.0864500027811951 591937.2341553145 0.06028946761235496 8023771.994825278 0.07862279901112688 0.10697019294255959 0.07851047379953563 0.10688196128253537 0.06398310678544543 0.08589915060042476
130 268777.0 0.06473837917160015 0.0865055383815022 589672.234565662 0.060301123106021 8613249.689365068 0.0786229697428931 0.10697027153156105 0.07851905606294433 0.10688870012325472 0.06404030706119661 0.08593291931237582
140 292357.0 0.06475098421059666 0.08651657109240164 589497.6319403013 0.060311224533864914 9202577.618567133 0.07862296974290035 0.10697027153153586 0.07852642582748097 0.10689448532951765 0.06405105808424152 0.08594261910014271
150 316761.0 0.06475621416731434 0.08653860703853955 589790.3394761705 0.06032006328322831 9792221.497812064 0.07862296974290586 0.10697027153156262 0.07853281946426406 0.10689950428329507 0.06405994257867705 0.08595877151678631
160 333824.0 0.0647818979319159 0.08659638108806815 591433.5185169171 0.06032786217972544 10383536.093324265 0.07862334476589344 0.10697173019423464 0.0785384398244709 0.10690398130470338 0.06407706524596998 0.0859904133938065
170 349639.0 0.0648242894170738 0.0866417094278499 590544.9826054946 0.06033479453216733 10973970.230610926 0.07862327608838243 0.10696985017720209 0.0785433994009156 0.10690794766883677 0.0641030382017983 0.08601749939818205
180 369876.0 0.06483672007033492 0.08672696088354986 591564.7009609309 0.06034099716329955 11565441.475524027 0.0786232782273351 0.10696988134306755 0.07854781253665812 0.10691136855785872 0.06411364141711291 0.08606272461119406
190 385769.0 0.06485464085621973 0.08676608074054971 591181.4332864557 0.06034657953131854 12156536.817507625 0.0786235187033501 0.10696990560605396 0.0785517699151233 0.10691443268962077 0.06412644911020361 0.08608790628784274
200 402439.0 0.06503307796019034 0.08920181534465967 586562.271308917 0.060290496197876964 12744906.827899212 0.07862959288826935 0.10757925147116794 0.07855532615518551 0.10693390973659894 0.06423967344280519 0.08768165840860412
210 415958.0 0.0650420826029396 0.08925940404996525 587033.4444054298 0.06023951134929371 13333565.439907052 0.07862960038052201 0.10757932170477787 0.07855884608505438 0.10696449664962389 0.06424756104994651 0.08773600132136665
220 434577.0 0.06561375989786691 0.09056620419345526 573115.3243342073 0.060187164099085325 13909208.476963218 0.07876367932711945 0.1072021920913367 0.0785642956049684 0.10698785201610966 0.06480596275600421 0.08903012749920243
230 455365.0 0.06567382528338732 0.09061507378329464 572027.9875057096 0.06013917911972766 14483620.302831203 0.07876367412521372 0.10720202232120442 0.07857292676170477 0.10699712563883668 0.06483200209011633 0.0890561672082686
240 469316.0 0.06582256947993517 0.09080724822672932 568370.3714387909 0.06009503293871859 15054380.24742299 0.07876367412521952 0.10720202232118486 0.07858084159006588 0.10700562757586399 0.06489341406478914 0.08913128006195152
250 495450.0 0.06590284101297741 0.09085058494238994 566915.3728621982 0.06005428261778714 15623580.411690827 0.07876511674302221 0.10720282261489485 0.07858816023970065 0.10701347119823558 0.06492815129986432 0.08914008901343799
260 517491.0 0.06591400084165032 0.09088748033479695 567073.8282187217 0.06001655083914691 16192768.005249823 0.07876577013507609 0.10720487788678003 0.07859494518919233 0.10702074179099544 0.06493148870769026 0.08914543775160383
270 537365.0 0.06591485927980838 0.09095418053645053 568050.8955280903 0.05998151418755241 16762741.273656322 0.0791445782154734 0.10992451469237312 0.07860264650933822 0.10703757210522621 0.06492989203926056 0.08916747225830947
280 549267.0 0.06916067263219433 0.09114518374915576 495927.2703949321 0.06007443017471867 17248298.705696724 0.08018203198049811 0.11000109602504997 0.07863289516688315 0.10714107213001271 0.06729699794936216 0.08925222266667535
290 566725.0 0.06930607027037759 0.09140214692480121 493775.0126907846 0.060132335083399886 17734853.827763457 0.08009616375093952 0.11002656199387027 0.07868525535987034 0.10723956429772416 0.06738881431298151 0.08935754684001562
300 584896.0 0.06932506995495714 0.09145594326158257 493531.9502479873 0.06018650419152103 18221635.301655926 0.0801015020833809 0.10984959798857724 0.07873215560296218 0.10733157256898992 0.06742029977816114 0.08937081964905506
310 594149.0 0.06999132697894773 0.09367974235516537 480942.5854951022 0.06019614243751799 18701031.623188317 0.07931130775533633 0.10828431062806648 0.07877662000118812 0.10740811357058332 0.06755761627610804 0.09012444615486644
320 611176.0 0.06999992760965379 0.09368423432979762 481059.8530401457 0.060205196547393924 19180641.5309924 0.07921674364882067 0.10813963634614249 0.07879062561048047 0.10743135314079372 0.06755970146916389 0.09005445538561167
330 632127.0 0.07023400642049946 0.09369365794093663 477339.6896089756 0.06021305402289419 19656673.329239514 0.07936136583993866 0.10787019289539013 0.07880742528447317 0.10744542449083838 0.06754385946077497 0.08997047880842071
340 670191.0 0.07054848959691111 0.09413744245184309 471502.9193530467 0.06022046249979444 20126870.5450045 0.0793577867408927 0.10786646557800582 0.07882363846558259 0.1074578543856357 0.0676727634060714 0.09008433246205101
350 691599.0 0.07056612827704441 0.09445270342332197 471669.5449785288 0.060218182796715314 20598951.39558461 0.07906903508318307 0.10748436315699625 0.07883555769059483 0.10746514098566663 0.06767734817163316 0.09016745695258963
360 707098.0 0.07059035122956148 0.09453468678369649 471537.27480342507 0.06021602632082966 21070878.302613676 0.0790889078792613 0.10750039381198677 0.07884241055347156 0.10746598429951222 0.06768325041633856 0.09013837140457964
370 724782.0 0.07059357342741557 0.09459158525375835 471745.80416794814 0.06021398334367483 21542992.498005096 0.07908890787926377 0.10750039381199752 0.07884905468624218 0.10746691177963308 0.06767964348089574 0.09010011341851311
380 738248.0 0.07059964493915409 0.09461292888591835 472442.43427601585 0.06021204513457922 22015781.922482688 0.07908889250141826 0.10748795749762846 0.07885534964202123 0.10746746416068502 0.06767765834068065 0.09004996192750354
390 753630.0 0.07078885883730329 0.09556371055299635 468830.732047981 0.06021020383593838 22484955.18011405 0.07911018515030471 0.10752023672789487 0.07886148812616944 0.10746823694663786 0.06777972448210479 0.09054204765371926
400 773741.0 0.07079101529435923 0.095720361861424 469108.52578467334 0.060216939817192255 22952850.49409191 0.07909990266194032 0.10730899425301799 0.07886753619427714 0.1074663729640027 0.06777721022478628 0.09066772026323633
410 793642.0 0.0709766777367184 0.09590783675074928 465998.22575899505 0.06022335503743405 23417653.07823561 0.07857431127661883 0.10751473498520481 0.07887132345293944 0.1074628958255718 0.0678579235341083 0.09066913770408103
420 814992.0 0.07103446596145357 0.09824636454871541 466655.41094441613 0.06017201129738183 23895830.69135142 0.07857448402341588 0.10751544520338616 0.07886427127111718 0.10746413740903839 0.06786520007428161 0.09227665190828029
430 837056.0 0.07274431472935786 0.09953147029455024 435766.05759858707 0.06013736286434123 24341272.06434079 0.07934406651489642 0.10817398239014082 0.07886111894061568 0.10746838858510806 0.06894618314447024 0.09309496290513529
440 851403.0 0.07294380308823711 0.10147343937029833 432979.88292074896 0.060105148970880436 24783439.270164315 0.07934416379178746 0.1083209333499279 0.07887207016677733 0.10748572127358616 0.06903544627136028 0.09456472735145831
450 870643.0 0.07295380690058365 0.10152784520043671 433032.70773523836 0.06007447279630457 25225232.84727687 0.07934511879190706 0.10832084667381536 0.07888254846223358 0.10750423942742839 0.06904041964488203 0.09456051651842122
460 886902.0 0.07296671767096426 0.10157830527360528 433092.15472182207 0.06004510199085959 25666726.249989968 0.07934427515117531 0.108318186795977 0.07889257886573733 0.10752194171095998 0.06904450939927734 0.09455986273097518
470 909743.0 0.07304167694725358 0.10166377337064324 432163.28861640044 0.06001695496897481 26107016.20640258 0.07934716684885045 0.10832943413690906 0.07890220585733052 0.107538990405006 0.06906860929219318 0.09456162736297984
480 924664.0 0.07316516462154446 0.10175015050716839 430362.9056817726 0.05999205458405145 26544643.27116275 0.07934707065989324 0.1083258989231801 0.07891145480580168 0.1075553575991751 0.06916771956607483 0.09458207698727103
490 940525.0 0.07326682889503039 0.1018237294048987 429043.2812450675 0.05996815021452503 26980747.074815173 0.0793523582754898 0.10832868599225584 0.07892041188500787 0.10757109630848641 0.06921225218810889 0.09458773330279957
500 972300.0 0.07347317475752671 0.10217236114396223 426379.98258775304 0.05994518327125454 27414070.708510667 0.07935000433734567 0.10832238743770181 0.0789289957723398 0.10758611706473312 0.06930237587994034 0.0947207581134365
510 991300.0 0.07371935866748648 0.10379510025843944 422812.0204188118 0.059907726958128946 27849086.414875723 0.07892650850454039 0.10695859192775156 0.0789343100817898 0.10758779558380202 0.0694637904904532 0.09592750837955433
520 1005144.0 0.07389492601405429 0.10563575089915636 419981.18020557205 0.059875434133403946 28279730.590919442 0.07893866076159034 0.10707063854921868 0.07893432783250354 0.10757687674792443 0.06961415206433925 0.09754364622837206
530 1033305.0 0.07389627908967414 0.10563968567118825 420695.62227948045 0.05984433733922431 28710659.23046734 0.07893866076159056 0.1070706385492199 0.07893440943192143 0.10756734307186591 0.06961328196294778 0.09754785475301136
540 1048281.0 0.07403767739204309 0.10576834162206636 419377.97823301953 0.05981437133756031 29140022.00444448 0.07893866076157952 0.10707063854920866 0.07893448801472486 0.10755816184224203 0.06960676850362729 0.09755087459982704
550 1068175.0 0.07404272005890714 0.10597858141809904 419734.856124586 0.05978547555024146 29569376.808139283 0.07893866076156038 0.10707063854932926 0.07893456374515742 0.10754931386959349 0.06960862722390893 0.09763377092436157
560 1082542.0 0.07405055333972504 0.10604364865176437 419726.48693950416 0.05975759365019695 29998404.429520242 0.07893856357307479 0.10706917781221799 0.07893463521657929 0.1075407578984049 0.06961203559993696 0.09766609868621447
570 1110372.0 0.07405729388394168 0.10614663165415462 419930.09690984455 0.05973067319498155 30427316.54320748 0.0789385635730675 0.10706917781203527 0.07893470401441625 0.10753249905276038 0.06961704839637467 0.09771691862340826
580 1128038.0 0.07541819535811324 0.10788420764828052 398481.49624264415 0.05972701258810555 30827150.97155168 0.07937683813890763 0.10719162394059775 0.07894079278525246 0.1075262073990028 0.070495683807737 0.09883233300782136
590 1150576.0 0.07550040168091829 0.10797858230598228 397358.7763035869 0.05968264533266706 31243162.264672387 0.07796149326270906 0.10709064204698998 0.07892661856917772 0.10751900991884344 0.07049193946639128 0.09886533913709879
600 1175561.0 0.07775908699728247 0.10866315760146299 364125.20589053247 0.05966390693969048 31616481.34105287 0.0782393577825992 0.10718798527043048 0.07891425731805451 0.10751320074395276 0.07236264520097264 0.09944115793942547
610 1197472.0 0.07786280608213841 0.1089694468175235 363554.50936831586 0.0596440616906823 31989857.501189537 0.07819587045643898 0.10694152494843942 0.07890285562901303 0.10750586119203112 0.07246653816053074 0.09959289224993685
620 1222438.0 0.07895052133301292 0.1090139399681941 349009.8802498422 0.05964006936434132 32340953.13420824 0.07820164735288791 0.1069119078680338 0.07889160144504558 0.10749668287844467 0.07347277443123858 0.09962629203489874
630 1240880.0 0.07895209421274264 0.10902069034905466 349390.3576986287 0.05963620179819849 32692359.951808464 0.07820164797269942 0.10691193245805578 0.07888066715569081 0.10748741571842264 0.07346594280961911 0.0996295153983412
640 1263527.0 0.08112212634475173 0.1136687464617729 324978.588459903 0.059617136477815934 33029096.47511566 0.07882054725036153 0.10799953284137193 0.07887683268316928 0.10749031489171369 0.07437511224531017 0.10153106687722797
650 1286897.0 0.0811296340743171 0.1137085822565108 324965.1615152532 0.059598648894414664 33365478.537351392 0.07881543515310858 0.10799870819800855 0.07887596023090306 0.10749813571330129 0.07438366888242302 0.10157553527024935
660 1320416.0 0.0814161442953787 0.11387307410897823 321900.40412711166 0.059569122589027364 33706334.014099956 0.07850131673927313 0.10789376174161502 0.07887266848680749 0.10750491482459507 0.07448066344568369 0.10166723553660738
670 1339429.0 0.0816570964949133 0.11426399904674236 319541.10701166466 0.059543052248248844 34042762.946853675 0.0785531278109219 0.10797665366202079 0.07886767464134163 0.10751157281145278 0.07463216280720646 0.10193854372217155
680 1358902.0 0.08173848119681901 0.1144054268314986 318917.63723726844 0.059517737569521875 34378159.751844555 0.07855323886355832 0.10797665478997567 0.07886305688666355 0.1075184022041126 0.07465549689941492 0.10200395771997037
690 1379997.0 0.08178554991013909 0.11449859062796466 318489.4334255073 0.05949314616732996 34712720.11448186 0.07855161647488193 0.10797639307897729 0.07885855213741735 0.10752503052605125 0.07467628714869809 0.10207044839181115
700 1397680.0 0.0818397980711314 0.11450616844116056 318017.67792185664 0.059469247480692745 35046420.27363139 0.07928392223262434 0.10808838521604888 0.0788552182560085 0.10753162912471927 0.07467424586145524 0.10209405265996413
710 1412778.0 0.0839357240070494 0.11481626415544298 294982.5087937845 0.05946773664654895 35342474.7127539 0.07919039167070951 0.10811384621996659 0.07886045856036102 0.10753967459157833 0.07602214168149614 0.10231622509809209
720 1431703.0 0.08396643308000908 0.11482408430713237 294890.07334053016 0.059466267205121395 35638407.93607233 0.0791903916707378 0.10811384621996795 0.07886503460904828 0.10754763813704832 0.07603433682892874 0.10234264785312165
730 1457291.0 0.08419521352001577 0.11486016895142899 292566.82762441883 0.059467628925911314 35930001.52935776 0.07919054581443384 0.1081087133897411 0.078869486592116 0.10755534892433777 0.07626204495414968 0.10239882306733863
740 1471666.0 0.0842340287741711 0.11495808944304707 292362.0302789779 0.05946895433414684 36221415.35929704 0.07919142025422536 0.10811078832453853 0.07887383445856812 0.10756284689590608 0.07628231213994698 0.1024562005980546
750 1482865.0 0.08470207978735111 0.11559488248796285 288206.03537616244 0.059456597198087484 36518888.7536711 0.07894677948851166 0.10800137619570427 0.07887610148198815 0.10756926556381131 0.07652310393990519 0.10281914404617638
760 1499211.0 0.08585331681103675 0.11716283950732512 276826.5571010172 0.05940340586240756 36840856.67488093 0.0794443949732158 0.10849159736973599 0.0788784571265053 0.10757948750958528 0.07712831708521815 0.10390018351681975
770 1515687.0 0.08593841387062671 0.117245072590301 276108.16985387326 0.05935157840712969 37161242.9589648 0.07944200556605585 0.1084803727808617 0.07888578503939536 0.10759125949434009 0.07716712247636201 0.10397354513849563
780 1526124.0 0.08596494140311947 0.11728553074226478 276098.2547583712 0.05930106303932721 37480652.69765085 0.0794399788913772 0.10847408041890594 0.07889289656124929 0.10760261156017542 0.07718677965310403 0.1040133364566734
790 1551608.0 0.08637540445008877 0.11760562861842865 275192.36794417806 0.05926136027572611 37789591.36438189 0.07878343247375363 0.10733485780244839 0.0788956561890333 0.10760636291505588 0.077237718741255 0.10407647867037342
800 1579060.0 0.08650834456067681 0.11766232257407827 275255.76640402246 0.05922269085297579 38097790.49102007 0.07879795054555151 0.10784234153784329 0.07889434142455028 0.10760615376204101 0.07727918869966133 0.1040754394199916
810 1588042.0 0.08655144195493664 0.11772868815543186 276252.87865820597 0.059184491509808514 38406550.697706915 0.07877633757958498 0.10544381509204631 0.07889309958149016 0.10760315108000205 0.07729385070833898 0.10409801577092266
820 1598272.0 0.0865946985532657 0.11813018297875061 276016.9577842866 0.05914789381816828 38713787.97022617 0.07876823236248894 0.10574110447332523 0.07889158496188745 0.10758010550959363 0.07731082908561944 0.10430929418344448
830 1615879.0 0.08662864730818788 0.11822127306327176 275882.2743736412 0.059112167500138535 39020242.31230013 0.07876823420472005 0.10574259431041963 0.07889010057884348 0.10755797911887184 0.07732392729528835 0.10435755175996358
840 1637082.0 0.08673628532325615 0.11828636720416622 275267.38319910044 0.05907728180135654 39325521.49573797 0.07876677504759297 0.10574222883561299 0.07888863936856876 0.10753639005061004 0.07736288815371381 0.1043475463826234
850 1652894.0 0.08677906872822025 0.11834363518112129 275133.1450296466 0.05904307176607568 39630181.64326838 0.07876679505428066 0.1057425314589829 0.0788872075234667 0.10751530956335188 0.07737973606054906 0.10434564153592059
860 1668515.0 0.08681769560909194 0.11836514514184242 275269.2921741072 0.05900964816838747 39934347.385359 0.07876899859197625 0.10574957919365997 0.07888582087049019 0.1074947756072961 0.07741680244961567 0.10434394950171781
870 1679944.0 0.08683284481374709 0.11837789839779828 275542.35925589054 0.05897708711091242 40238061.323373355 0.0787733440683852 0.10575195256010624 0.07888448960601888 0.10747474464236291 0.07742522325154032 0.10432670943906248
880 1703062.0 0.08686677622554577 0.11841308414978055 275299.839262783 0.0589452577625941 40540993.7513614 0.07877422510640301 0.10575194252043678 0.07888323342833113 0.10745518653964449 0.07743600484038382 0.10431280182785317
890 1714714.0 0.08698201251727733 0.11851569303075556 274253.2084309499 0.0589141357331273 40842464.40281577 0.07877422510641456 0.10575194252043268 0.0788820099903747 0.10743607044515291 0.07748724283172728 0.10432501490326973
900 1733759.0 0.08699315288885279 0.11853529370013252 274273.9685073014 0.058883697704308124 41143411.527449906 0.07877369669438798 0.10574988724669897 0.0788808107773894 0.10741736727576802 0.07748864302344295 0.10431154534242201
910 1744385.0 0.08723560708783511 0.11897065556156453 272353.80910381913 0.05885454670889628 41441575.38996834 0.07876240950822747 0.10570615862811747 0.07887961021185443 0.10739896743215853 0.07764437503358287 0.10454900333056677
920 1767956.0 0.08725471898916534 0.11901842331264209 272468.74273928936 0.05882602261661157 41739334.74698652 0.07876240950816893 0.10570615862806894 0.0788783376743553 0.1073805873148504 0.07764896811224069 0.10454619289837155
930 1789242.0 0.08732724773939356 0.1190955176636818 271892.18722524965 0.05879810326012139 42036102.5080289 0.07876233183683705 0.10570330398891851 0.07887709204099042 0.1073625861351736 0.0776862573296776 0.10455285273513303
940 1823980.0 0.08734669221178969 0.11921236745053018 272025.218274786 0.05877074552921516 42332534.21275844 0.07876477230164798 0.10573488051400128 0.07887590706703264 0.10734518817949892 0.0776920387886625 0.10458077753502906
950 1841032.0 0.08742963207749352 0.11925647952115978 271714.4547238684 0.05874395775103614 42628229.72068528 0.07876537921964145 0.10573491265883103 0.07887474101026942 0.10732825553168017 0.07772546470553054 0.10458989300249567
960 1870892.0 0.08750848369425719 0.11928995124801073 271447.006673963 0.05871823955121051 42922746.07301857 0.07877965303510993 0.10573625072856632 0.07887366279762979 0.10731168221450306 0.07777334489993822 0.10458254745867834
970 1891250.0 0.08758175401316849 0.11949482507115042 270901.12169290456 0.05869304621260581 43216350.610259496 0.07878308675463815 0.10578628258918998 0.07887269815921004 0.10729550890554533 0.07780721130000959 0.10465044548983665
980 1911503.0 0.08764839327749424 0.11964550974432914 270676.00644909 0.058668682611601033 43509028.91968097 0.07878308675464002 0.10578628258919336 0.07887178468923481 0.10728012433555194 0.07782968708101225 0.10470338779530532
990 1931579.0 0.0877744560587881 0.11969354163483922 269732.5672744204 0.05867877928792705 43770371.96574605 0.07899546872509389 0.10580300666208703 0.07887155610927038 0.10726511274679285 0.07791951237737992 0.1047080351070675
1000 1957363.0 0.08943130509070318 0.12046771435726386 261996.97376760383 0.058687732933091145 44024558.294723585 0.07957283347398506 0.10616066806973937 0.07887878090277702 0.10725408975346062 0.07873327482730116 0.10504029635102993
1010 1975199.0 0.0895244424197363 0.12096880674688354 266604.225158729 0.05869651101658536 44283721.74442465 0.0795717719833963 0.10615032072494773 0.0788856373993948 0.10724320281753738 0.0787811704505736 0.10520597944982225
1020 1996711.0 0.08953399457999037 0.12100473632519142 266642.9294061013 0.05870511176045607 44543080.12627849 0.0795717374088054 0.10615031514764944 0.07889235748513586 0.10723249875952064 0.07879345182782649 0.10521483652017515
