1 596.0 0.24660931399675678 0.3024695617420149 993.5091613633062 0.24660931399675678 993.5091613633062 0.5989297712670092 0.6727377871951878 0.59901782583341 0.6729708084186415 0.24660931399672725 0.30246956174199413
10 6280.0 0.2555687395057174 0.3051626900557136 914.7654468502191 0.2506747368759906 1906.0323833026814 0.5958798190756758 0.6679468541186121 0.5967377441477445 0.6693040413208996 0.2546362643112351 0.30436291051043524
20 13749.0 0.2658640073646216 0.30785255395838607 823.8225288528939 0.2510292601470257 2729.0158731785555 0.5959355777565748 0.6689484774415071 0.5963518511391891 0.6691028957293966 0.26284267037863845 0.30601944843338813
30 18676.0 0.2750507066036095 0.3167152400915597 764.8481687961096 0.2474043711866929 3511.0580953395556 0.59097662051632 0.6678317221330614 0.595856458272558 0.668866331810896 0.27004954121579916 0.3126251361351035
40 21950.0 0.27856201135393804 0.3207696660747336 742.1825579476316 0.24373420142143926 4276.331559966109 0.5911116044023739 0.6748059373958015 0.5946946430910954 0.6701430995447604 0.27078925128385006 0.31471058277245245
50 28555.0 0.2815558083514535 0.34335283914737025 725.0710458735055 0.24049337561048575 5026.516306997468 0.5886179776317748 0.6754697689429391 0.5936990293038618 0.6711057893569193 0.2725704098075893 0.3367846113642615
60 38396.0 0.28379126202348237 0.3515576159179431 715.9577443760113 0.23791278822611664 5764.914339430404 0.5884705076404064 0.6762933564715 0.5928422469353396 0.6718571838165012 0.27297596407755226 0.3415384837026994
70 48568.0 0.28670664543675084 0.35409663452457224 707.492794824088 0.23623157891869115 6487.7513500099185 0.5896565235443443 0.6771138168671882 0.5923234315927667 0.6725509178778836 0.2731373464380331 0.34255541073548934
80 53742.0 0.2914459893431331 0.3556606169809266 697.0798693621011 0.23506900966444652 7195.939641969423 0.5911899540240166 0.6765551872244265 0.592093088959522 0.6730924978468279 0.2749392260190454 0.3435705764957478
90 55610.0 0.29177083350194566 0.35761321894387427 695.6360138578184 0.23336527730122847 7910.348933691234 0.5911621644004629 0.6765207366321145 0.5919935428242178 0.6734724231987411 0.2745292448268729 0.3447809678302004
100 63167.0 0.29676624545923 0.36143292676663946 677.5701766284861 0.231835228771717 8607.786484661037 0.5901663419661998 0.6763979232381057 0.5918915671153006 0.6737860100110116 0.27581198580229604 0.3467049260025375
110 68839.0 0.29872661032046327 0.3689158706415308 667.3272636834973 0.2312284978785506 9282.887547560065 0.5895968255252044 0.6764793296069107 0.5917373989037792 0.6740222237335382 0.2765472543718305 0.34945587072231843
120 72371.0 0.3269960840065184 0.3766419099281251 552.0246986260948 0.2333866404851323 9792.137982377157 0.5922248363175955 0.6779542565748092 0.5916756543696137 0.6743091542858174 0.2940869391097746 0.35654247375784637
130 81045.0 0.33954081191049484 0.38126583304298356 507.9460559218941 0.23543965238706374 10249.472093938653 0.5972672618774435 0.6747983691206377 0.5915999865928157 0.6745100084650093 0.30618705658042134 0.36085537586007366
140 85287.0 0.3701608302159498 0.3958065685679247 423.9635995519662 0.2374156593600734 10604.009576570928 0.5969025104470075 0.6836564572141951 0.5919587332326606 0.6748875459446065 0.33130005389775957 0.3717575790475782
150 91660.0 0.37033239536172635 0.3960050732925866 423.43689561328137 0.23910407011475418 10969.22107335592 0.5969024553635016 0.6836563691529285 0.5922861326562446 0.6754682680599416 0.33170650148015807 0.37216191982743907
160 101981.0 0.37303359001127345 0.3973836781612535 418.632234605072 0.24068712679404994 11333.78117695207 0.5979089356393805 0.6846099968059886 0.5925882907232856 0.6760087890535419 0.33359380970494606 0.3731231544596619
170 109102.0 0.3745733693168306 0.399357973225816 417.0137120379552 0.24166748377943037 11716.527654749485 0.5949680810732358 0.6835617966674767 0.5928861002148852 0.6765117353829765 0.334366223861592 0.37406377222485554
180 114554.0 0.3766156042961514 0.4001207328388888 413.3263494438285 0.242318926831714 12106.498302775986 0.5947585275974692 0.6891260789884884 0.5930127540145974 0.6771252980891345 0.336904706356917 0.3744530897372164
190 123067.0 0.37676485596482323 0.4006605590794511 415.3322164104966 0.24290576081973367 12501.26344461988 0.5948023931434914 0.6894796627039955 0.5931057623201967 0.677766559416094 0.3370569087098216 0.3747801248767869
200 128066.0 0.3798104852930475 0.4013631805101975 408.76118236147084 0.24351472510518057 12888.30371971925 0.594028363778317 0.6859530111337122 0.5931645608092438 0.6782085275597758 0.33845859573536685 0.3753220345773989
210 132170.0 0.3933988278317445 0.42109110403592226 379.26693217317575 0.24373193536250834 13258.328492375984 0.5947201059263132 0.6820745119419458 0.5931917177358248 0.6784733166992 0.34696068766010235 0.3904530072064791
220 137495.0 0.39530137593174325 0.4218529140783751 375.420572649586 0.24398744074632503 13622.775104129925 0.5947245126053639 0.682079936323177 0.5932610051420354 0.6786364822026333 0.3478305901509456 0.39075010586416736
230 141240.0 0.3956216568601791 0.42229428241078026 377.3453682601499 0.244136746122568 13993.757214796 0.5949333169381052 0.6824363007669754 0.5933296344689697 0.678788608721468 0.34790989987331 0.39105182646971637
240 149666.0 0.3965691882130673 0.4236366706930098 375.90052154307904 0.24427326199374405 14363.811865741893 0.5949341300103562 0.6829871495598792 0.5933967669177819 0.6789514077653094 0.34835927471423556 0.3923379265158262
250 159541.0 0.40045419583817277 0.4404766637165096 367.91483620584756 0.24445427570035866 14723.710907953657 0.5965236948690467 0.685638967038364 0.5934908640821495 0.6791603877631754 0.3505311397431751 0.4013853055454546
260 165453.0 0.40297194884970705 0.44403485205900095 365.5671376628868 0.24492944627191018 15068.995727797508 0.5965542723129569 0.6858128990869059 0.5936078060705338 0.6794111293824211 0.35144226207821977 0.402423455732074
270 171260.0 0.4030578831417311 0.4443728620494174 365.4128432406339 0.24539259226204582 15414.801259778918 0.596369580430025 0.6860043762352115 0.5937124439245199 0.679651606903594 0.35146283022388175 0.40272766119507203
280 176516.0 0.4064623602147688 0.4451252620982682 361.89529188438854 0.2454784683037919 15772.82699764929 0.6039267926439889 0.688956939524217 0.5939121717248764 0.6799228835769691 0.3523024752970711 0.40307593106288353
290 184418.0 0.4071967487992165 0.46754467932936694 363.7659913723405 0.24544360136093601 16138.163931998673 0.6028838416068403 0.690396459038772 0.5942541629652653 0.680317105539889 0.35277944123573596 0.4188776810460208
300 192495.0 0.4099375620311484 0.4689629042885178 359.88670500749555 0.245425346140109 16498.888422742708 0.6030762167882678 0.6906614860504233 0.5945434841579826 0.6806594735763919 0.35472865345260746 0.4202905598456802
310 196543.0 0.41433314764889784 0.47825540463308813 350.7120325395839 0.24545566467441676 16848.139065782438 0.6001822734035492 0.6804618481575737 0.5947612012155122 0.6808270964970232 0.3583907141718127 0.4280370854175647
320 200981.0 0.4167068561517753 0.4785283515479545 346.2879920998125 0.24561529933275403 17186.704387296362 0.6007538018087274 0.6798980875411494 0.5949377530194818 0.6808118669143108 0.36074780891176883 0.4281589580451183
330 208958.0 0.43416076898161504 0.48378227386522804 317.7788247367677 0.24591213135286935 17487.97431528947 0.6096585002609254 0.6795506254015008 0.5952204763225781 0.6807873989851813 0.3674285683016073 0.43217749041945774
340 214348.0 0.43589486565654795 0.4859930432525536 315.8129587519065 0.24618871016002047 17788.305858323307 0.6101305977321787 0.6782983861324383 0.5956517979095427 0.6807217869069097 0.36805825177159873 0.43338764879663005
350 223395.0 0.4378454813252553 0.4890579318579564 313.07712837210676 0.2464465045185138 18086.774508212733 0.6102714921372437 0.6793969097273981 0.5960669006967253 0.680677391067238 0.3686924317575244 0.434396710944635
360 228037.0 0.440367365163541 0.49296325280493325 309.30413454820956 0.24676097120191115 18378.13415300471 0.6100873324117014 0.6804415387483773 0.5964615691987122 0.6806594462626148 0.37062942361398865 0.4370640741032028
370 235008.0 0.4439985193485106 0.4931469233233865 304.1186355572053 0.24718518560479188 18657.923133024975 0.6096720833080066 0.6843109420427699 0.5968164562116341 0.6807447280046358 0.37263382517931926 0.43698538178000956
380 240699.0 0.44602694613178356 0.4947209157212882 301.81770478301326 0.2476682955160227 18932.224162308154 0.6104077981742665 0.6833905287135424 0.597158462787945 0.6808170545020499 0.37346053908876675 0.43750675432322533
390 244415.0 0.4492781891135654 0.5011029469034581 297.7770664975571 0.24817952023630477 19200.625516379914 0.6101152102411704 0.6826740028334745 0.5974988647319951 0.6808697793312994 0.3753570235158593 0.4413381289650757
400 252286.0 0.4588347200019397 0.515236261171535 284.9935866866101 0.24858181095073376 19460.3719695995 0.6059855033063009 0.6916138947381646 0.5977328362631872 0.6810684187430744 0.38075632060618547 0.4467869643163593
410 259491.0 0.45911894386489166 0.5168219423358952 285.74660421703425 0.2489613143231034 19722.57349506646 0.6065825087778578 0.6864249589424621 0.5979409073098644 0.6812619048774023 0.3811469878404956 0.4470974824652433
420 269326.0 0.45964050889252506 0.521966482437486 286.40409990828607 0.24933209733448616 19986.286830250898 0.604149129039495 0.6867086415607875 0.5981311872800263 0.6813947767056904 0.38161361740067085 0.44993882785644435
430 275551.0 0.4619912467021095 0.5273652440662863 283.27990111473196 0.24985933056027998 20237.898716356245 0.6050473675418074 0.6791183100215396 0.5982891560768314 0.6813622841786723 0.3832279633970983 0.45371880625755856
440 281463.0 0.46660824420265146 0.5284726291968894 277.706009897432 0.25000057112082585 20506.222180393197 0.6042080849824909 0.6796139630013712 0.598424373876825 0.681318796104196 0.38713370336554137 0.4545537861968472
450 285881.0 0.46740764038577354 0.5287609993301277 276.95454697646517 0.24976138345295204 20800.245753525036 0.5993717347452521 0.6785140226215911 0.5985019979863061 0.6812691599445472 0.3879540016979863 0.45456936251291385
460 291115.0 0.4716533510203624 0.530006359748419 272.23044295201885 0.2496280927041896 21082.09110122072 0.6012196533146723 0.6786457893643311 0.5985374933553962 0.6812055522305132 0.3904908892554079 0.4550129446907806
470 297692.0 0.4727721258599501 0.5316345015489873 271.52263442843775 0.24946657665233696 21365.39112977251 0.6046980951995866 0.6818637027455065 0.5986244313626186 0.6811907958188606 0.39119059507327 0.45571684469698426
480 302663.0 0.47340193518049417 0.5328294965264191 270.75101247745175 0.24927371731518097 21650.400260990406 0.6020201484672614 0.6786868136684905 0.5987228626912062 0.6811719163252132 0.39141098167360394 0.45646181942205033
490 310123.0 0.4774320208039767 0.533313074518411 265.630874324167 0.24899897352374822 21937.36127257415 0.5985628481466942 0.675594119849969 0.5987197286155171 0.6810631458222297 0.39299938468668766 0.45638253558307296
500 318097.0 0.4795676336117647 0.5333904733198824 262.90087186430645 0.2486261465870981 22230.363405322216 0.5964867081937077 0.6722418140812312 0.5986958770096747 0.6809205274611753 0.39325742495220406 0.4561609147009089
510 329509.0 0.4813415172877932 0.5450316861987757 260.7810476140671 0.24826297299934202 22520.971731574034 0.5982962834322173 0.6747906862748023 0.5986925972958923 0.6808206545821753 0.39373058618875906 0.46057490159398456
520 335079.0 0.4827147305294882 0.5523636727046352 259.32465584207455 0.24769290909349165 22829.68586679765 0.5948430458930191 0.6783294968015331 0.5986113638617875 0.6807347552871263 0.39434773122743316 0.46574293591026195
530 341811.0 0.49165293188322423 0.5529975140861404 249.84048676925406 0.24722196834862714 23121.991479633023 0.5958808364038213 0.6779069254976398 0.59855329988425 0.6806830602664118 0.4001783214798282 0.46577124112561946
540 347776.0 0.5034887247789501 0.57261690322718 238.00093906023238 0.2467536489095061 23405.08112172445 0.5839218702669711 0.6662292236104392 0.5983682103627207 0.6804963490099584 0.41110338325425305 0.4822157600979339
550 351607.0 0.5152229183772196 0.5900981997081104 226.74676129002592 0.24635200595813758 23672.50873465533 0.5814336065548068 0.6669960188096117 0.598052086630932 0.6802486036354408 0.4189653884298505 0.49419089004558825
560 360480.0 0.5157680591103088 0.5907378800654948 226.67205219722157 0.24591637324227192 23943.866449557696 0.5815883246997582 0.666630806479686 0.5977583464360912 0.6800065117207821 0.4189342849832374 0.4943720150001782
570 364239.0 0.5207142023226644 0.5969802080626897 221.92733970830534 0.24557219888615636 24201.661952086833 0.5879456848208795 0.6665557366013387 0.597526436090577 0.6797798923058469 0.41903628002873844 0.49996730447510834
580 372970.0 0.5240006375091543 0.5981384877633655 219.52208873762373 0.24526098415201159 24453.996611405728 0.5899877528162694 0.6664905131359471 0.5973758044193569 0.6795509897547997 0.4198749470722777 0.5005783168579034
590 382839.0 0.524342620487064 0.5995431811598729 219.93988651778398 0.24494336197324718 24707.55160099944 0.5904856705684425 0.6635731463067667 0.5972540690862611 0.6793007153240532 0.4199059814643649 0.5011423469882965
600 388533.0 0.5329744723221671 0.603339401322736 212.77667646454358 0.2446665267306553 24950.611043607198 0.5914868364297938 0.6632213434290475 0.5971538266701487 0.6790354146300225 0.4254301776312655 0.5023291856693123
610 395196.0 0.5364561863240125 0.6035097683784838 209.92718871568758 0.24445579063487977 25183.769229291745 0.5911706693117637 0.6600270320517805 0.5970564771619132 0.6787458801589853 0.4291982512480958 0.5023606443841077
620 401385.0 0.5396211369759112 0.6101218569697476 207.75113470679858 0.2442751738759055 25411.606575769947 0.5907871295191057 0.6672346903845424 0.5969597366587325 0.6784793624582679 0.43144717162057683 0.5048980401608234
630 407908.0 0.5424459620795561 0.6108737378177034 205.83458910075552 0.24419094328097007 25626.766598296177 0.5907704403992613 0.666293039816368 0.5968617690092805 0.6782885886405211 0.4326442857462132 0.5050395636511366
640 414323.0 0.5438365792869285 0.6129400212527639 205.11914733205347 0.24417192447602198 25833.976178633988 0.5899167936755971 0.6655578468769321 0.5967593116013461 0.6780946960170314 0.4332115236041364 0.5058295734704533
650 420111.0 0.543863437616023 0.6132083097324363 205.16427917785998 0.24414273174705958 26042.355241533292 0.5899111573469107 0.6655553497641168 0.5966541809812255 0.6779021150266209 0.43311800635450803 0.5056443913597595
660 425088.0 0.5751491482286581 0.6259561523793628 181.71008424996356 0.24460500930644724 26170.927945013875 0.5898099180737852 0.6655440664527859 0.5965508861127089 0.6777152189306823 0.4641755799377806 0.5180578044159989
670 433616.0 0.5800215243328586 0.628456625569541 178.23530989158988 0.2450698719668265 26295.093866815016 0.5875355636474088 0.663590688209387 0.5964279617429216 0.6775164423346924 0.46828035607413776 0.519384327681342
680 439275.0 0.5844990966489826 0.6309540447254198 175.7488495094728 0.24559655278774256 26409.905348548804 0.5871128302434387 0.650024507964583 0.596294215179882 0.6772268632200384 0.470296061734892 0.5195381015316686
690 443746.0 0.5863883625863877 0.6335084086836367 174.5303177597895 0.2460405271830996 26532.43420874195 0.5940257143241089 0.6569988016138615 0.5961997863071546 0.6768761893838496 0.4705590070605351 0.5198994368233149
700 450038.0 0.5935402869543018 0.6424637127286542 170.021417336915 0.24649096585719207 26648.76863340822 0.5863817010312345 0.6494582892193437 0.5961219652694603 0.6764696602957543 0.47511811081719996 0.5262810271054646
710 455254.0 0.595193763502175 0.6455760594216764 170.14968500191625 0.24692866266169178 26767.220840342474 0.5866567587899465 0.6496751694036783 0.595987329742097 0.6760894025752135 0.4757354033239857 0.5273557309056754
720 462410.0 0.5957613294777002 0.650806928728432 170.20347970180583 0.24734518643332162 26888.47741758916 0.585906987025152 0.6485131859831494 0.5958557016272804 0.6757202190236455 0.47567025705352106 0.5286797260724936
730 467180.0 0.5975590911154859 0.6519939385745736 169.57571929384756 0.24775231254539257 27010.346678201553 0.5876974061959385 0.6514830171830543 0.5957257823897687 0.6753575466139893 0.4765712528917521 0.528651961974535
740 474064.0 0.5982242238612128 0.655723349644876 169.12863738593776 0.24807804418042645 27140.88757892274 0.5836487725811483 0.642104210446965 0.5955834765984522 0.6749542499265012 0.47684703955278734 0.5299813641932198
750 478654.0 0.5990089569671614 0.6581793999208151 168.56564714307993 0.24831331066797424 27281.16710899816 0.5854263990133596 0.646693064693421 0.5954291161731218 0.6745537107015311 0.47671620994625985 0.5294685165624049
760 486013.0 0.603493926575602 0.6615250871976923 165.87315605460387 0.24855967999863698 27417.12673163531 0.5846419574766343 0.6467368562643891 0.5952875193382823 0.6741896644099855 0.4775682939044365 0.5326219650782594
770 494475.0 0.6083098742619404 0.6656127374518565 163.03108990312967 0.24887047644441798 27542.389443313015 0.5847495280094193 0.6462448683509118 0.5951531247675226 0.6738426080068001 0.4807288363223303 0.5347325162044018
780 500789.0 0.6133977628907098 0.6657502313421901 160.15159935563204 0.24922920670164578 27658.804361258623 0.5844248674730668 0.6412807420950242 0.5950111210645489 0.6734662197297467 0.4841111456001339 0.5343670814013332
790 503912.0 0.6140182119794372 0.6781257006879445 159.95032232434838 0.24948311597312306 27787.345721832142 0.5732341985199106 0.6470942636256976 0.5948314020208197 0.6730769942251382 0.4842674315410913 0.5370853873160737
800 512494.0 0.6246300303059255 0.6893867553331998 154.88850125133894 0.2496747468286265 27917.670213701276 0.5810717637941034 0.6516819568849966 0.5945803867049775 0.6727827207817142 0.4892284662203257 0.5405349731292305
810 518872.0 0.6357583209118184 0.6930240213065144 148.96767008956726 0.2499143961290838 28035.198791155675 0.581079071530565 0.6524898370590891 0.5944150177008283 0.6725265775927519 0.4931588938540346 0.5432564737269012
820 526645.0 0.6393478834608647 0.6967157269989462 147.6006770609203 0.2501441367126069 28152.51646757115 0.5835579353117294 0.6543538869059501 0.5942801400298684 0.6723048886301817 0.49427891913228983 0.5445770626413176
830 530883.0 0.6423253603212777 0.6969785545516549 146.35430107236422 0.2504152675599331 28263.284197493693 0.584843843234759 0.6554902983074689 0.5941624791085375 0.6721020620963426 0.4954158276972716 0.5443230232731239
840 534244.0 0.6443439372897813 0.7020468189034642 145.37040719426352 0.25068667813178136 28372.98234343686 0.5858381165665562 0.6603863796393559 0.5940518380558013 0.6719155350631739 0.49670203860130296 0.5462560734055989
850 541373.0 0.6467705447104619 0.7159614978027383 144.14501858743452 0.25080405649622417 28501.224284643373 0.5804713899259092 0.6642319320819015 0.5938993779045705 0.671814585311585 0.4980468293833814 0.5536601826949458
860 548344.0 0.6477633374116203 0.7161952692758132 143.7272784726209 0.25092615173252814 28628.41751916411 0.5812209478857131 0.6712812762981217 0.5937392336530686 0.6717314570974678 0.49881757516280906 0.5537149640498524
870 553363.0 0.6480424410014132 0.7171281181005201 143.63027575783426 0.2510708573334767 28752.562370411906 0.580978534099101 0.6709564266542065 0.5935929595312598 0.6717222290758301 0.49885456256875127 0.5539292049241092
880 564091.0 0.6483345202059303 0.7171625784377562 143.4870709212091 0.2512382517719582 28873.638923482264 0.5810521491109086 0.671051248675769 0.5934474899052276 0.6717133141889252 0.49886322380376125 0.5538523241804882
890 571496.0 0.6492456541299271 0.7180268890499348 143.14138958581592 0.25139286239905256 28996.04896242809 0.5786726041351286 0.6689396567702627 0.5932977191168944 0.6716964070934723 0.4990991717353682 0.5541262068705327
900 578271.0 0.6554007306905703 0.725626237728337 140.39775080055057 0.25155881730433777 29113.930383904648 0.5752754133069309 0.6678732797239934 0.5931219903237198 0.671653803836674 0.5017701841983452 0.556763777760514
910 587394.0 0.6578301848368217 0.7264814524391818 139.29895539270817 0.25174743340850886 29227.647130469944 0.5744400627582992 0.6670855400844486 0.5929259704490489 0.6716080695841525 0.5028869551749162 0.5572029143460461
920 594437.0 0.6595493265086952 0.7336888248225342 138.5751513780081 0.25184130677420213 29353.240418243164 0.5739241070339779 0.664200138046143 0.5927196701594043 0.6715385142244858 0.5033385158506328 0.5633250067017883
930 600875.0 0.6625022862282844 0.7338905909758295 137.2454547987897 0.25195127462726824 29475.22563708252 0.5742982524248971 0.663520694873698 0.5925180770105689 0.6714574516976458 0.5047390420161816 0.5632470722194597
940 608273.0 0.6635634593338273 0.7386431281199998 136.7135606844878 0.2520498494046046 29598.208175028187 0.5822485751885301 0.6834973399297674 0.5923368356002918 0.6713983100417868 0.5046881910937895 0.5654452442898561
950 615576.0 0.6721469984079369 0.769653454182004 133.01594336692398 0.2521843412153602 29712.223310856552 0.5794299006611158 0.6764432363823683 0.5922143960202688 0.6714935422264813 0.506302325012065 0.5772861621453467
960 621435.0 0.6744252508095179 0.7740392455376752 131.9828612469848 0.2523673927010005 29818.4727457578 0.5725671181728995 0.6688248469537005 0.5920321532549401 0.6714939518680643 0.5062068003726555 0.578966804495577
970 629829.0 0.6749108246217179 0.7741460672148741 132.09102023236463 0.2525325627611665 29927.365749916855 0.5725001394189031 0.6684489177086088 0.591830763029966 0.6714627996976427 0.5061664361201612 0.5789566701291304
980 632200.0 0.6754912108908775 0.7765336419066108 131.8564294609164 0.25269559639463957 30036.34279537155 0.5732612207324915 0.6684924149496301 0.5916367321576219 0.6714312206311768 0.5060503169534132 0.5799593170444939
990 634706.0 0.6764014779609352 0.7780023644915264 131.39519894389747 0.2528529192668039 30145.623532687525 0.5700022582014483 0.6650784170449917 0.5914316746769621 0.6713964122596798 0.5059222155088117 0.5803967342463388
1000 640674.0 0.6771867219728666 0.779729827379706 131.2281484092784 0.25305609217857084 30248.617323155322 0.5698829697993637 0.6648438148504867 0.5912173222831808 0.671332767207887 0.5062050013630875 0.5808031371152638
1010 645430.0 0.6799650818101316 0.7839655472306799 130.0977574782289 0.2532710474813687 30348.792282180846 0.570220550711038 0.6652810834564558 0.5910073079346265 0.6712705730155332 0.5081452593083479 0.5839018075217725
1020 648119.0 0.6828555013258847 0.7855086091810464 129.228445975648 0.2534186668378589 30457.144086586126 0.569420558515629 0.6667694903179072 0.5908052756701802 0.6712197456410354 0.5092360479184849 0.5844723536743152
1030 652766.0 0.6880311232110159 0.7894522674338986 127.1994258537272 0.25355151226557887 30565.292555579388 0.5672824625233474 0.6690883155181189 0.5905834294732859 0.6711892166562701 0.511656942743811 0.5869298034902962
1040 658286.0 0.6902725717137136 0.792277742204227 126.6490188925681 0.253591461165801 30686.09755899295 0.5556041074941129 0.6709271480133211 0.5902884139078243 0.6711728757159116 0.5123246354950886 0.5886502671315913
1050 665472.0 0.6911012539052308 0.7989777346711435 126.36254901902652 0.2536157464681691 30808.89207643216 0.5554336447466894 0.6754320729847676 0.5899576654336245 0.6712033823856259 0.5120092831125761 0.5911591214452175
1060 670718.0 0.6914057861154038 0.7996788714332524 126.29842347733246 0.253608808825574 30936.216361653504 0.5497085092737689 0.6754024525216021 0.5896275193218204 0.6712452918531236 0.5118310705327608 0.5917041520538334
1070 673745.0 0.6960216587800437 0.8028880495674912 124.4052768614759 0.2535112973412464 31075.49042035623 0.5501359323202775 0.6742933516713293 0.5892572006832547 0.6712795261567499 0.514747047328763 0.5935092922448397
1080 680376.0 0.6977333625823143 0.8040177668601245 123.79024324325025 0.2534213877330866 31213.040980985315 0.5501246022702198 0.6741929706061852 0.5888975739855591 0.6713107059161276 0.5151004788551736 0.594004523372063
1090 686472.0 0.6999187107248553 0.8164470916353593 122.93817058543246 0.2533266994301119 31350.58250251386 0.5477478418280523 0.6794887938395003 0.5885177626425002 0.6713459014445288 0.5150527184298027 0.5980573053047571
1100 689897.0 0.7008943187044769 0.8197406610145527 122.92020000758059 0.2532338761933288 31487.826651491356 0.5477537440986968 0.679535861583956 0.5881474956302333 0.6714201117777959 0.5148679080116239 0.6001657866992098
1110 693267.0 0.7012446573403349 0.8199308416974713 122.80140017463539 0.253135615932322 31625.842320707612 0.547017378715603 0.6785118432369545 0.5877775935301239 0.6714847298145568 0.5147519992746997 0.6002991896700014
1120 698392.0 0.704019394684908 0.8283708908265248 121.90395622075849 0.2529724872510804 31773.527244660196 0.5429998268825288 0.6814943577378577 0.5873760591629641 0.6715637640894634 0.5137910863124651 0.6014136741202291
1130 706525.0 0.7086372411248248 0.8345359648547196 120.62958394723442 0.25278740666854743 31923.821053245152 0.5435537274691393 0.6907314602309016 0.5869881416625219 0.6716749358785072 0.5143839838752594 0.6056390805236531
1140 711277.0 0.7101047848630992 0.8500118295828907 120.09916524777275 0.2525823810049608 32077.12181514053 0.5425440113662119 0.6921359362163709 0.5866032889674638 0.6718478882970068 0.5138962415824069 0.6135438688231577
1150 715330.0 0.7103730265428544 0.855840737153892 120.02863791001488 0.2523794156046009 32230.127134934526 0.5425325826128179 0.6921215295277068 0.5862203875949441 0.6720239382858642 0.5135405394733078 0.6149445288265074
1160 725844.0 0.7105632474412868 0.8570668225386737 120.05368863618831 0.2521748356976226 32383.532037527515 0.5418798496917252 0.6917729012332099 0.5858433016319654 0.6721972139399359 0.5132158958452588 0.6155666646764507
1170 729429.0 0.714877736717865 0.861718327788601 118.31865680976739 0.25199232350771833 32531.882251685234 0.5463775191997597 0.6942224065907555 0.5854831172417607 0.6723723977864615 0.5144172571750527 0.6164527475859382
1180 737370.0 0.7151812489150506 0.8622904167116167 118.24013367659137 0.25181042829124667 32680.15090791861 0.5427310978894614 0.6877003140095281 0.5851427298583947 0.6725408531069971 0.5144234999208877 0.6164104906371597
1190 741588.0 0.7179806162978938 0.8667535926823945 117.130559971507 0.2516209634470713 32828.92125551516 0.5421745470219408 0.6893780720186526 0.5847845931971956 0.6726750864002312 0.5149105990042571 0.6172015147589406
1200 750207.0 0.718413966434041 0.8717549157132157 117.4296825886003 0.25142341547457375 32979.415748376574 0.5426239641018371 0.6889030824431386 0.5844335327602974 0.6727979340956363 0.5144696376015995 0.6206457122293512
1210 756261.0 0.7337130983988095 0.8793808364242193 112.49188168481427 0.25137660996095457 33099.74257603633 0.5485053369238405 0.6820419982542747 0.5841405580077357 0.6728800211075219 0.5164794032805594 0.6200480199836794
1220 762763.0 0.7375591898932089 0.886557837666017 111.2763987166496 0.25131874503352275 33220.81013610353 0.5499943578173639 0.6810491824463747 0.5838528377104252 0.6729623029994438 0.5170041056931376 0.6195471503955151
1230 770013.0 0.7381860327817458 0.8876922399805471 111.1005020810009 0.2512584618390862 33342.13677598158 0.5497982738725815 0.6803913968399905 0.5835768810358958 0.6730250681839444 0.517164447537699 0.6202787228396749
1240 779343.0 0.7418593165384937 0.9017326128722618 110.31037368988629 0.25125742997658657 33452.62080063644 0.5507237765177264 0.6828584245480736 0.5833099150100371 0.6730986417909587 0.5194790254648044 0.62992850851158
1250 785034.0 0.7422019048913262 0.9033796790000781 110.25578795827742 0.25115826024095217 33579.940733207935 0.5509303211408559 0.6840534561135065 0.5830535709101394 0.6731843479689745 0.5193073251907073 0.631346273712187
1260 793995.0 0.7443415181113567 0.9108765767438467 109.84462819687823 0.25100956841089456 33715.74699263499 0.5519093376301679 0.6858416643087178 0.5828077839506998 0.6732813766056619 0.5196052381503553 0.6343163828571146
1270 803060.0 0.774485062943504 0.9116578182921239 101.00900085557879 0.25090096736186723 33836.634505547896 0.5661759696651191 0.6915294575631208 0.5825875994620725 0.6733893955835251 0.5283422006948599 0.634544161411781
1280 810098.0 0.7762516924294652 0.9244151348410332 100.58803847150381 0.25081399404146304 33953.139367998825 0.5627561776851279 0.6931787087361897 0.5824455627594642 0.6735331776127765 0.5292367245813647 0.6422852567551695
1290 814957.0 0.7788683197413093 0.926824586230714 99.7840872381212 0.2507765246747384 34059.75661565607 0.5642173636036238 0.6945961817584262 0.5823061075007074 0.6736977929071469 0.5295885954871538 0.6436174405644387
1300 821525.0 0.7792359117458545 0.92684857876553 99.71498304387475 0.25074660714717456 34164.92434254044 0.564212730440596 0.6945844429274838 0.5821670430704972 0.6738583547246144 0.529529580551651 0.6437504390710295
1310 824997.0 0.780189134123309 0.9274860734951926 99.44508432879825 0.2507225547061795 34268.75751203087 0.5634051835494831 0.6917742736401702 0.5820329147197432 0.6740091117748674 0.5297744710595619 0.6441812257776727
1320 831804.0 0.7823638066768217 0.9308300503411056 98.8231424945463 0.2507093651692031 34369.99207751322 0.5634480727163875 0.692398583474213 0.5818919690839831 0.6741453011548104 0.5311496460666372 0.6464674290609078
1330 835209.0 0.7863661844465514 0.9362482463466313 97.78841330682656 0.25068837778330366 34471.64989260122 0.5635528693277013 0.6950156012822137 0.5817540594537459 0.6742973645664825 0.5343789395381753 0.6496589327428591
1340 840485.0 0.7980215976782711 0.9419462791220644 94.81286301126936 0.2506958876523631 34565.05958102327 0.5724284567092452 0.6942720425451679 0.5816862429173079 0.6744559161101293 0.5382333427349714 0.6539620225153459
1350 844538.0 0.8006433677967744 0.9426537117129021 94.10665803900791 0.2508254348139797 34635.45895689862 0.5716802027264398 0.6916471675994478 0.5816159108990089 0.6745949106588338 0.5410741843738912 0.6545444798958301
1360 854290.0 0.8017229201484497 0.9442033751538361 93.84571675130846 0.250944650454677 34707.44567903292 0.5777212011060017 0.6974666149312475 0.5815606633564733 0.674737307386654 0.5413584772852044 0.6557903374630091
1370 865922.0 0.8025237704701067 0.9485635464767165 93.65243773219483 0.25105617024868987 34780.62772784 0.5773796498919413 0.6985241762435638 0.5815321488159557 0.6749045931457961 0.5416844126991261 0.6564474479492489
1380 870812.0 0.8072231049245192 0.9496402771829957 92.45199007675325 0.25113284091168303 34858.807290916004 0.5795587366381187 0.6973822581092068 0.5815036946645795 0.6750647203034341 0.5414505678352873 0.6563932267660849
1390 875357.0 0.8122007621215198 0.9517832343090765 91.28815514428226 0.25122425136911064 34933.019979194214 0.5810688911553433 0.6966397072198606 0.5814970771621142 0.6752244956084074 0.5427407182153624 0.6571059198987605
1400 878576.0 0.8152811946582369 0.9563277009107742 90.70340140609513 0.2512901211477993 35011.325271045294 0.5772477178964325 0.6911634974429727 0.5814702160258434 0.6753401099894888 0.5437150463197379 0.6580070217845463
1410 883638.0 0.8154811911492971 0.9592278371858924 90.64105328564196 0.2513557675080787 35089.61672344757 0.5742895601926512 0.6804660658013794 0.5814184850060864 0.6754399798927563 0.5435229472558434 0.6591412433723148
1420 890082.0 0.8157945305702561 0.9647480349108492 90.66399331733172 0.25142062135580995 35168.095543626485 0.5699073156523259 0.6809282510759493 0.581346652626668 0.6754782329658947 0.5429956114296521 0.6612385110400854
1430 894658.0 0.8172171378753046 0.9655635298272227 90.36790523400241 0.25152351836137893 35239.273856844506 0.5691757052574847 0.680501858966941 0.5812663128072453 0.6755154477897387 0.5432502046487979 0.6616653743543361
1440 898450.0 0.8214460461789895 0.9662684412707131 89.36331196957296 0.25164447353666375 35306.04510434414 0.5700891127884288 0.6799396946322018 0.581186825697582 0.6755469082272599 0.5465019647245526 0.6618900497801978
1450 905888.0 0.8234910340958596 0.9690697269777593 88.94174704754073 0.25179461914897755 35367.09813817353 0.5711319074784917 0.6807903189994475 0.5811137064264852 0.675576074299047 0.5470318927860841 0.6632182726661817
1460 914045.0 0.8257901377922576 0.9693310451094567 88.51792000280635 0.25191467143637924 35433.15419462527 0.5703650541444676 0.6800300548241437 0.5810421730862675 0.6756085218035497 0.5479513251227051 0.6635690154981698
1470 917989.0 0.8272428103219772 0.96971259500815 88.57494943755799 0.2520355339294135 35499.19597456881 0.5706275945873885 0.681135630540748 0.58096940597781 0.6756392767604666 0.5477111954182674 0.6635171145914706
1480 926341.0 0.8293594400343863 0.9719259422801042 88.15487827629532 0.25215728558489436 35564.633434801486 0.5714357392888982 0.681982844959162 0.5809005602943026 0.6756769308384306 0.5487032816249494 0.6651016593865656
1490 932544.0 0.8296386836827151 0.9723892582699182 88.11973972056165 0.25227765617910897 35630.32487474071 0.5720718725848523 0.6820212769010482 0.5808394259020745 0.6757193198210437 0.548876821089227 0.6652001239460963
1500 935295.0 0.8302618800421442 0.9725117925786526 87.97738672394175 0.25240378380647277 35694.852685670245 0.5714507751131293 0.6814994499233642 0.5807801660445616 0.6757606187804155 0.5491797742462933 0.6652898958920784
1510 944230.0 0.8402003101818672 0.9807869413425123 86.07102382920678 0.2525440661333313 35754.630034543654 0.5689044530031695 0.6784801591339119 0.5806991191914646 0.6757637705718085 0.5534142385215608 0.6682426035549368
1520 949380.0 0.8403373211633152 0.981087168162303 86.11071910758838 0.25268483200258174 35814.43036083754 0.5683392205449939 0.6777954484284814 0.5806213042581172 0.6757811797886323 0.5534034883508453 0.6683434697075873
1530 953652.0 0.8468721519136488 0.9838707254749078 84.804523781868 0.2528074155165447 35876.0530462543 0.568396968083642 0.6756088308958784 0.5805419997552731 0.6757906662852908 0.5558848881776408 0.6686531968953955
1540 958371.0 0.851806771521915 0.9894421554067185 83.86541668538285 0.2529256573262542 35937.42605712138 0.5721479697864836 0.6788687509872041 0.5804748548645565 0.6758001054282095 0.5578861003359022 0.6713717561054465
1550 962259.0 0.8525506414086612 0.989740549156163 83.70878596986157 0.25303721206007673 35999.89485447887 0.5718855389938396 0.6789835719566847 0.5804194747030844 0.6758206314764216 0.5579218969864906 0.6713602925896126
1560 971149.0 0.8566624489150217 0.9914573154165737 82.93841807432459 0.25312684102843425 36065.61411297413 0.5721299197048944 0.6783975899873701 0.5803642082968687 0.675837352460031 0.5586400586872675 0.672029056321186
1570 978937.0 0.8599187110936646 0.9932427977233147 82.25137336661574 0.25322701065978526 36128.59592325992 0.5736458802020661 0.6788062870850858 0.5803172229477661 0.675853170010108 0.5601174440269238 0.6726205400749939
1580 984389.0 0.8600677769618961 0.9935457245481394 82.22501369894749 0.2533238304729287 36192.206361201585 0.5735661354907575 0.6788050347923152 0.5802745871585413 0.6758717631594556 0.5600952611656533 0.6727738787516991
1590 992084.0 0.8835944212857385 0.995637261742923 77.49264908558922 0.2535959779533365 36217.650944454675 0.572318432644957 0.6772846869082894 0.5802282618861924 0.6758886004109801 0.5782464555172913 0.6743423974540037
1600 996726.0 0.8843065412023077 1.0014469158845258 77.43215278701646 0.2538084420804842 36254.04216386236 0.5681733680095029 0.6788014643222731 0.5801719337858051 0.6759004866496867 0.578517653865627 0.6760512923112159
