1 1459.0 0.2591547960864797 0.1935305561458717 885.9402862652107 0.2591547960864797 885.9402862652107 0.5771283037260876 0.5696535081206036 0.5771283057055654 0.5696535095446602 0.2591547960864498 0.19353055614585862 0 0 0 0
10 7383.0 0.26590957462861375 0.1953688962070822 830.7002241828059 0.26188730105662117 1715.54560350045 0.5766678683923298 0.5691825191476001 0.577097851276691 0.5693813483062208 0.26522228148846005 0.1936452423464356 0 0 0 0
20 13566.0 0.28815629606199994 0.20151580082283235 696.8225698763393 0.26374523458505833 2407.5904351979566 0.5836459367913449 0.5632208791988591 0.5794861664209887 0.5695584633917431 0.2776201946199109 0.19587630080257284 0 0 0 0
30 16602.0 0.29676532350875123 0.20182487027310367 654.2754772128293 0.26622144717417806 3053.595730004169 0.5838960745925593 0.5619511041674492 0.5808556533167898 0.5674281489966576 0.28551801102904145 0.19535581161925045 0.2990161928411428 0.20351460143380495 0.28705486105207423 0.1984007182229494
40 21091.0 0.2997840745226943 0.20758877197730805 639.3825385948696 0.2642956596926056 3701.898240567426 0.5795973672957564 0.5638959487355327 0.5806733637605554 0.5662983389703653 0.2878190780390602 0.19860829423142884 0.2851467341289968 0.21380427809006278 0.27439644538417496 0.20355529230739278
50 27782.0 0.29996607997464714 0.21124373652085038 639.6549845042081 0.26276724896801307 4348.880246746898 0.5909930083948648 0.5738435691083222 0.5806858173961578 0.5660299835783069 0.28722431043846586 0.20192626278411965 0.28989610078831374 0.22102671172555916 0.2738111971136475 0.20946230031921742
60 34826.0 0.30865849415534297 0.2240347479763914 603.9083022281403 0.26197048282428226 4957.929326720621 0.5855019622439689 0.5628042291965873 0.5821481377794547 0.5666381037570725 0.2890206441870969 0.20800536393830224 0.27218442592873027 0.2205030622768058 0.264537373640808 0.21207129908410785
70 47359.0 0.31496640255122216 0.23678917337840957 584.8945315913479 0.2607334008393648 5552.589940212027 0.5835995695002913 0.5673258226031862 0.5826116028272808 0.5664541873586709 0.2914269368297739 0.21616741096594425 0.27349098784175996 0.23037892577695232 0.2661550138851771 0.22341896133984773
80 53742.0 0.31678767894221194 0.23803477866349573 587.1274371047481 0.2598981601856219 6146.006011680708 0.5846812342505605 0.5662455650932153 0.5827954428997718 0.5665341091505602 0.29193199606078524 0.21743169471691445 0.2716575536575801 0.23278833430905074 0.2639855738920481 0.2253084524669554
90 55610.0 0.32078639041798085 0.24836766430734192 571.394476254932 0.2584081552603561 6731.783098616257 0.5842491129647651 0.5638454097722164 0.5829715783120897 0.5663193174491822 0.2943220382701354 0.227405501169842 0.26672925030704314 0.2314985866483293 0.25808772920479167 0.2266346203066011
100 63489.0 0.3274068956721054 0.2540961770423916 552.2555597250508 0.2570922210100362 7299.023703089323 0.584785512914859 0.5641875888164959 0.5831386456354517 0.5660900548993549 0.29749068206726387 0.23147257031150897 0.2698617921124787 0.23145082533864397 0.26284912355570683 0.22674725264746026
110 68870.0 0.33131060633722215 0.26075746893641616 538.0766114646821 0.25662380390417777 7842.69862738677 0.5820994639405523 0.5611135423232458 0.583181938921985 0.565663978339778 0.2991432354141104 0.23565589451068603 0.2861384572173978 0.23162645862952094 0.27841358464314214 0.2267425108399652
120 73190.0 0.33551620064338755 0.26209808511182936 529.7640734230006 0.25665128166640316 8372.135281216375 0.5776267740023167 0.5581662855687461 0.5828027346694592 0.5650436554724854 0.30340189687084856 0.23656736709788692 0.2922142918262436 0.23973973137322402 0.28096805903515354 0.2313975644159638
130 81401.0 0.35452981725802685 0.2629388136851293 468.9937405952495 0.25696876229869015 8835.32782000049 0.5750157858571249 0.5543905124911802 0.5824095864664792 0.5644338795311202 0.3203877688774514 0.23718161994482223 0.289426300865066 0.2349850368675378 0.27697272629332387 0.22809377187918772
140 85988.0 0.3644935362248043 0.2699248750411734 442.91898116200576 0.25693882714445093 9278.903134021288 0.5711042724349251 0.5615787080187132 0.5817145498278093 0.5641065782770789 0.3265506158770213 0.24260093750243036 0.2828947808971612 0.2298193120685975 0.2715554500595143 0.2243284050643265
150 95401.0 0.36464989862112546 0.2701458800979196 442.40125692868014 0.2569224419524274 9721.664581897923 0.5712811703119882 0.5614071170634689 0.5810130296572736 0.5639380337129544 0.32594414360695256 0.24243625908577932 0.2711409190215132 0.22743915816144367 0.26488865860181976 0.2227178299032837
160 104981.0 0.3665239894246304 0.2709838037767501 440.4379704179699 0.25694127416248724 10161.687654493051 0.5713916595531948 0.5621303054735369 0.5804144693879772 0.5637945343047058 0.32625309978758993 0.24224848481056654 0.2667485391492434 0.22404788731148045 0.2612299436235334 0.2206307997255061
170 110542.0 0.370738161919033 0.275031860953632 431.96474719624007 0.25676116978003566 10597.92067887631 0.568830964618685 0.570497632912236 0.5798914266125742 0.5637812380543346 0.3289589363733704 0.2440919580442378 0.26706229369724716 0.2281578885815286 0.260583252246075 0.22244910358851067
180 121147.0 0.37536893144415734 0.27744715027053957 421.83780991682784 0.2562324049252995 11033.697122554597 0.5658616046099956 0.5703763630082521 0.5791188376161838 0.5641350754402518 0.3306970491572989 0.2445550339595016 0.26968087009316316 0.23674499261081355 0.2597302833191409 0.22919452810106794
190 126360.0 0.375969620041241 0.28030110844113637 423.98724255165206 0.25567425762517376 11472.34626356959 0.5589329943669578 0.567187080632184 0.5782791164610807 0.5643946274922808 0.3302613136035431 0.24609092534184995 0.27361150610251245 0.23661922995023862 0.2592538886760136 0.22816935609820607
200 131858.0 0.3829305065939493 0.29627453345304394 407.2059604747783 0.25480061101369994 11906.334141684147 0.5583110187153654 0.5691107106073678 0.5772826733246014 0.564578664897039 0.3324128941264174 0.25670948225221335 0.2636566665846065 0.2348891893063955 0.2542542277801278 0.2276343436643637
210 137387.0 0.3922745835279541 0.2982775205522392 386.3713831940133 0.2543910842332186 12306.300352818587 0.5670000831573873 0.5767907124489448 0.5766392340427173 0.5649324774548611 0.33608593898236716 0.25749288705310364 0.26362635017546254 0.2507727024098404 0.25541322076234596 0.24009861700895788
220 141240.0 0.3943301524674832 0.3012055255092576 384.3032036607912 0.2540487908071796 12702.062236044487 0.568957924411304 0.5721536910705204 0.5762381503123637 0.5653163309307846 0.33619510733392227 0.2595806787048673 0.25609729584315244 0.24423863874756102 0.25134902045549495 0.23621827432176182
230 149117.0 0.39494817558567064 0.31794256713583413 383.7404364440892 0.25372889784602054 13096.585049129393 0.5671724018722886 0.5760764126416296 0.5758950957355439 0.5656886017603101 0.3360330580229656 0.2708968233727181 0.2641024752065775 0.23769606898323364 0.25750820703356553 0.23110468894822012
240 162177.0 0.3975173374458686 0.3192137769169327 378.4289516174614 0.2535222350059897 13482.145374430514 0.5661473199460724 0.5762981856521628 0.5754928573674114 0.5661185360645966 0.3371495669103424 0.2714632131258741 0.2637012157891606 0.2377648768291654 0.25923119467444555 0.2317514635166996
250 166292.0 0.4010148007587266 0.3217977569675412 373.76413580532846 0.25369586452527154 13850.09141181282 0.566771973249202 0.576670525374978 0.5751359442706623 0.5665330100131232 0.3389237717020708 0.2723500694393503 0.26412679898144215 0.2336565280491726 0.25973888960199293 0.22831140921858722
260 171783.0 0.40113039998517264 0.3221241377877926 373.37721576983154 0.2538795238168186 14217.332171395756 0.5666220719838694 0.5764298946559182 0.5748108825635134 0.5669140688488433 0.3388326007174081 0.2726438352623411 0.26690322986031534 0.24811507161744145 0.26162669914792175 0.24086769148196557
270 179293.0 0.4024398708674128 0.32664547062182975 373.59274306353745 0.2534753963142105 14605.698527677125 0.5642826278969746 0.5817255522827616 0.5744372778743605 0.5673680548526732 0.3391340652909679 0.27528487249511585 0.267956089508769 0.2462981940944201 0.26130015433693937 0.2396413804892767
280 186656.0 0.405301467225236 0.3401909119388231 370.46905883447766 0.2531403795669554 14988.570520428371 0.563190049386602 0.5819293613842897 0.5740607980348222 0.5678785954256932 0.34034983665795837 0.2846669942854922 0.27178315149298066 0.2504839535128794 0.26268613168208976 0.24355756214506702
290 192885.0 0.40929533714218425 0.3453838331243509 363.9049811302332 0.2528592476945111 15363.300221109217 0.571370678993412 0.5890184090578934 0.5738938573412979 0.56853357466403 0.3417709629503993 0.2867895639606884 0.25770473409405964 0.2511425699971013 0.2518506860349981 0.24558515027060765
300 197766.0 0.4120461917580505 0.3535079862305842 357.7722076601726 0.2524774328726276 15736.792899068787 0.5704015004436819 0.5917528047591722 0.5737709329663049 0.5692818720800176 0.34335872517821797 0.29026312043485797 0.26608621014322453 0.24326600119633204 0.25643264137105404 0.23689313653283944
310 202589.0 0.4156000073421695 0.3548661638280419 351.4844625390725 0.25211913548571485 16103.69349849597 0.5677811390263667 0.5901445034660595 0.5735767547611748 0.5699565321455435 0.34546989978556775 0.29132606403623607 0.26487503884363667 0.2440864547521194 0.25417463237741844 0.23746039675426003
320 213482.0 0.41783844517573854 0.356067220279245 346.67570290313927 0.2517081329441215 16468.949704425726 0.5701956954229265 0.5918539555691382 0.5734669941872281 0.5706574687167022 0.34595964166302673 0.29224581443183195 0.25568353396107446 0.24481408225010448 0.24906133989000623 0.23832408432669613
330 219779.0 0.4192452767939903 0.36053189043379247 344.5761165522376 0.2513497896863486 16829.92339589481 0.5738573171806404 0.5952386630958021 0.5734059971595212 0.5713372182072284 0.34608100147913484 0.29507579741093354 0.2597547667631687 0.23402193763589735 0.25200411714068915 0.22749111670110322
340 228037.0 0.4196222336216557 0.36558511765621515 343.82771255717597 0.2509405377008534 17192.916902994 0.5764890037079402 0.5947872906609804 0.5734419622548059 0.5720299124424105 0.3461280931139795 0.2992967232167961 0.2557577915892076 0.23451944071208752 0.250296036780698 0.22739591854814453
350 233831.0 0.4290132038958417 0.36622486829261575 328.3621328319093 0.2506970685470937 17533.54352174581 0.5769900479690085 0.5929317400309566 0.5735446465265973 0.5726381916030112 0.35089010164688783 0.3001678962733647 0.26050521947325156 0.23022079863735215 0.2546115798560251 0.22318264732002355
360 239732.0 0.4346617547238232 0.37870040762721013 319.7333741982525 0.25035825126923983 17871.64152492738 0.5695973446432249 0.5918432640062121 0.573527625556727 0.573181561280242 0.3526558945037831 0.3078741889776358 0.2691748217574031 0.2316225463167658 0.25929972438603544 0.2274256524159563
370 244415.0 0.4387550023579814 0.38403157626741363 313.4063629844818 0.25007792177536736 18200.762395000183 0.5691407202429373 0.5907640286217675 0.5734242992412631 0.5736675228524698 0.355045290501711 0.31119447356422186 0.2665556750930581 0.23091200431432135 0.2566226384493683 0.22748461571226972
380 251825.0 0.44679217663524134 0.3928578162101394 302.222938879536 0.24949094398186142 18539.98487205175 0.5624879703321297 0.5925885860857502 0.5732090202887402 0.574152517754318 0.3594514150354798 0.3170895897879404 0.254880195854088 0.23636549358098907 0.2475411165125944 0.2314807041959585
390 258483.0 0.44737954798742485 0.39326569102642994 302.1697702462235 0.24892990109654964 18877.772791295403 0.5624546771329136 0.5925833598412911 0.5729346306078359 0.5746240146644 0.35946627171424295 0.31753404352107134 0.25642774716580985 0.2542129857842145 0.24905307673211613 0.2438386155497985
400 265917.0 0.4481389536298487 0.4035786940682172 302.4720575768548 0.24837892670762352 19215.447263076898 0.5607409665522257 0.5936578284408192 0.5726704671599433 0.5750861682155508 0.3596768203762039 0.3231370606164998 0.23865162018416367 0.2563742441180316 0.23513280509150894 0.24392165913947023
410 274772.0 0.45126563861254565 0.41495659581436944 297.89109414344773 0.24792861378704 19542.654489765842 0.5660389624735742 0.5953839846284845 0.5723925731903252 0.5754865670336196 0.3614118006853962 0.3284755497152113 0.24395867852400774 0.2595008348901733 0.23920510521987629 0.2454054327358665
420 281078.0 0.4598655988273832 0.4178162034725418 287.06735781817974 0.2474850674352703 19860.521120642126 0.5522638377388923 0.5810145346769834 0.5721277182381694 0.5758930049961297 0.36427147197108267 0.3288957620812465 0.2535907974493302 0.2632752187562696 0.24479991499046713 0.24646476144417587
430 285487.0 0.46490647599694546 0.417931857960601 280.4729107908153 0.24715607458028918 20164.39815298939 0.551060699602595 0.5807592060805807 0.5716589318580605 0.576010033955878 0.3675023953529472 0.32906055132521894 0.25377486207236266 0.25320097951506954 0.24655258790471235 0.24291713375380605
440 291198.0 0.46671008641541417 0.41883912865299416 278.17071180426865 0.24691843708770525 20459.52681559435 0.5528045314352492 0.5804965705729385 0.5712198481382278 0.5761136382148955 0.3681506741994326 0.32947076569913725 0.252651878108117 0.24749449461089523 0.24584019427741288 0.23922233015814212
450 297816.0 0.467798614205018 0.4239202551321907 277.3155130596632 0.24656250950468522 20763.013296906327 0.5581251515543301 0.5840598037175272 0.5708708648284974 0.5762772082442953 0.36820145883676264 0.3315977836717023 0.25293363170489147 0.24243629557434257 0.24653097271406196 0.23675538397915036
460 302663.0 0.4740746054406496 0.4244754064732538 268.4138110262533 0.24617603464226037 21061.635351899404 0.5582842373283942 0.5753815855297808 0.5705961080222609 0.5763440728305614 0.36845626683273336 0.3319263835173952 0.24710186505985213 0.2256766020107975 0.2415529034469007 0.22189925007957836
470 310438.0 0.4775358932456447 0.425488304155113 264.0280637598469 0.24572178996377483 21362.68468359841 0.5532272095221106 0.5745692172387574 0.5702262968298385 0.5763090640247005 0.37076854163083783 0.3319843797854443 0.24497435355558167 0.22478173312604233 0.23900027247979108 0.2211269561363741
480 318246.0 0.48180194864214326 0.42886024394803357 259.2051332719469 0.2453111566984853 21656.220998743403 0.55188813939268 0.5711613575919994 0.5698526374794541 0.5762216244201239 0.3720349462504029 0.33270378530682154 0.24183873695986233 0.22242783680051048 0.238983105571797 0.21937318269210077
490 329509.0 0.4828089183914145 0.43122419989657695 258.34491783764025 0.2449963403093028 21940.76990915824 0.5489395649204301 0.5684469668276318 0.5694784984078797 0.5761115750732981 0.37176903228425073 0.332513273349105 0.24057685853123686 0.21865479306552132 0.2377503246838709 0.21587251664603313
500 336473.0 0.4833319652386992 0.43137553197792544 257.9215779156485 0.24469773738622289 22223.679063435036 0.5489771222265512 0.5684108899074218 0.5690703107038304 0.5759592307633755 0.3719048400913519 0.33250307139069374 0.24692850016519796 0.2214116404309368 0.2401154403288709 0.21660387924119887
510 345820.0 0.4996418069716316 0.43267932023992395 241.21437245197194 0.24449078409758648 22483.54750966454 0.5497468475805364 0.5681912965064623 0.5686954474299691 0.5758071928810218 0.3809366267280949 0.33243445832457147 0.2559919913871242 0.22313318645085112 0.24511593137313348 0.2179053077153006
520 349974.0 0.5085070596292518 0.4370685201809239 232.0413099880854 0.24423045985413722 22740.46130264238 0.5606079707440326 0.5738226884416897 0.5685035370780752 0.5757480082907437 0.38136877999782676 0.33286412498402257 0.25285680278618217 0.2216046569117442 0.24488625035272396 0.21810039203742695
530 352722.0 0.51301018241326 0.43942050501999547 228.96996502967295 0.2440230052472844 22989.440530492953 0.5690626491279941 0.5835835972198289 0.568386051591461 0.5757473668815263 0.3831500223500177 0.33362168180350354 0.2517977190253451 0.22090950159412423 0.2450005466174141 0.21847921597459782
540 360753.0 0.5133625781065908 0.44058240016470096 228.64119551800832 0.24383679713708264 23236.079285625812 0.5691142850269761 0.5835825892552411 0.5683987335287942 0.5758922090090516 0.3835220140367999 0.3341771952197405 0.2519404087285253 0.22375932124551645 0.24239285303512073 0.21679513041372553
550 365399.0 0.5150208658995291 0.45281923577641436 227.4439284780607 0.24366264744298052 23480.472342072568 0.5689969091335982 0.584863315071781 0.5684075074826265 0.576055760806817 0.3852705295861011 0.3436516341031672 0.24860435184657603 0.22106121093817874 0.24215755452338592 0.21511980257602645
560 378038.0 0.5441725355250469 0.47523782872749737 202.55461032968083 0.24364570693062046 23684.84965582676 0.5904963755772638 0.59482571754744 0.568528292783021 0.5762508160487363 0.4015401240862183 0.3515282158456559 0.2535887758987473 0.22078659062175357 0.2463351367369608 0.2152674515562677
570 386585.0 0.544929684805854 0.47753983581781595 203.08207215492604 0.24361043927773135 23891.720896473864 0.5904658130036324 0.5970453963210566 0.5689229566534889 0.5765903916518056 0.40221268231858426 0.35211218660388205 0.25141528600442653 0.22022642900451977 0.24663495474603042 0.21448382714270184
580 393663.0 0.5462131479281847 0.4786043911582499 201.91435472662386 0.24353572038121818 24101.7641650335 0.5861593110779664 0.5906482599897247 0.5692713289189197 0.5769119166743697 0.4030957008511075 0.3524319390724488 0.2630450285873044 0.21585073458930412 0.2569903205667093 0.21006671916755654
590 401385.0 0.546974827756726 0.4789316889343991 201.537104771079 0.243446752785633 24313.029043903123 0.5857412395091484 0.5910337967619689 0.569554455233475 0.5771464336233517 0.4035686007995005 0.35248472298439554 0.2628426522760319 0.22173058094424206 0.2565277554650361 0.21244451145412777
600 406301.0 0.5531302748873298 0.48573776105845323 197.14599920195147 0.24340626182797384 24514.669452775674 0.5869513075377437 0.5920383484700589 0.5698393998996497 0.5773921410147184 0.4073517864881203 0.35798586459381515 0.2569995051351671 0.21141416804903257 0.2534386185272555 0.2064564613077868
610 415082.0 0.5555541833749403 0.4881028045178832 196.02336979574403 0.24340087445621794 24711.290544690062 0.5894466086446792 0.5947951730419156 0.570120261877177 0.5776342409460307 0.4080811609329612 0.3591966462084551 0.2600027428025061 0.22040829837162165 0.2565080347107427 0.214945548447256
620 420111.0 0.5592630901225345 0.5027239642785378 193.46578647139572 0.2433326200456826 24912.50269204807 0.5894415248105901 0.5948065293821356 0.5704314570713881 0.5779107441224136 0.4114485228706032 0.36885155373951356 0.255974145442088 0.24143544452815707 0.25089605392138276 0.23276110467777794
630 424055.0 0.5603258331609096 0.504281655735069 192.64042309208207 0.24328406621399296 25110.66609792319 0.5909756807720355 0.5967570599925653 0.5707498749707203 0.5781971378782915 0.4121532727939934 0.3700663036419008 0.2563914830643841 0.24218403962647728 0.2506932563237476 0.2356382518097529
640 429282.0 0.5653536533078768 0.5227463005892474 188.85466134796513 0.24320339392653467 25308.932987818287 0.5888954735264628 0.5993444476072465 0.571052380955175 0.5785059914308034 0.4162645138493165 0.38279788803398507 0.259806793685987 0.24297738867729435 0.2548894714220322 0.2377583638096202
650 434881.0 0.5679316577160012 0.5234690774976576 187.37516140427422 0.2431066981752325 25507.712894175347 0.5885492953610545 0.5998051824727242 0.5713230460678977 0.5788375958806166 0.4175584156403851 0.3831772033883633 0.2634020852289276 0.24933525330944023 0.2562324431850825 0.2415719281921419
660 440368.0 0.5707532147017463 0.5267380623819491 185.40229634744676 0.24314194049950835 25689.00017458853 0.5922565313511805 0.5985530185095801 0.5716172071144071 0.5791428559664236 0.4202964734005346 0.38448352152589504 0.2597611282278066 0.25500313111444783 0.25258824567256155 0.24318834351038557
670 448905.0 0.5828980496653603 0.5345487955772983 177.34044946499603 0.243264544970483 25851.632702572453 0.6003315841764902 0.603043540282063 0.5720030314974818 0.5794653582345286 0.4226591052638259 0.38683402469137534 0.25762519689828034 0.2571435919039684 0.24937052898267478 0.24206297702399351
680 454045.0 0.5920218437889424 0.5406845291026378 172.506986740454 0.24312486980733092 26041.961052397488 0.5945334664621121 0.6044891088408623 0.5723215816611649 0.5798149967006888 0.42585586598855346 0.3891154712310847 0.2653145968755136 0.25383922464141784 0.25112340219306467 0.2416125439393829
690 459481.0 0.5930787107757949 0.5421688355724749 171.97100429275037 0.24296542958636655 26234.43561591363 0.5963911237102285 0.6068976203113173 0.5726678833342929 0.5802037735808295 0.4263026527586136 0.3894462761992823 0.2732206469003011 0.26105919637050234 0.2541136861132086 0.24664818725679885
700 465093.0 0.6005363256732772 0.5609177694377858 167.66270375159093 0.24282388365233643 26420.675123698275 0.5891267973872822 0.5879659720459981 0.5729543930554359 0.5805032919626981 0.4297928974459395 0.39606437872125516 0.2620773044704206 0.26884379567514377 0.24978362719311958 0.2543531824068098
710 471846.0 0.6025304180713462 0.5678711944105521 166.7434465272435 0.24269566276127216 26604.321290784454 0.5938338313944247 0.5960920217606461 0.5732346915190873 0.5806846351535117 0.43057666195385597 0.39906657306555116 0.26375994147959025 0.2597430547281456 0.24971776675325022 0.24711644671210412
720 475673.0 0.6040142688702064 0.5702470252884815 165.73780119740533 0.2425561147319523 26788.62319309097 0.5850350579233435 0.5854092825533825 0.5734452678531664 0.5808135964407145 0.43128526447002 0.40017421790706414 0.257108298056734 0.25803802489240385 0.24755441160630715 0.24741798202421272
730 480851.0 0.6053578870547273 0.5717931406499775 165.08799974132666 0.24249200808318025 26962.18309688516 0.5852119781363092 0.5847721661473786 0.5736054067127057 0.5808718691528336 0.431716871824257 0.4012492892807056 0.27006961004468055 0.25821963356450156 0.25566457629367306 0.24779199807107988
740 487939.0 0.613886338581733 0.5784596558859976 160.01306919370725 0.2424004546631006 27134.67783621932 0.5904769327217736 0.5877757802641794 0.5737812567434355 0.5809319040064046 0.4346536617800966 0.40326941462218036 0.2617652341616571 0.24957933209807706 0.25332506287465706 0.2428888582412841
750 494176.0 0.6208545567703001 0.5834747104760549 155.99770507087075 0.24248204820991387 27279.607624050936 0.5898460392104266 0.5821512786740483 0.5740299292889952 0.5810348775486985 0.4387223867298652 0.4049886989934811 0.27606657650724 0.24775290651546236 0.2643912542850918 0.24141655371025936
760 501129.0 0.6209039346671559 0.5835716212805039 156.2164235790852 0.24249458664424733 27434.109491095314 0.5893690936342483 0.5817310450686128 0.5742371275255715 0.581048995324605 0.4389302043179863 0.40524066335676556 0.2822547148488217 0.25290131620414713 0.2711951820553409 0.2453415280419728
770 505325.0 0.6314427738387295 0.5844045524008175 150.65370373249664 0.24271537008172955 27554.702142502763 0.5938185912978255 0.5815071567992849 0.5744855139129476 0.5810554119666966 0.44530361456352086 0.4056915082739548 0.2868293207126616 0.26021162810803017 0.2773417007774528 0.2502265292572414
780 512494.0 0.6396451211965416 0.5954303583170819 146.9904076716051 0.24285849042922877 27681.66420090668 0.5982869543980294 0.5842725166841869 0.5747487379444653 0.5810863815409121 0.44966953693609046 0.409822330589382 0.28603468516260483 0.2621347839934598 0.27803697340834144 0.25224047592385435
790 520669.0 0.6479044641031865 0.5996964288487324 142.90156730142132 0.24305993933431846 27796.077747606905 0.5995521288400465 0.5876897980131645 0.5750510064023456 0.5811360488746178 0.4540518228290398 0.41336319791236614 0.29186808696369954 0.252758191164606 0.28218755222020186 0.2471338729977635
800 526645.0 0.650944048289274 0.6081357493312635 141.75347832119803 0.2431734292230309 27921.5270846146 0.5984646188978787 0.5795107940454779 0.5753697907102948 0.5811801074512482 0.4551390798739876 0.41719391470874667 0.2828964605845093 0.27093918761411145 0.2750915516047547 0.2599603257197808
810 531582.0 0.6542905158408598 0.608271025428233 140.39540035857294 0.24341000746156907 28028.417899477412 0.5991504904133724 0.5798337317041081 0.575664383414628 0.5811640250527107 0.45706124664678915 0.4173556417902959 0.28468990935455474 0.2762342355567876 0.2753465418272395 0.2657304946464951
820 534561.0 0.6601193805984569 0.6312565101677043 137.59962147276744 0.24351788124618406 28150.248986312043 0.6031643530833711 0.5870582823134147 0.5759671737109204 0.5811934148368328 0.4603496523390507 0.4276432865110933 0.27552940139338294 0.2733484654133324 0.2681370127665644 0.26497269035668425
830 541373.0 0.6686067029039083 0.6334070413760173 134.00687480228967 0.24358693693698866 28273.930731798227 0.6021886974282417 0.5848414195814433 0.5762759341017949 0.5812418676197403 0.46417004299358106 0.4301763786550945 0.27515540509212516 0.2726935095739049 0.2671132532966773 0.2660860568948951
840 549442.0 0.668779196659193 0.633470895406665 134.00475937573094 0.24361256068871234 28404.084033361487 0.6019567339082537 0.5845917472948006 0.5765839778242102 0.5812844868411147 0.46449930896333874 0.43051187659089696 0.26350165756028715 0.27055246513871356 0.2580123015657055 0.26657957672912674
850 554346.0 0.6690554097595713 0.633737579355909 133.88785666417135 0.24363714975214829 28534.274712723076 0.6015940419902261 0.584604745954388 0.5768813692399343 0.5813238249926096 0.4649168669764955 0.43089544126382084 0.2587823549161804 0.26555477475918754 0.25340907388036754 0.26309923824058096
860 567629.0 0.6787139775533779 0.6385210342793596 129.8815314850084 0.24371116753648386 28652.882340791675 0.6053681743799761 0.5869495354999521 0.5771815211826468 0.5813701124491585 0.46734115586804287 0.4320743378322501 0.26359240501743536 0.2637783165261768 0.25664304007896954 0.26180851112797277
870 577439.0 0.6789059242862288 0.6397558685968527 129.83118055243054 0.24369260787969252 28785.57758736499 0.609460579660767 0.5887023820686246 0.5775284654982945 0.5814440974441075 0.46781409177403427 0.43262618769164723 0.27391954095714505 0.2682991679258116 0.2627686111001117 0.26409523851447336
880 586212.0 0.6823484330590321 0.6404497025493151 128.50292702812774 0.24370580369662448 28912.039687382698 0.6095892643253193 0.5836827216491218 0.5778640810630589 0.5814989244200506 0.46908539930529414 0.43290496594335987 0.2830038816013429 0.27771315669063656 0.2697540951234366 0.267427164649786
890 592942.0 0.6857844192732669 0.641576837929008 127.2392041665794 0.24368677764115243 29042.25431175811 0.6020606756571483 0.5772785491685539 0.5781781036221897 0.5814947367107057 0.4711442058119692 0.43353088167542364 0.27259846845637214 0.29121386210271216 0.2633029143244506 0.27453278798851
900 599713.0 0.6993842236280409 0.64867141521887 121.94104961126516 0.24373653038008225 29156.27628570004 0.6114175612819446 0.5777049290993871 0.5785242373991919 0.5814700256246671 0.4768888154242716 0.4362962738100517 0.2842487152309786 0.30599354349024993 0.2713647584396057 0.28711463027127226
910 607350.0 0.7042498924827646 0.65375314809254 120.13690935749146 0.24377337820769482 29270.4860037154 0.6104108332541011 0.5771899328249388 0.5788821636422513 0.5814184607518864 0.4781677090368009 0.4389104507258479 0.27772793426197095 0.2958610708447134 0.26761013782763016 0.2822089497910498
920 615576.0 0.712979162133563 0.6710895133966733 117.03264240490688 0.24385909464763558 29373.61314556738 0.6158355225174459 0.5845012424489628 0.5792882043371588 0.581469041246249 0.47982750643026584 0.4465721446823494 0.27766477605078743 0.2951951988339441 0.26679790872743786 0.279230747239315
930 621435.0 0.7232994290217135 0.6883387611286048 113.53084210892536 0.24389662075052548 29480.910034528148 0.579116216120437 0.5662745679692018 0.5794141409904627 0.5813794525364663 0.48572464281624833 0.457163735571983 0.2758946328178864 0.28871657477925355 0.26508418507652315 0.27240597210377543
940 629877.0 0.7237171371387012 0.6889413207956239 113.52583688934564 0.24394734630053921 29586.03201449866 0.5790677690310975 0.5668639733110951 0.5794103173815941 0.5812246734258516 0.48583266539761255 0.45729552163941456 0.2666375617827362 0.2772761884461899 0.2580353024101324 0.26112179818257314
950 633051.0 0.724618931693691 0.6907549444979258 113.23971620757044 0.24399009964135399 29692.175770258953 0.579925882879121 0.5665054423793553 0.5794109789754 0.5810702236592589 0.4858451293661058 0.4583982940433809 0.2586333173787517 0.2607860971876115 0.25468071578475626 0.25333302614558334
960 637799.0 0.7286027345600378 0.7091878314945589 111.79085222814943 0.24403680718769094 29796.16268137396 0.577018136066998 0.5704533394388592 0.5793900212599163 0.5809184454619135 0.48516416858632827 0.46469466820061006 0.2604743843859799 0.27713675232470225 0.2557947092899885 0.26319191356724025
970 643394.0 0.7306613704162203 0.7123443680237597 111.22468899543333 0.24410747254773663 29895.597867136872 0.5800095773602549 0.5757330973839858 0.5793706789519918 0.5808197391507796 0.48594420475181205 0.46599752862707317 0.269423247591153 0.2828319155443281 0.26176518291542955 0.2718176315644177
980 646383.0 0.7324944843007211 0.7197015932794661 110.96876291981673 0.24416641337088407 29996.720052139786 0.5799272115474742 0.5756172267544004 0.5793744437018681 0.5807644705260026 0.4865107815506139 0.47085627569516675 0.26791332813625873 0.27969938753350393 0.2635272655083159 0.2729364427312023
990 652719.0 0.7330955054923592 0.7221515970257312 110.74557419823802 0.24423364842094383 30096.24398002749 0.5769728694514911 0.574986749470508 0.5793500733619061 0.5807052759132546 0.48681838041780356 0.47229736957458923 0.26935018600209987 0.2795296906889718 0.26361329927936494 0.272414793568829
1000 657646.0 0.7341036860147505 0.7239173761426128 110.6610565570038 0.24431835705747373 30192.82121334339 0.5748874184287832 0.5727740521825733 0.5793177200650564 0.5806394363061962 0.4869198425834518 0.47321886959313036 0.2656972230505634 0.2776765953613199 0.26150405532360216 0.27240978995515386
1010 663394.0 0.7350732453109435 0.7260765592405789 110.3511826825266 0.24442737074128237 30285.111012196332 0.5754347029446321 0.575571177865503 0.5792805872289671 0.5805872211723415 0.48727526548386324 0.47397659981725043 0.2624531581561813 0.27750106026515137 0.25820929060266606 0.27157183809381086
1020 668746.0 0.7363878895176049 0.7277675233191394 109.82879308268484 0.24447485765039625 30386.98240972087 0.57534320244532 0.5771587939654936 0.5792424745523806 0.5805444221447166 0.48788820900961394 0.4745926194532953 0.2719310206528597 0.2736883021427241 0.2637177369835693 0.2699157012978845
1030 672239.0 0.7370713917608449 0.728997055586749 109.67918779919026 0.24445921801510495 30499.30895656111 0.5689389808058075 0.5751159426631494 0.5791668387081201 0.5805019361490621 0.4879091498977275 0.47500678152979 0.27349602189856875 0.27582130970895347 0.26329448401164385 0.2720293847503226
1040 679611.0 0.7483344176286141 0.7364739939063304 106.09983214018733 0.24449527222772233 30599.232001958684 0.5703483723559823 0.5743463626880575 0.5790803083299193 0.5804411600550868 0.4941838956062749 0.47913654193047 0.26919106745185883 0.27824547599322225 0.2602256334273594 0.2725214581093272
1050 683848.0 0.7496779915838215 0.738357795858679 105.74228452393466 0.24451337645743074 30701.859751505926 0.5709877643475944 0.5741061399735657 0.579003342262728 0.5803809196815981 0.49496205296416756 0.4801457344704699 0.25833146631533543 0.27421440518642703 0.2540400566742968 0.2694984655228829
1060 688837.0 0.7514210874513003 0.7426464990980115 105.64610419387364 0.24450133344311115 30809.58643440534 0.568481642818635 0.5730769272223124 0.5789057686503573 0.580310968227367 0.49556234240253133 0.4825132107555538 0.2540620780894 0.2728299148586611 0.2497377684751483 0.2675274484631073
1070 692167.0 0.7516445904291765 0.7428966756202305 105.66453390814236 0.24448292242207528 30918.434753573856 0.5678188227444657 0.5722172172533156 0.5788053171361363 0.5802393926108083 0.4954897086515107 0.4828768605556167 0.2650623826558727 0.27414005336327796 0.2537226392478788 0.26688791877182605
1080 697916.0 0.752835760095595 0.7456206761888098 105.26401076910207 0.24442728543154413 31033.404367523974 0.5670939615478248 0.572745375143156 0.5787088694207796 0.5801692062594794 0.4954781887501999 0.48461097554249655 0.28253880395052183 0.2929626216223003 0.26922866149165525 0.27753260987634887
1090 706099.0 0.755685640606203 0.7567311914811296 104.54936266693738 0.24444940173222288 31134.12749082741 0.5703804077914271 0.5767160631652861 0.5786275396753537 0.5801225507220797 0.4965167677866201 0.4934966439595429 0.28235989660016053 0.29420019258665864 0.2713960139349071 0.2812096846186136
1100 709318.0 0.7798145839698555 0.7755054417124972 97.88440967619105 0.24461124838976395 31203.576118364217 0.5733927890139932 0.5819629992574274 0.5785725288314372 0.5801317763280215 0.5163551333669267 0.510436468532846 0.2779090173424627 0.29093140214558816 0.2697128309212562 0.27849858161504865
1110 715436.0 0.7798632566416143 0.7755580670206274 97.93319130897403 0.2447429885571816 31278.31971858037 0.5733655093922791 0.581944967220306 0.5785257201418522 0.5801480470593743 0.5163796547971281 0.510555803816397 0.2842214178051165 0.2840698800686698 0.2736201974291873 0.2737169325943412
1120 725715.0 0.7854314818523335 0.7846621243265076 96.45341372971669 0.24480272813426654 31364.064525512047 0.5678573349754035 0.5805248559193005 0.5784635014948446 0.5801579212143777 0.5177087034864701 0.514730919850573 0.28133712584310594 0.28206917397137377 0.27137267612767135 0.2705409954138851
1130 729131.0 0.8120791418898279 0.7858680039152296 89.59138412886008 0.24490292154740784 31435.097648572228 0.5807305355880207 0.5667673103787947 0.5784113947243855 0.5801257397104386 0.5253245911039103 0.515947937124478 0.28085409327942384 0.28496296859397335 0.2707661912441438 0.269236461111813
1140 737621.0 0.8178443761591728 0.786527841089329 88.20066500558193 0.24501650868874483 31502.16321774844 0.583075722273119 0.5659590743631664 0.5784481666377617 0.5800030011766625 0.525128609032079 0.5155716563193596 0.26988058761467537 0.2681203373214659 0.2626054465038275 0.2589850844381379
1150 744692.0 0.8195637261609295 0.7918289983624686 87.78014729754766 0.24512482337762928 31569.759468151093 0.5826432359006586 0.5668485885235663 0.5784871447070298 0.5798866922631181 0.5257470756550319 0.5159581684188347 0.26877870436747076 0.25902009585643526 0.2637761482734052 0.2519279401388961
1160 749956.0 0.8240143612837832 0.7926340586428086 87.01280212649948 0.24520548459116073 31641.64747184005 0.5818393152475292 0.561772990126027 0.5785186854844148 0.5797559392119903 0.5271571846650519 0.516408455298036 0.26912836965932363 0.2600614774830611 0.2638975631449974 0.2522802423940776
1170 759693.0 0.825971420627468 0.7928371423532701 86.62603523715924 0.24530620856950472 31709.426014610843 0.5844247944565729 0.5592057835719249 0.578558984464897 0.5795969932852947 0.5281486290639923 0.5162586940980656 0.28329009148273177 0.2662774033835702 0.27077627310994173 0.25507921589785015
1180 768756.0 0.826208016701429 0.7934008986759886 86.56840951102322 0.2453507763035205 31787.5953054014 0.5844153852606104 0.5592012226024329 0.5786085956889078 0.5794243056640119 0.5281971664209023 0.516126375606176 0.27891489029465844 0.2518062419697995 0.2704690805014373 0.24528333246992803
1190 776475.0 0.8272235529406646 0.7954938936760311 86.38525194997149 0.24551586361781327 31843.423868458485 0.5848292814140548 0.5586722616799706 0.5786600793684611 0.5792490515862386 0.5290871552942817 0.5173627372177387 0.2781300495683888 0.25304413766181233 0.27108692741127044 0.2458121894317154
1200 782246.0 0.8275865324543963 0.7969162850444417 86.54189281414398 0.24565160931445715 31904.827387757912 0.5847698218994384 0.5591010534515732 0.5787113273022311 0.5790783847524569 0.5292920750399013 0.5184788732929934 0.27061317156929143 0.24369558685553794 0.2668619518703123 0.23822812640992205
1210 787161.0 0.8319204035086568 0.8033653144695313 85.63042789326286 0.24560814441295037 31998.75890867015 0.5872527386006788 0.563541230246502 0.5787709631698039 0.5789261258099984 0.5302703259330805 0.5206079810336898 0.28738454792497015 0.2502849152914742 0.27776873243124367 0.24236149666992737
1220 796267.0 0.8373970738665332 0.8065225993177091 84.49845026313946 0.24555139497446593 32094.192813752987 0.5873574586703991 0.5637392157989864 0.5788407289858272 0.5788011780038622 0.5321062444516823 0.5222470936603626 0.2894945894665253 0.25719787008469386 0.2791707887739369 0.24698116030839093
1230 808079.0 0.8548897504960405 0.8124940052430952 80.93323276465438 0.24558498239768312 32168.604231962894 0.6055221528972197 0.5742650011915251 0.578976074468299 0.5787088086198733 0.5378062363802738 0.5253476414149633 0.2671519312611579 0.25951417869286375 0.25911719676086775 0.2516033664795603
1240 812288.0 0.8577707071576879 0.8173053928755462 80.3899807678045 0.24563863263291272 32238.580678582715 0.6076850867814592 0.5755755059019603 0.579201085740049 0.5786800237629757 0.5385981334600131 0.5274174027035384 0.26651085841002015 0.25529666277960233 0.25997296467572284 0.2503633892573329
1250 819321.0 0.858623636222378 0.8177045241295076 80.23537936788438 0.2456931145256868 32308.241856114935 0.6071337223652883 0.5752794892061629 0.5794250249848268 0.5786531501789991 0.5391449336808657 0.5276289265276346 0.26196878458051936 0.26001991674198566 0.2584199182225231 0.2539436538682669
1260 823328.0 0.8635560063330036 0.8180415099022366 79.15443369554086 0.2457145239304843 32383.19645885924 0.6095036909888946 0.5728625405697084 0.5796445141339995 0.5786221205980128 0.5396367520471149 0.5276241979588462 0.26373607639615637 0.247729303476849 0.25876088855989354 0.24189820017034705
1270 828309.0 0.8672482318620177 0.8229910893033866 78.56596065981216 0.24572401540304661 32459.891931779744 0.6050455419317714 0.5746711310232722 0.5798721018231667 0.5785807689320501 0.5421253909826605 0.5309704316467556 0.26575996809232366 0.24843811875392283 0.26008941104072153 0.24118165105484826
1280 832866.0 0.8693333971299034 0.8432335274165643 78.20582741121005 0.24574351051224572 32534.25436905629 0.6031571953266088 0.5772662335824458 0.5800568894738067 0.5785665620858482 0.5429260540900624 0.5403421796085663 0.27196817281262287 0.25103950867311764 0.26646537386140645 0.2409294241869949
1290 837792.0 0.8720191370903854 0.8435788964816447 77.68828768126917 0.24577953523091078 32604.838448475068 0.6035278889179696 0.5742944859882199 0.5802371683279864 0.5785442487834591 0.5439073243490204 0.5403698987731044 0.2753483415559682 0.23624715215870523 0.2702822097094447 0.2298630188657594
1300 843096.0 0.8738746495311535 0.84415300780498 77.3233210771456 0.24589360910208846 32659.895753137127 0.6030574377905041 0.5737113301352512 0.5804142884536702 0.5785087284109892 0.545527746514949 0.5406237538842219 0.26974134250294196 0.2377873111470043 0.2667837252504637 0.2314410640417236
1310 846303.0 0.8781729541448408 0.8491360425954645 76.59628418723881 0.2460306870608185 32709.761639107855 0.6026267329876913 0.5671987144055232 0.5805798358581505 0.5784404989157497 0.5465228785595228 0.5417089932962142 0.27177682398893027 0.24636850098456547 0.2676702669929324 0.23652558412952743
1320 856053.0 0.8786032298221539 0.8527580454604867 76.54418852513425 0.24616545855007446 32760.063814253394 0.602669342139787 0.5673893309905335 0.5807469898474252 0.5783565529756796 0.5467916430708709 0.5436479803609089 0.2783150097261749 0.24671910330278612 0.2707449765149963 0.2382355620489354
1330 868016.0 0.8791891714092662 0.8621586798406589 76.5206968308167 0.246261565117993 32817.79519560342 0.5964195655614526 0.5646076694443096 0.5808948035371548 0.5782698260891806 0.5472866940840622 0.5469751928790074 0.28394621289105754 0.2474678246181847 0.2719280024765684 0.24006508412413027
1340 872464.0 0.8880996191607972 0.8641776920092874 75.00602279117908 0.2463618072193444 32873.062080835596 0.6052541558661125 0.5655484154076912 0.5810408722444877 0.5781699287785542 0.5496125391282974 0.5462889788281393 0.2918860088418107 0.24813674485905232 0.2796772158815246 0.2415128467145188
1350 877674.0 0.8950613039296718 0.8680871402193521 73.76750587066307 0.24646828044085195 32925.750918064856 0.6057727543569882 0.5626080953123194 0.5812164082657753 0.5780697797445097 0.5529178777297148 0.5465563338044419 0.2869809176593976 0.2502576536217276 0.27846319112095086 0.24435050528739513
1360 881955.0 0.8951629888609819 0.869994170565169 73.75507518255904 0.24662601446089794 32968.581088267245 0.6062071882127499 0.5633904578440514 0.5813974742616903 0.5779573249667752 0.5531449978226078 0.5481280106718396 0.28716788326244447 0.2508811473879591 0.2803206450302848 0.24238505616697056
1370 889548.0 0.8958621382585329 0.8816612080758433 73.62932599126043 0.24676064816580867 33015.756975519966 0.5997145899370965 0.5550965753626638 0.5815526056308905 0.5778043859579036 0.5532397091413024 0.5505427349641621 0.27503159449589304 0.24793968879114373 0.2718161473974342 0.2371777261159283
1380 896766.0 0.8971193157752169 0.8823322774060262 73.52322461223538 0.24688488838769648 33064.867678324175 0.6008763068798693 0.5547584513695382 0.5816845211202958 0.5776376998484066 0.553477091304586 0.5506060723322795 0.2791513021144404 0.25124395134873895 0.2730589659642945 0.2355124096464122
1390 903439.0 0.9014743322791946 0.8867853045571655 72.89852881443171 0.24701111019050148 33112.925362602546 0.5969802900726697 0.5500307563691446 0.5818183112966344 0.5774668766172928 0.5545323895561304 0.5519919211871123 0.27564755464121 0.23930426729733245 0.270737675692338 0.23172726511698447
1400 909146.0 0.9026654244203701 0.8884136190348682 72.80893907639677 0.24711572488163855 33165.105384141476 0.5976248528288273 0.5513290878666992 0.5819289271958091 0.5772759444208792 0.5551457288448556 0.5530421691690096 0.28136139061327986 0.2364236998954622 0.27628408139300703 0.2299920012093901
1410 917989.0 0.9028998693186213 0.8894194676447319 73.0500939953457 0.24722068604460246 33217.540506301106 0.5980134634512809 0.5519541475445239 0.5820403639950363 0.5770927521708058 0.555351551087409 0.5536357446226056 0.2813210519058671 0.222982232506794 0.2751194033258442 0.2175622937772684
1420 926341.0 0.9051688112866078 0.8909543071993437 72.73854206864277 0.24738631310269837 33258.07893262376 0.6007798801366154 0.5517432649292191 0.5821717299677507 0.5769153510697068 0.5562851001375567 0.5540829409871155 0.2804018381518365 0.22079577281473944 0.27576927435091225 0.21754138650547739
1430 932565.0 0.906354175358656 0.8930875646155255 72.49849529827881 0.2475408113783428 33300.50441243984 0.6000383768168068 0.5512737329092743 0.5822956218091114 0.5767361032538925 0.5570690191674418 0.5544755347475467 0.29075402025850006 0.22600176159942018 0.28136000328949834 0.21766263175992923
1440 935814.0 0.9066700700316415 0.8932353338240773 72.4469491501704 0.24769325654949448 33343.326489654195 0.6063726429064414 0.5492964967304181 0.5824223395126386 0.5765575849343643 0.557360518643728 0.5543163660965232 0.2902512300381355 0.22596810743021542 0.2815667426613111 0.21762117983242454
1450 946386.0 0.9243620877236584 0.8988745609047964 69.73810015755093 0.24787765655646063 33376.85015684172 0.6069307258811246 0.5506817392188396 0.5825883665821154 0.576373445110689 0.5599248370784724 0.5558098817530689 0.2922038565788714 0.22319988646897543 0.28570849747141264 0.21518644110733862
1460 951036.0 0.9301835371949028 0.8992385587102444 68.82420948428532 0.24807279497766727 33407.281432382784 0.6087399025214247 0.5524815743875392 0.5827612508535308 0.576203953645044 0.5622320827445645 0.5558375079261181 0.3038052481473796 0.21936976544534417 0.29582462838419477 0.2127647996708896
1470 955083.0 0.9311481857126864 0.8995849227000781 68.7105983943407 0.24828811214148028 33433.87269667847 0.6083980887992763 0.5503101519072071 0.5829360500418831 0.5760317743107687 0.5624900054437546 0.55575663897125 0.3036856018057025 0.22029844912220503 0.29631068087164614 0.21163038453542657
1480 961218.0 0.9460751338929344 0.9148706563337146 66.55437917153142 0.24857089542318725 33445.08619369917 0.6125399493282025 0.5426666898493108 0.5831319501320998 0.5758212266620593 0.5666510742831395 0.5637997790895715 0.3100628704303911 0.24076325499708262 0.3029149237012294 0.22485830674283674
1490 965659.0 0.9470179030659278 0.9213031870628993 66.43873747839099 0.24888264930097997 33451.034127075436 0.6127696756860653 0.5436047779061811 0.5833292280141201 0.5756023864181627 0.5676560356520314 0.5654920144231028 0.3207432859838418 0.2220318293058873 0.3133105825135746 0.210006891058736
1500 972723.0 0.9524996152426138 0.9333522349456189 65.68169189316113 0.24921475087911182 33452.44506685358 0.6147906357441439 0.5460693926598676 0.5835309657338349 0.5754006209360137 0.5712077805329612 0.5726168565370424 0.32050619377244743 0.21633029863898046 0.3143691458126265 0.20822584255254517
1510 979377.0 0.9611110586919949 0.9354807669959518 64.42583945810807 0.24960746287968694 33441.31015825446 0.6156092302694054 0.5437558781515682 0.5837394973890874 0.5751961891797663 0.5768869870104709 0.5737423946569867 0.33111933950599304 0.21722738776326694 0.3268612915856721 0.21056768059618677
1520 986380.0 0.9636092651335662 0.9357365666961778 64.07554563440766 0.24999481909698512 33431.007230818366 0.6165292751598981 0.5437050185465087 0.5839500898966788 0.5749893020514241 0.5772049410037917 0.5734904430835362 0.3296859544921549 0.21485102810184575 0.3260990979634861 0.20851815627432974
1530 992218.0 0.972621372691292 0.9374678385517484 62.77943070471686 0.2504352395857826 33409.5962533636 0.6160659226048688 0.5442601341064269 0.5841607704588384 0.5747896362294684 0.5818518988017343 0.57364527111725 0 0 0 0
1540 997329.0 0.9740824047189972 0.9400847032943375 62.630210886250666 0.2508613808539287 33390.99839503116 0.6146913949755903 0.5457132106315847 0.5843638113084272 0.5745973409689291 0.5825523244775948 0.5745877178030245 0 0 0 0
