1 661.0 0.2739887055211415 0.21579679538376312 793.8663216716162 0.2739887055211415 793.8663216716162 0.5701969823102521 0.5217540718765878 0.5701969687260844 0.5217540622537629 0.2739887055211372 0.21579679538376356
10 5744.0 0.288535009163824 0.2193080678144486 710.0468936056602 0.2731100472844046 1504.532081647128 0.5593579543093898 0.5215139488512949 0.5628206997588682 0.5206425224198148 0.2803915229518174 0.216428793870079
20 12116.0 0.3015198082291777 0.237144568920206 633.5836462084889 0.2685300087584643 2148.9162376016566 0.5576179541380956 0.5232246714250625 0.5603048383102643 0.5215697422644924 0.28757329548347005 0.22847224133670743
30 17350.0 0.30990319863856053 0.24407085663147524 597.3170392379277 0.267426425609031 2749.7343756464425 0.5566238028646331 0.5235370471685585 0.5597320206007523 0.5222759204845073 0.292854533072089 0.23434785263051897
40 21735.0 0.3143870307172774 0.24505479893979107 578.0247181915818 0.2638857765411215 3343.7496867502196 0.5538613523777683 0.5234168047594545 0.5584348582513391 0.5225563992596773 0.2937844264143477 0.2361686525849532
50 28555.0 0.31908284118490043 0.24764185833989827 560.852280178131 0.2622790514032386 3912.8365431512675 0.5599863758738524 0.5285348690155807 0.5582569541967906 0.523304735465774 0.29452506676555934 0.2385108647547183
60 34815.0 0.33075886220369527 0.25038500485655396 518.5263787871999 0.2619848301871093 4433.405830939169 0.5581512748568287 0.5259654743650172 0.5584119478020803 0.5239858030059679 0.3011327519060173 0.24036444753458155
70 43931.0 0.3467525682762236 0.26881178743494755 470.7117835588716 0.26217398361906563 4902.3258825566245 0.5554796922170716 0.5273637894228198 0.5579865346749715 0.5241743110910184 0.3163162127445717 0.2502763228261599
80 49108.0 0.3518358891307212 0.27750529115434835 465.16480968367387 0.2623691739997034 5365.624114860319 0.5578007103967376 0.5282601763878546 0.557940543939737 0.5246682999690357 0.3184654885657212 0.25570603029531175
90 53742.0 0.35390632879005474 0.27900542196578465 460.59982140372915 0.2625344974765652 5824.596558256865 0.5589858927452197 0.5275076659929355 0.5580086434724708 0.5250435826232133 0.31925350033614996 0.257496155984089
100 55610.0 0.35866156317722714 0.28580520671256937 447.6149010733009 0.26204645910378394 6277.832360840006 0.5563204605776336 0.5233520273878635 0.5579223020077099 0.5250006175839973 0.32161692760188343 0.2638276253692407
110 63159.0 0.36633454613329336 0.28630427834395916 433.31538454534945 0.26177757188896644 6714.52024841114 0.5568439663628979 0.5237231760358334 0.5578148975798235 0.5248651584176725 0.32545586649821107 0.26423049783781666
120 68737.0 0.36934717064368827 0.29153440021194166 426.7371374502216 0.26171493148516994 7142.070845219609 0.5549936031088918 0.522822361748793 0.5576854319318252 0.5247242021711154 0.3274432458396975 0.2668469795840239
130 72371.0 0.37325056153483893 0.2955928693887657 419.2406319095048 0.26242620945733197 7552.3675836138755 0.5553865923590624 0.5236344185364782 0.5574985176611599 0.5246159095802629 0.33104988999187096 0.2707121329419654
140 78223.0 0.38309985672004915 0.2973834916909728 397.89055171727796 0.2635443811005753 7934.451010983893 0.5543166953175538 0.5247657201160687 0.5572421118831615 0.5246026045992611 0.3372998976618064 0.2716766828511814
150 85033.0 0.4004247242104516 0.3047012788270568 359.98317482335875 0.2650126754369703 8267.813241636608 0.5527320600163992 0.5221056380473529 0.5569865504377015 0.5244791281255495 0.3509740806363423 0.2777656327554938
160 92553.0 0.40693248966449774 0.3050648562290055 348.15298467660176 0.2666439044436326 8585.22823664426 0.5561147283684892 0.5228005036895533 0.5568010490016561 0.5243746860743577 0.35668825621966815 0.277852365893038
170 103618.0 0.40880177921740385 0.30618412999748 347.22876009838524 0.2678992395776759 8908.735455757105 0.5560820296316699 0.522634361613893 0.5567557691228573 0.524271451730428 0.3577809327656715 0.278191176176288
180 109741.0 0.40931122556660243 0.3084074528006988 347.5409013575054 0.26880225757864484 9239.106587431444 0.5563921336496152 0.523794441806728 0.5567396760437031 0.5242468328975003 0.3579929940224768 0.2796138252653332
190 117997.0 0.41563485295549185 0.3123017467251656 337.2355201078844 0.26987276697124296 9555.14048262714 0.5594261936606547 0.5294851579931275 0.556895085277343 0.5245243591445632 0.361830425829123 0.2800389459255076
200 123513.0 0.41615013159381314 0.3128471321180021 339.4945875375031 0.2707380733022192 9877.970493805695 0.5595740938070572 0.5299046647685433 0.5570271437412327 0.5247883089975891 0.36211143405752766 0.2801291335823738
210 128721.0 0.4181958915385181 0.3172936438503317 336.18452574900306 0.27146422731713404 10199.75676167999 0.5575774954735504 0.528715014634887 0.5570960635336709 0.5249553385517531 0.36277555578496723 0.2825689646312131
220 132183.0 0.4217663861869627 0.32948233011418715 329.4027176439984 0.2723114919116053 10511.864295120926 0.556421700834987 0.5275219342185374 0.5571058217596314 0.525104349624167 0.3645842276069287 0.28966101062561195
230 138060.0 0.424750291961667 0.33838040481020326 323.9765185403831 0.27302697464938025 10820.446171240943 0.5636347376449367 0.5399805643772594 0.557232385123035 0.5254788427061043 0.36357435358443413 0.29227984581370664
240 145024.0 0.4250684680737721 0.33977301270271715 325.2925165635625 0.2731800819273412 11142.257990181392 0.5636246610156582 0.5402989477430001 0.5575205909815703 0.5260832741379787 0.363609933245745 0.29323224907032913
250 149117.0 0.42618847714803754 0.34771296097680626 323.6344255859063 0.27318374753160135 11465.806116525166 0.5623726275090568 0.5412876110444217 0.5577251949265065 0.5266814982230172 0.364078648544449 0.2992476503069572
260 157347.0 0.43209167790181335 0.3589644110391461 314.3547330511594 0.2732403414984686 11778.73076575985 0.559635928204187 0.5418260652044099 0.5578333517676792 0.5272588028263672 0.36742630901517337 0.3082833376128946
270 163054.0 0.4382327395768856 0.3633489058764283 307.4132347971888 0.27339421124826313 12082.12039145673 0.5586925087556032 0.5412305235881 0.5578717174106534 0.5277803509896504 0.37239665997292043 0.31164601886316684
280 169197.0 0.43968441821475424 0.3667557111701668 305.02367864020954 0.27375767291870806 12377.810128020934 0.5586202564505538 0.5412712510106344 0.557898401539424 0.52826084719832 0.3729728526654891 0.31346054087485153
290 174824.0 0.4405800236855677 0.36973730832520957 305.0901691362954 0.2738852871199787 12679.524091961499 0.5542485573090843 0.5415866100960275 0.5578775885932051 0.5287120329818321 0.37303030511487323 0.31499241913631726
300 183159.0 0.4409165052467607 0.38502817851703397 307.01332190984056 0.2741012282355222 12981.08858974443 0.5543136245641155 0.5436217552549367 0.5577580574539325 0.5291867047742658 0.3730324270556415 0.32530876368241946
310 191450.0 0.4436097768918439 0.39359508416573974 304.080617198046 0.2742252960631493 13281.911908561162 0.5531026039813935 0.5448865215717195 0.5576105542185337 0.5296875640080814 0.37485346984767587 0.33223819495318035
320 196920.0 0.4441722732164896 0.4016785644761147 303.0453148017764 0.27416094210173975 13586.730760584296 0.552661739333559 0.5475336118605825 0.5574581575234594 0.5302131746549328 0.37491091298196116 0.34027549685803066
330 201080.0 0.44635058127979155 0.4019620165229291 300.0122065984489 0.2739266643354337 13893.638083696575 0.5500582221490029 0.546398780516564 0.5572663162347965 0.5307207029503793 0.3767285251967286 0.3411012263494165
340 211045.0 0.44833035092497825 0.4144510221303361 296.8892104040885 0.2737820932535396 14194.84916720699 0.5500923538027124 0.5447552781447079 0.5570542667418813 0.5311648857159377 0.3787358344954213 0.3521650112303487
350 215555.0 0.45011136065345164 0.4154541365749725 295.08450027908424 0.2738549522816081 14487.823098832592 0.5522765551472513 0.5417667750748546 0.5568757443829451 0.5315258522740471 0.37932242899447965 0.35270451767353606
360 224882.0 0.450498902810427 0.41581890897502627 294.4482761076905 0.2739198286704053 14780.378950143338 0.552301433289434 0.541836445971843 0.5567486184542295 0.5318103060302943 0.37931632191104026 0.35291195769646916
370 229874.0 0.45709402177744074 0.4248301807817576 285.1827893767784 0.2740604784564908 15061.146769567318 0.5503835611547278 0.5394324398446811 0.5565942486827176 0.5320619071515603 0.38241869590612027 0.3569454573565078
380 237716.0 0.45754055530590876 0.4254167657051012 284.5915281158532 0.27425188277832563 15339.78902095475 0.5483606864434433 0.5451766501904541 0.5564226018918403 0.5322695249136902 0.3824390758462671 0.35752677941558875
390 242395.0 0.4610027453703332 0.4383833180991597 281.4131334085406 0.27444899316038757 15614.943647068918 0.5494387430364457 0.5450001982711995 0.5562479107371295 0.5326108081972842 0.38431073712122854 0.36410661321731974
400 245388.0 0.4636892479989115 0.4445697139791638 277.5765524295144 0.27471408983320034 15883.94471281216 0.5491256321747595 0.5449067746547925 0.5560741732637975 0.5329187241842128 0.3860925261643521 0.3697514587957054
410 253347.0 0.4645039574886627 0.4448862687237544 277.6812248405218 0.274918278676162 16154.990879350038 0.5496464827065506 0.5469301721418445 0.5559177685860568 0.5332596278434124 0.3857674252431638 0.3702216263446479
420 263029.0 0.4645431797414875 0.44494091687427584 278.7191118967108 0.27511378676273224 16427.469514677592 0.5496404382090038 0.5469256939244995 0.555768703862584 0.5335842627817563 0.3857370018712888 0.37047636181456023
430 270520.0 0.4653672155382981 0.4492704521550675 277.8656109498911 0.2753015472971923 16699.30479822632 0.5513439467606072 0.5475816713783701 0.5556499561379744 0.5339092339079712 0.385604133168196 0.3742036459828871
440 278882.0 0.4759614486895256 0.45235693533587074 265.7776604892435 0.27520270152483345 16968.93189958179 0.5568331088157623 0.5533481723539404 0.5556359376021063 0.5343015531021628 0.38992215278107956 0.37432050546153084
450 283149.0 0.47641129834142676 0.45241597074733647 265.3526769727218 0.2750537161454207 17240.19415988343 0.5568609608536867 0.5533350202294646 0.5556625598371266 0.5347238814260118 0.3903941792869885 0.3746446897516082
460 289649.0 0.4795451243979712 0.45321651540472147 261.9333897622421 0.2749357977180939 17506.92659044542 0.5582907622318182 0.5528400118530684 0.5557009550888792 0.5351232879605523 0.3913706841326354 0.3751669452228298
470 294786.0 0.48185435182648834 0.4609577545857253 259.55412227535027 0.2748233372940197 17771.15926739115 0.5597538678900976 0.5568705512867095 0.5557722390237624 0.5355190617083961 0.3926338174048152 0.37973867545031736
480 298812.0 0.4901087117380353 0.4620806664270697 249.88817594392998 0.2750468591624667 18011.684815490014 0.5614981802551848 0.5571712404463982 0.5558867292244555 0.5359627997274845 0.3996734206886929 0.3807519609451183
490 306989.0 0.4963490444938515 0.46742728762770014 243.0723189610821 0.2751331712891915 18250.79104853759 0.5603490829070883 0.5546885278910574 0.5559918420137998 0.5363597095302501 0.4036591418534952 0.38387291510711785
500 316693.0 0.49676444838208744 0.4677341630994721 242.684457154919 0.2751042192365396 18494.845086664584 0.5555835118640893 0.5478644789441642 0.5560614152851615 0.5367044630291541 0.4040619526554052 0.38394264456064026
510 326232.0 0.5007127288020817 0.4701997952832748 238.59742812263445 0.27509128446021464 18734.074101133927 0.5575453434578008 0.548068168527448 0.5560725929974287 0.5369239837885763 0.4049849636862015 0.38575863020767354
520 332447.0 0.5020128511201309 0.4718421212835556 237.58169229213772 0.27507759820658234 18972.329579647976 0.5574650181472645 0.5459174657222678 0.55609955753122 0.5371127215237803 0.4056198567827238 0.38559010875664596
530 337173.0 0.5061288208443894 0.48125425982967157 233.25207209717874 0.275133238990878 19202.78332722427 0.5593920001298034 0.5430923122344269 0.5561483608527449 0.5372399255050317 0.40849318874204144 0.3908926112045784
540 345820.0 0.51287762285581 0.48299505849079394 226.75989618340068 0.27522328288739 19424.801540132583 0.5619627106312852 0.5513222306296599 0.5562316056584752 0.5374241053365408 0.41152578165746695 0.3908517024672125
550 350061.0 0.51502113308232 0.4836610751233072 225.25069787447364 0.27523788603567795 19649.262183640938 0.5615631502177191 0.5512801804928356 0.5563308762544724 0.5376758763495213 0.41411493425410156 0.39125693453193244
560 355556.0 0.5156195453336333 0.4839431316239906 225.6227890990103 0.2751877389115367 19877.623451503525 0.5617002735820338 0.5508671501102861 0.5564251389998537 0.5379154399911108 0.414419113955703 0.3914814483125413
570 360753.0 0.5161164243333749 0.4867624682337168 225.1419901713357 0.27512237249858007 20106.366423472235 0.5614555087604657 0.5499096399682264 0.5565119877077429 0.5381246700575743 0.4146956258327881 0.39231836062472314
580 366244.0 0.5165729854187169 0.4880722316262232 225.2489858287212 0.2750819522104723 20333.825572395348 0.5615573732009713 0.5498944979106671 0.5565980249729902 0.538328399496754 0.4152939014751441 0.39343464318278326
590 379774.0 0.5173380613726377 0.4890304669233555 225.04609701609942 0.2750393227651256 20561.20642006773 0.562849132833517 0.5490127435642899 0.5566981877373524 0.5385101466888853 0.4155945660110333 0.3941489114970378
600 386585.0 0.5257299932339675 0.493364896760399 218.08752355744213 0.2750517473719614 20778.582453596602 0.5679308146679012 0.5496439390816978 0.5568210439833918 0.5386926023675017 0.4197558591371386 0.3952311164966701
610 393432.0 0.5410938279042534 0.4965040340744291 204.49047595541566 0.2748729951771057 20995.000099168064 0.5723968129776 0.5439954954482032 0.557013873629694 0.5388445898364329 0.42013860076986775 0.39491596847873134
620 399938.0 0.5415232348993954 0.49668766573487405 204.43836186655412 0.2747266978960749 21209.160727636045 0.5739850228558115 0.5473640393426765 0.5572641503220683 0.5389330696422364 0.42069649986696267 0.3951073095185994
630 405911.0 0.5448148638059714 0.504976116817904 202.18261524129016 0.2747263461250405 21411.366399820603 0.5738472249504617 0.546515572918444 0.5575276275421 0.5390577013593565 0.422245840756077 0.39951320805239365
640 411895.0 0.5454456505364956 0.5051434881895983 201.8157029080291 0.27473257592930495 21612.773357554044 0.573156867420466 0.5461680402117322 0.5577807551409483 0.5391731167857137 0.42254136898316974 0.39947001583855546
650 415546.0 0.5485161200371277 0.5102112188924162 200.29355150575083 0.27477734085119815 21810.12868051247 0.5728007089152511 0.5473693206404937 0.5580133898142782 0.5392960365319902 0.4241319110522659 0.40200914022583745
660 421382.0 0.5486666565162837 0.5106235638764426 200.16131525610422 0.27482185565763384 22007.367153434203 0.5727953153442495 0.5473620424057166 0.5582370550141329 0.5394181198304465 0.42430220628892595 0.4019463357678891
670 425980.0 0.5491239632197914 0.5132639375234714 199.79961887096275 0.27488798835914496 22202.838695908267 0.5717991376928058 0.5479963856373337 0.558464659791426 0.5395414810757159 0.4245854478347638 0.40375711707513057
680 433720.0 0.5537626897451788 0.5226268972912678 196.22720888053144 0.2749401776927456 22395.53870770256 0.5704826557007072 0.5473762452238138 0.5586445686263384 0.5396578676179727 0.42819226534922533 0.40825004980493085
690 440301.0 0.5583761933735175 0.5303504926561644 193.6399923357833 0.2750218151337536 22583.603011812047 0.5710824985006113 0.5454757437768998 0.5588204139591999 0.5397556869664998 0.43040259574088674 0.4141699250707778
700 445898.0 0.5585698104781689 0.5346920925397788 193.52122121552247 0.2750956229260399 22772.076112148774 0.5706690778546514 0.5485159715731632 0.55899004574908 0.539867612099342 0.43046303564852273 0.4187473756619844
710 452374.0 0.5602711716513926 0.5350696865948454 193.15069548968756 0.27517971523022516 22959.49613153371 0.571207384560921 0.5482760800149528 0.5591565900257403 0.5399889457058937 0.43107981354322206 0.418880235254703
720 457916.0 0.5621574556515572 0.5374829016128075 191.69804336289724 0.2751876010169018 23150.639676094146 0.570820659365255 0.5491045682964374 0.5593310901463154 0.540120916501029 0.4315368631291672 0.4198185940553101
730 464079.0 0.56632540691251 0.5482158767499061 189.0890018640375 0.27523138086411647 23336.615992445557 0.5702607394946757 0.5495896282472977 0.5594866984958106 0.5402488008134673 0.4336168191564815 0.4241288695824941
740 470453.0 0.5686204819534035 0.5513424931340758 187.72986750342136 0.27525767388214706 23522.44914182106 0.5685469366993355 0.5520941037346545 0.559634807990404 0.5403898894691757 0.43470800833907425 0.4243691440777399
750 475746.0 0.5695544323555504 0.5536459182971819 187.011807727301 0.27527842897539956 23707.952851981783 0.5667762869309168 0.5432129298455824 0.5597449746148648 0.5404883609951809 0.43525183787373056 0.42564004939924227
760 481401.0 0.5712149321884619 0.5548821310685303 185.9410128763996 0.2752565260379723 23895.51735048778 0.5723275747381126 0.552188917621712 0.5598439263415438 0.5405397415531641 0.43548090972053277 0.4261317406652179
770 492662.0 0.579864101213555 0.566005612293643 180.52289403806932 0.2752098137557697 24079.679488304424 0.5714724190425904 0.55543845445057 0.5599929723755291 0.5406944673879984 0.43828525851015476 0.4326593485614981
780 497962.0 0.5858694919912523 0.5696533119545878 176.38287065872345 0.27517863710689183 24258.5659475043 0.5673637565538445 0.5451342290748531 0.5601212732240733 0.540803464543847 0.4413808755190447 0.43487897445648116
790 502320.0 0.5861819874629824 0.5705566034705921 176.36198953455042 0.27515519092672036 24436.80749752956 0.5668024866090959 0.5447208027955547 0.5602078049263933 0.5408549847446898 0.44153305066814885 0.43521537172146973
800 512323.0 0.5935501578087234 0.577046021464023 172.4851652584187 0.27503639178975225 24619.327727768636 0.5690580148878922 0.5459961506783106 0.5603047598816596 0.5409098375339316 0.4448737949270648 0.43747482586211034
810 518312.0 0.6014973326234554 0.5781588153517674 167.47820277877398 0.27495017466460603 24794.327398561363 0.5725913073173244 0.5463546148070377 0.560444934854805 0.540973801165275 0.4486200407525083 0.43846804171262393
820 525814.0 0.6022581792149804 0.5804553563336435 167.22979794068763 0.27489396295209445 24966.439948994343 0.5693250467198027 0.5473759945544924 0.5605639309996584 0.5410481854782299 0.4495246030731035 0.4401344797719708
830 530883.0 0.6029595663931141 0.5808684715849188 166.92514136082536 0.274840484389877 25138.0213581298 0.5748742993320947 0.548306068195023 0.5607141568156083 0.5411303999450542 0.45007129420030817 0.4404234746219422
840 534170.0 0.6055836456090691 0.582190808372062 165.47893313313432 0.2748118525632255 25306.007441242957 0.5746641440346566 0.5493229052746867 0.5608791263176571 0.5412201897632616 0.45148649162049626 0.4412801536829323
850 540817.0 0.617944897167688 0.5895034654799025 158.32949536231547 0.274498664431965 25495.18626944736 0.575850907563356 0.5459288122724042 0.5610423451439832 0.5413118048575097 0.4568737751914833 0.44462779739047237
860 548253.0 0.6181806459057038 0.5897267262976016 158.18642802392614 0.2741804773633848 25684.94345418136 0.5758785417250929 0.5459799168613468 0.5612146272557693 0.5413659685816403 0.45704161965668993 0.4446819137821179
870 553363.0 0.6184398953230362 0.5905179715943035 158.11351921496612 0.27389125558164024 25871.73481910699 0.5766810748191965 0.5466728435081682 0.5613926761967264 0.5414269248900896 0.45722827704409524 0.4449126113190969
880 565499.0 0.6188231179601555 0.5906806141884912 157.9391362124957 0.2736325085023807 26055.30774617217 0.576726981497737 0.5466930500373162 0.561566352176278 0.541486357512049 0.45747120569824884 0.44491368150151245
890 572447.0 0.6190851034255382 0.5912163875364037 157.80777110123591 0.2733825606230943 26237.95771554027 0.5761732313066459 0.5428746813612915 0.5617349268003636 0.5415267379656001 0.4576576045667658 0.445242426207147
900 581206.0 0.6192884041606851 0.5937693719462339 157.69421241355366 0.2730907697647633 26425.084751044487 0.5771454280703135 0.5434713981500265 0.5618963057375294 0.5415424219210433 0.45781216609353925 0.4469913114368955
910 587394.0 0.622795959121326 0.5950106288851077 155.64530266778087 0.27286311164856103 26603.795461246038 0.5740997060526438 0.5405475874739759 0.5620447231742827 0.5415318040270117 0.45840720485125946 0.44736471002609046
920 595763.0 0.6237974311600246 0.5957445473714664 155.10761127303525 0.27264757458913386 26780.84464871121 0.5682923474857249 0.5354513985164064 0.5621156501782238 0.541475250950255 0.4585271570817463 0.4478020791951308
930 604010.0 0.6376630266930903 0.5969974630419875 147.81298767458503 0.2724911100211669 26945.25816971469 0.5697908960248906 0.5350305834505206 0.5621882789089654 0.541406732967704 0.4641689430760082 0.4475900372423305
940 611572.0 0.6486367532899302 0.612418466657262 142.54796452328875 0.2724254294878578 27094.909249385808 0.5768409050645024 0.5393160000784857 0.562307948286625 0.5413652059405589 0.4673088007129689 0.45178806348660777
950 620071.0 0.6510588294470254 0.6178943068036798 141.29439627478726 0.27233643614710434 27245.97516073015 0.5759956692781604 0.537095538530594 0.5624556211815409 0.5413223094036004 0.46782725323386676 0.4534502701478467
960 628238.0 0.6520670974656372 0.6190955003505126 141.05696538914313 0.27225544155397 27395.932579448716 0.5761698117687176 0.5374296525464648 0.5625985859053007 0.5412819124553724 0.46831245005375255 0.4540670621095772
970 632200.0 0.6526149684656432 0.6209242238598932 140.82507999949556 0.27218168271955634 27544.873437470673 0.5768540604061301 0.5374220268490277 0.5627399696627319 0.5412418572250064 0.4684077537836314 0.4547818517099213
980 636639.0 0.6550582830829277 0.623498491932478 139.59224594853282 0.27215492107260714 27687.409285424998 0.5752143187842271 0.5324706733968155 0.562871110935978 0.5411812652153377 0.469565397237837 0.4561998422017257
990 642065.0 0.6566285213851552 0.6265402617539882 138.8829985812248 0.2721410220185545 27827.825125567433 0.5741365626198788 0.5319477621314967 0.5629862620341759 0.541089223372696 0.469911381761887 0.45661786032762036
1000 646312.0 0.6583305150198692 0.6280112983478762 138.08839844729192 0.2720929240993116 27971.29273883995 0.5748974902711135 0.5325013808099995 0.5631027253321802 0.540999234134108 0.47062574603015395 0.4572626340294819
1010 650107.0 0.6609543011752673 0.6357916005031478 137.49224730646637 0.27201668836019394 28117.398479878633 0.5705548363287334 0.5326042178540877 0.5631996149332091 0.540913228798361 0.47189073606365084 0.4615439482714924
1020 657646.0 0.6611430324712845 0.6423062476491087 137.77015235555064 0.2719207623290586 28266.03932411393 0.5629170409879136 0.5372968956731508 0.5632417174697312 0.5408501548780514 0.47179453645898606 0.4634567864112997
1030 663863.0 0.6633428534826464 0.6445833840803005 136.80564202568314 0.2717550035491615 28422.10143816074 0.5582804885802747 0.5396619510498707 0.5632018309208319 0.5408344907919338 0.47283217039806674 0.46413871694682557
1040 670074.0 0.664152171418201 0.6458545719425473 136.5112523878229 0.2715855269884894 28578.409609433184 0.558147461015983 0.5400299835997976 0.5631534523046764 0.540824646468338 0.47319971844932385 0.4648516915370364
1050 672976.0 0.6646349227005416 0.646327295904531 136.32389605561167 0.2714087950538402 28735.497019771083 0.5597951821000963 0.5385005036068791 0.5631091762668905 0.5408126316611529 0.47321122393083054 0.46503555524973944
1060 680376.0 0.669583679957629 0.6520774035316618 134.10318468232092 0.2712400389365856 28889.761058033953 0.5594112697630703 0.538562968949406 0.5630774112903226 0.5407939755903889 0.47603883774917927 0.46856993105582806
1070 686472.0 0.670144095542567 0.6526745810042885 133.98279017253896 0.27099482890173154 29053.667445294952 0.5558518169519364 0.5388576433458113 0.5630299294792156 0.5407728312982444 0.47695616799538915 0.4687796631396263
1080 689897.0 0.6715230962326604 0.6555773458693659 133.82597403412822 0.27075342144178755 29217.049566138056 0.5558625037505861 0.5388993883348884 0.5629635883454589 0.5407553410031327 0.4771367191929688 0.47046991614833006
1090 693059.0 0.6717751925614663 0.6556660838117716 133.73744242260642 0.2705078147232889 29381.023539260892 0.5558554217292238 0.5386354044518793 0.5628933145992085 0.5407318980577493 0.47702115283682894 0.4704339436310188
1100 701220.0 0.6725702334153795 0.6583929715673139 133.37427024245443 0.27027275252370264 29543.4524751123 0.5535513878031666 0.5377282817436366 0.562810732451838 0.5407051412731569 0.476919593386331 0.4719612847350862
1110 707236.0 0.6825930278526141 0.665158769792631 129.67559827892273 0.27007849087954633 29697.589175009125 0.5542545952950665 0.5411242682239364 0.5627353369523064 0.5406967412055864 0.4837121632174168 0.4769761272940609
1120 714721.0 0.6829588240036963 0.6655436882307549 129.5731780744311 0.2699029828050965 29849.24511300762 0.5542599501740071 0.5411137497747658 0.5626597301550418 0.5407004155232793 0.4836609044527501 0.4771999454586895
1130 725844.0 0.6831822478557364 0.665894473121134 129.60353185128395 0.2697377979307351 29999.62889646813 0.5527642690952876 0.5401912485284138 0.5625830742454742 0.5407030151888252 0.48355689238618205 0.4774004163082828
1140 730664.0 0.6853436045301726 0.6663133971525759 128.70183345801095 0.26952217789161004 30156.04677429495 0.5532297122510106 0.5357038109356107 0.562498624139448 0.5406829258541529 0.48632204793332817 0.4776996876575764
1150 738057.0 0.6920044309675358 0.6674901348356843 126.05501311749217 0.26929758382780034 30311.66809897756 0.5517236183716687 0.5355656193303525 0.5624156179903133 0.5406398460710831 0.4895394246376428 0.47826790363942306
1160 743620.0 0.6936739306295385 0.6774668677506088 125.36684373595854 0.26907507518688173 30466.55870013463 0.5527146911554612 0.5416589631735345 0.5623151215091675 0.5406071971594362 0.4900350155972965 0.4804917791751311
1170 753391.0 0.6946127525866814 0.6779182037370998 125.47838401993117 0.26882708382328835 30625.206968057995 0.5533759674818423 0.538857599630004 0.5622359508462285 0.5406042110003731 0.48997617734977916 0.4806648776093013
1180 763775.0 0.6953147514561607 0.6785704682601704 125.43369537398698 0.2685674694330438 30785.59878507221 0.5510656907897455 0.5379253160030573 0.5621511486572286 0.5405854734902683 0.48966863189686466 0.4807850384950905
1190 773455.0 0.697768896052678 0.6811172590202892 124.43624039248577 0.2683677289195793 30936.83221772607 0.5521515608269267 0.5377430388373411 0.5620618540524048 0.5405593163687911 0.49075157656737406 0.48203783831304625
1200 782246.0 0.698140222074552 0.68243032733032 124.74376310924364 0.2681500904077861 31090.911193252643 0.5532955169726305 0.5387036723078946 0.5619806948896305 0.5405374155148492 0.49064343100456626 0.48322016020820785
1210 793303.0 0.7056979417566208 0.6879112233019009 122.05012660709022 0.26783205570331015 31257.8550500646 0.5532507860729667 0.5405842339456037 0.5619093540189423 0.5405287877225989 0.4936708975316831 0.48656474745194117
1220 801005.0 0.7077466420765544 0.6934603659899358 121.51528146844458 0.2675366084465187 31421.191187649107 0.5540585566745339 0.5440136287380879 0.5618411050767749 0.5405406653021774 0.49441410714121115 0.487462218441047
1230 809591.0 0.7130622448763142 0.6994253358300021 119.78466639536461 0.26729362711939963 31575.47649866778 0.5651035000442751 0.5478435341538944 0.5618087005036934 0.5405745894839058 0.495413258074234 0.49043284507268936
1240 814353.0 0.7148806968472081 0.7003039664269997 119.11312802219369 0.2671123119888181 31720.161036427493 0.5663092619796806 0.548380067498267 0.5618450497899451 0.5406388245414515 0.4962284872172977 0.4912455324749504
1250 820425.0 0.7150241729732124 0.7004927840036737 119.11038986231797 0.26694283435240124 31863.169379356033 0.5663090732660856 0.5483700949902416 0.5618807224213908 0.5407006476661177 0.4961768891188186 0.4912111829962092
1260 824701.0 0.7154502725134222 0.7010588001832991 118.97069438524133 0.2667726826448384 32006.226159600374 0.5685556367177166 0.54721522362789 0.5619244127257904 0.5407565180749635 0.49620070077447004 0.49146103458558643
1270 831105.0 0.7221980038452238 0.7093213204188601 116.73824192412356 0.266561279436832 32153.75547648147 0.5641669115468184 0.5491832940498304 0.5619652484351683 0.5408127575572189 0.4992081932295102 0.49647923666313293
1280 835033.0 0.7229906129251412 0.7144864004658484 116.49712690814721 0.26636929812413973 32298.21742417576 0.5647037218706361 0.5497138626241123 0.5619847228760793 0.5408810557361191 0.49904486338888265 0.49983321563283134
1290 840125.0 0.7276506448726764 0.7180584319672607 114.88931356191051 0.2661899598577987 32439.521174288886 0.5556496761288139 0.5428914018760751 0.5619514883606936 0.5409128441833264 0.500262336310122 0.5015192218232573
1300 844419.0 0.7295955691784412 0.7193640343332754 114.17331643358487 0.2660797312460916 32569.77486478481 0.5550635209858916 0.5401166648447732 0.5619011904878911 0.5409180382275904 0.5019115293987014 0.5022280366521489
1310 851239.0 0.7382950865221506 0.7197246288640587 111.28759769641523 0.26595752937469186 32699.35021199456 0.5643166091498385 0.5439615707774512 0.5618833195598465 0.5409253740689033 0.510801807128412 0.50225695315818
1320 860416.0 0.739313966738564 0.7306225280756803 111.04126408207928 0.26583703937131026 32828.478555632384 0.563327300078834 0.5415854004634748 0.5618961731073244 0.5409322132121162 0.5106042054366603 0.5078954557690742
1330 868016.0 0.7394125553508809 0.730717059899755 111.11981865486814 0.2657116561673776 32958.4643003334 0.5633258540977573 0.5414812174452628 0.5619069291805318 0.5409372180767128 0.5104869709621512 0.5078779977087864
1340 871427.0 0.7423040322597535 0.7319200692420498 110.09277822489241 0.26557302348136025 33089.68744514709 0.5649415978717578 0.5423004118426301 0.5619268108701365 0.5409468057714898 0.5098840373586269 0.5073474338706899
1350 878507.0 0.7441948424649866 0.7360274197761097 109.51277118545528 0.26541283610655786 33223.903189608274 0.565649083011764 0.5416470006244771 0.5619569676917159 0.5409548816649578 0.5103149124982741 0.5075802854056919
1360 882449.0 0.7447859956392131 0.7405676738593729 109.35191040087297 0.26525783093460326 33357.213999103406 0.5595440909878687 0.5417633718841725 0.5619661677357295 0.5409603019514789 0.510918906140949 0.5102043425587888
1370 888378.0 0.7470554537312637 0.7506034558574924 108.7407382318881 0.2651412534835314 33483.914215490346 0.5611148278088226 0.5318258372584734 0.5619525107761164 0.5409121586878007 0.5116841810655818 0.5129627553285632
1380 893562.0 0.7491395766224082 0.7508787598637491 108.16304108198125 0.2650207255850072 33610.77372143655 0.564172688805894 0.5316314372462544 0.5619483373971008 0.5408460079315267 0.5122948412596413 0.51299192671243
1390 897119.0 0.7690842623552134 0.7544532210091119 102.35373720605907 0.2649758406945198 33720.26246273442 0.5627824964719571 0.5294319287884517 0.5619512268329347 0.5407705321154991 0.5198943813651749 0.5147920768974916
1400 905235.0 0.7702818663396738 0.7559002679845207 102.07612904345784 0.26495771283042385 33825.20848081517 0.5631060128120254 0.529580704014653 0.5619580025342378 0.5406899985998873 0.5201407125042795 0.5156070192738614
1410 913707.0 0.7708269755711581 0.7568497934797642 102.19608471957682 0.26494205263852705 33929.87898809346 0.5636118935968454 0.5305510332226735 0.561969603685481 0.5406178093932954 0.520372652148148 0.5160717015442374
1420 922440.0 0.7711526213201477 0.7580798565015914 102.62596447083055 0.2649336097732137 34033.83069261632 0.5643389519335434 0.531925898676936 0.5619831819004663 0.5405507914459892 0.5204043560468031 0.5170780713456535
1430 928818.0 0.7961894385187679 0.7747709335683612 95.81776474664832 0.26509413098040635 34104.193408469626 0.5748103626753134 0.5221027560138323 0.5620326866822887 0.5404375251873149 0.5271734211775857 0.5247034120161641
1440 934359.0 0.7965840337958252 0.7753285625061426 95.7518356153582 0.2652484311237984 34175.48789005365 0.5752228637556469 0.5220496711511251 0.562124317622275 0.5403100052828056 0.5273578528215559 0.5248444473131397
1450 941565.0 0.7991709887182151 0.775470999537497 95.14201071566993 0.2654027266134173 34246.11400543337 0.577381235878198 0.5252420166833884 0.5622158635161224 0.5401841578564734 0.5278285422591442 0.5248143049257514
1460 948943.0 0.80278162410199 0.7789762138041556 94.58735393086002 0.26555332870690285 34316.724746500375 0.5778867111954249 0.5265399415329086 0.562322524348233 0.5400897570247586 0.529287365544045 0.5261732454580212
1470 953434.0 0.8081235973631373 0.7823459703053868 93.42584352506262 0.2657047726691016 34385.88432778484 0.5822848846293954 0.5300404074475423 0.5624521241045912 0.5400329639483173 0.530177381350866 0.5256010595205312
1480 958724.0 0.8104129730578643 0.7930285392624592 93.00806980451375 0.2658278019612308 34459.02171980934 0.5853545148474155 0.5364808756382599 0.5625944802148789 0.5399852459400676 0.5308418751095999 0.5293325017167135
1490 963840.0 0.8105340605841229 0.7930537340142882 92.97527888781846 0.265949447842728 34532.37421064047 0.5853548346736197 0.5364806894474395 0.5627471316098945 0.5399617413736327 0.5309343266124598 0.5292908760598468
1500 972833.0 0.8163064572565417 0.7980417242755539 91.63608677019836 0.2661134909227336 34597.60357448214 0.5866463511678952 0.5367114459369734 0.5628950342629849 0.5399331189182397 0.5352339904078708 0.5328390876363911
1510 978934.0 0.8200218488821475 0.7990646602312609 90.77245281188027 0.2663043018840531 34657.73211182371 0.5865950177426843 0.5351845732350585 0.5630509794499164 0.5399056133040161 0.5377411940957777 0.5331767286210424
1520 983915.0 0.8219970682711164 0.8026386944540082 90.21360158060457 0.266491449846976 34717.79578468765 0.5866081596464283 0.5352261394971535 0.563205684289028 0.539874564407924 0.5384448179995788 0.535350476478286
1530 991193.0 0.8338461002116082 0.8052580942799159 87.52164962973083 0.26668346703762064 34773.80296333958 0.5851070764335378 0.5369025042517256 0.5633437305285748 0.5398514889766834 0.5485101901037074 0.5367314683415082
1540 994638.0 0.8536412752966953 0.8109105617898058 83.0797626314637 0.2670867879307143 34791.78895437917 0.5862660885037677 0.5412535146162333 0.5634887326110116 0.539844822247418 0.5609944512931218 0.5394157187089637
