1 1794.0 0.15230747200295056 0.04615804723566879 692.8455182211775 0.15230747200295056 692.8455182211775 0.6733801485033881 0.454911379973712 0.6733801485033093 0.4549113799340324 0.1523074720029506 0.046158047235668784 0 0 0 0
2 4628.0 0.15230768787082222 0.04615811368715388 692.8439468568164 0.15230747200295056 1385.6894650779936 0.6733800067375418 0.45491143113947696 0.6733801012480535 0.4549113970025139 0.15230757991686789 0.0461580804552464 0 0 0 0
3 4667.0 0.15287472495121618 0.04615875519981746 692.9187362992342 0.15238514721805882 2078.612627273174 0.67338000674385 0.45491143117813493 0.6733800776220027 0.4549114055464192 0.1526489669908423 0.04615491890398902 0 0 0 0
4 6280.0 0.15288464972257473 0.04623829286594856 692.9339453319828 0.15242398482561292 2771.5488371473016 0.6691501494181037 0.452453364848347 0.6725340919812229 0.4544197974068047 0.15266547494982863 0.04619289041236943 0 0 0 0
5 10930.0 0.22916699707559857 0.07229044817777094 226.57590041474714 0.1675202651033301 2658.848029603248 0.669150149425304 0.4524533648469157 0.6719701015552365 0.45409205864682317 0.22389008647656766 0.07041125640750849 0 0 0 0
6 12116.0 0.22916926099741713 0.07230542991726029 226.59616522124765 0.17758445195514153 2711.2092684298404 0.6704313896356041 0.4531379284109911 0.6717502855667176 0.4539557543274186 0.22465849474632502 0.07070248278668896 0 0 0 0
7 13648.0 0.231691185601098 0.0729717172378697 221.4102263728285 0.18477315684929255 2823.324829647866 0.6704313896354188 0.4531379284118904 0.6715854235753053 0.4538535260879776 0.2262510625175649 0.07116115420478868 0 0 0 0
8 13749.0 0.23169119529006915 0.072972543618364 221.4135252877635 0.19016468551990584 2971.7050741715075 0.6703916139104144 0.45309363399631153 0.6714527780569841 0.453769093633348 0.22669327176823398 0.07132010792138538 0 0 0 0
9 14220.0 0.23306354894556822 0.07307051905055992 220.67589685184385 0.1943580967081606 3140.006298131659 0.6703916142023053 0.4530936447590667 0.6713466616715162 0.45370154874591984 0.22767497178612622 0.07148804567007966 0 0 0 0
10 15671.0 0.2330635525602792 0.07307666935271324 220.67941278413906 0.1977128256587644 3321.4228732899674 0.6673859631036648 0.45254739902174324 0.6709865981653479 0.4535966260437219 0.22794870577103796 0.07158894461909646 0 0 0 0
11 16055.0 0.24260258506503418 0.0956940514186006 192.7007565504004 0.19839723969867354 3501.672432269529 0.66738586642723 0.4525470649758338 0.6706865371871714 0.4535091626213979 0.2321449164473793 0.08336065260718468 0 0 0 0
12 16351.0 0.2426063876693641 0.09577556910583887 192.78015426394833 0.19896758473193113 3684.2060972565405 0.667385865932414 0.4525470635402155 0.6704326393983439 0.4534351549997685 0.23214524824506289 0.08430064444788599 0 0 0 0
13 16482.0 0.24261979941852552 0.09577560605467775 192.748111506935 0.1994501843754568 3868.366640449821 0.666964323411259 0.4559112412777943 0.6701849025421235 0.4536120183053418 0.23215017255533002 0.08506975199388062 0 0 0 0
14 17350.0 0.3249236180123224 0.15926760411012378 96.57665530035868 0.20192481682939828 3886.1985068491094 0.6581895920460534 0.457390814296291 0.6693852151757188 0.45386393803807173 0.28109684151667164 0.12876877325709857 0 0 0 0
15 18676.0 0.32551394202107514 0.15958432567490893 96.32088485008973 0.20087054994923784 4019.1782124470983 0.6581828682963906 0.45711138539685053 0.6686850684957608 0.45406690349799544 0.28246967413044227 0.13158478084531944 0 0 0 0
16 19715.0 0.3263971038909065 0.16435023575762045 95.58946025981408 0.2000330061609116 4144.448335799176 0.6582579930447899 0.4572207324120291 0.6680717111162919 0.4542524228458798 0.28171283479923004 0.13475213197953928 0 0 0 0
17 21091.0 0.3263988784128908 0.16447825711270875 95.62845533487416 0.19929399693591784 4266.651646633537 0.658257993044734 0.4572207324119971 0.6675265045567609 0.4544173289328863 0.2812338608125777 0.13599290875839487 0 0 0 0
18 21606.0 0.32640596060320815 0.1644832440774413 95.63558055251968 0.19863709984703448 4386.222588436235 0.6582746757821287 0.45719059637681897 0.6670395662002013 0.45456329037730375 0.280808489750389 0.13696307063295016 0 0 0 0
19 22316.0 0.3265135199801668 0.1651919562279963 97.76881918240632 0.1980403424556666 4505.674868982873 0.6582746758807254 0.4571905968371703 0.6666013216842276 0.4546946557002971 0.2804063209664502 0.13802320492627604 0 0 0 0
20 22824.0 0.3265136133553027 0.16519258706566664 97.77141999685458 0.19750326080343547 4623.1731068066765 0.6582746753387685 0.45719059562833175 0.6662048147153963 0.45481350998258446 0.28005759387457363 0.13879733986024223 0 0 0 0
21 22865.0 0.32652250745528766 0.1651926080807371 97.76334127559896 0.19701732978475017 4738.960963500357 0.6582746752920456 0.4571905958866645 0.6658443538325166 0.45492155934186085 0.2797447607295565 0.13949740216946732 0 0 0 0
22 24434.0 0.32652255415653053 0.1651929237038519 97.76464257534354 0.19657557431321807 4853.257706145084 0.6582746858395315 0.4571905682351659 0.6655152378328216 0.45502021190243935 0.27945779259252895 0.14013401098455605 0.3449973427026102 0.20756064041876177 0.2830667427468347 0.16507650807238164
23 26452.0 0.32656108794982747 0.16548733498659124 98.46476216172945 0.19617900919702702 4966.586742289901 0.6582746859213591 0.45719056823244575 0.665213548169844 0.45511064341618956 0.2792473281314164 0.14090901095693426 0.3467085857577566 0.2121958113817457 0.28176833367165277 0.16762523996008943
24 28555.0 0.3265611051838812 0.16548891924961065 98.46525691868996 0.1958154911738519 5078.777559628939 0.6582747332537451 0.45719072496635454 0.6649359955732002 0.4551938466781962 0.27900354029681523 0.14143436005933455 0.3467076769628406 0.21216358816862302 0.2810668684395694 0.16757414195455556
25 32236.0 0.3267611959693134 0.1656490585745674 98.6951420437508 0.1954810545925308 5190.156150813013 0.6582747667681156 0.45719072498417834 0.6646797944653122 0.45527064968996467 0.27900733168682423 0.1419332707913444 0.35217477864085345 0.23054699420143537 0.2824809434698895 0.1728046063605624
26 34720.0 0.32676355395136547 0.16566590700417647 98.76493285326768 0.19517234390208052 5300.693851682883 0.658274766767725 0.4571907249844238 0.6644425712172535 0.4553417635897595 0.2788056393572803 0.14238565031911044 0.35217583132390895 0.23053342432402063 0.2818061184751863 0.17321396265378075
27 38396.0 0.32677011663342376 0.1656664224917081 98.77033013546182 0.19488650067018212 5410.427108699614 0.6582747667738518 0.45719072498752356 0.6642222924871319 0.4554077979253939 0.2786222389916967 0.1427950989009101 0.3497295486105966 0.22996688346121572 0.27979624375524187 0.17327356292833618
28 39309.0 0.32677038192423413 0.16566980457174604 98.77196068389559 0.19462107481199076 5519.4332693237675 0.6582740777389628 0.4571914654279917 0.6640171816337468 0.45546930370134553 0.2784494515736318 0.14317715284285085 0.3499238340487191 0.2311633022473139 0.27905430964699623 0.17612168539438758
29 43462.0 0.3267756038978854 0.16836928858685624 100.10003599924323 0.19442088181820122 5627.135369398497 0.6582740776689828 0.45719146485820666 0.6638257448349213 0.4555267090732409 0.2783445057554983 0.14556970219600168 0.3495489104036738 0.24146325729901807 0.2778272907160489 0.18150411070574543
30 47359.0 0.3267756216071024 0.168596258391534 100.1558768004958 0.19423403502399764 5734.408619310543 0.6586063978458255 0.45784009503818324 0.663657378803015 0.45560133442694867 0.2781884346471405 0.14600913248723632 0.34956755674618695 0.24142712041327483 0.27700048614282874 0.1816622153997665
31 47922.0 0.32677883134368624 0.16861501706017046 100.24906146245405 0.19405924286167817 5841.331887025293 0.6586063978524963 0.45784009503104245 0.6634995356483112 0.4556712956958266 0.27804087912956066 0.14634079207647557 0.29108073053628786 0.22386814115979048 0.23262350791648662 0.17497866307142132
32 48568.0 0.3267789783134707 0.16861818459815722 100.2507387286225 0.19389537520950373 5947.860168013516 0.6584858203338555 0.45785984795614565 0.6633476048812065 0.4557376154612908 0.27790367958138895 0.14664062187567345 0.2921669408995066 0.22391350609639699 0.2330961345182775 0.17608274669125146
33 48842.0 0.3296268836982419 0.17026885683741724 105.97536756535658 0.19373303932181568 6059.613257254738 0.6584858203313162 0.45785984921350753 0.6632046112179744 0.4558000341010619 0.2788412091234522 0.1472668145660204 0.29282599276186266 0.2241983502618296 0.2329418564164164 0.1770577479824779
34 50007.0 0.3296282538628589 0.17028178428043317 105.97385807332464 0.19358025260399164 6171.041670697977 0.658485820332941 0.45785984921710454 0.6630697886212591 0.45585888596152024 0.2786666573155965 0.1475128552710227 0.290307920363584 0.2238754917068948 0.23135202012290826 0.17783498428901728
35 50178.0 0.3296292207234612 0.1702826919776455 105.97399250514775 0.19343619655575756 6282.173307813362 0.6585306703593231 0.457871990287295 0.662943702002872 0.4559148055261251 0.27850239158322615 0.14774053245019828 0.2705657467755381 0.2154847933603305 0.22048518254413763 0.17378135615994011
36 51875.0 0.329629335447653 0.17055601323871944 106.03701285135992 0.19330014362131426 6393.090117175882 0.6586808804999101 0.45881592852283826 0.6628284906109001 0.45599321425576606 0.2783456908114157 0.148062537816258 0.270564284949698 0.2146654006618844 0.2205220511975228 0.17383060574916318
37 53742.0 0.33041657802906566 0.20401066083293018 105.65791607626039 0.1930646658595249 6507.462856945371 0.6593869226021759 0.4555247391443543 0.6627379230317232 0.4559808859633605 0.2784068476211847 0.16492364084600594 0.270335293660996 0.21463005464337068 0.22043192772697776 0.17441517235301654
38 55119.0 0.3318462830744325 0.2044607351924052 105.08359846684024 0.19248545879323906 6635.983422146048 0.659386921756966 0.45552473669105326 0.662651999922114 0.45596918982817314 0.2780720375028313 0.16471838035157402 0.27614759737912614 0.22523479103618188 0.22285229070359158 0.18025840922480713
39 55213.0 0.33184710509878623 0.2045123964534898 105.12298858411319 0.19193595465342939 6763.58315746162 0.6594556925219555 0.45555531988664305 0.6625720922371101 0.45595884307963486 0.277308042861109 0.16447099261563877 0.320616886792747 0.23022590454864664 0.2592916759742956 0.18878158102491735
40 55261.0 0.33190317914890044 0.207524453640977 105.4459915282508 0.1914139257206102 6890.5197041538395 0.6594556925200787 0.455555319869876 0.6624960824879143 0.4559490010501286 0.27663929204830506 0.16527065921716413 0.32064308023690746 0.23024408659425083 0.25896661706945845 0.18847191256442364
41 55610.0 0.33190373886297897 0.20756026027482116 105.47249139581346 0.1909173616137822 7016.6381208152 0.6595161528437428 0.45543252259525396 0.6624251317821006 0.4559367039440601 0.2759500602202399 0.16503874364504073 0.3206434409745626 0.23024353993058497 0.2585981326167798 0.188142481059521
42 59458.0 0.3449973428393726 0.20756074401980856 101.77926179880733 0.190629630049042 7130.391046921643 0.6593120033649742 0.4553065991667494 0.6623527334468186 0.45592205034458777 0.2832370041171393 0.16476202179949284 0.32209020756537454 0.23024486012563652 0.2594400987972092 0.18777289590680366
43 62319.0 0.3467199608609377 0.21247859266379296 100.06535725863259 0.19035162032119576 7242.375373370267 0.6593120033647051 0.4553065991662426 0.6622836259449524 0.45590806281780716 0.28219723579193456 0.167094591291372 0.3220836413426978 0.23021651107871927 0.2590834577094137 0.18741068817090337
44 63489.0 0.3467204493466602 0.2124788302885164 100.0671919201954 0.19008624739916072 7353.88099564797 0.6592074311361582 0.4553231510675153 0.6622152660603126 0.4558950647789118 0.28174409050847105 0.16677586623273782 0.3220919086693298 0.23022361185379428 0.25873267917880355 0.18708594471799053
45 63505.0 0.3535116529647854 0.23117367978711384 94.02450765005321 0.19007605658819304 7448.355908445215 0.659207226523702 0.4553238358488575 0.6621498738964732 0.4558826467586932 0.2831961776147051 0.17117759360701906 0.32203059000067885 0.23017360378615867 0.25832365810315583 0.18672841459991554
46 63899.0 0.35351359279435274 0.23118147935745745 94.16276699308759 0.19006630885596307 7542.948625313507 0.6592072271154803 0.45532383588544495 0.6620872643904946 0.4558707571656454 0.28295713599536376 0.17128529571490683 0.32199164987580026 0.23017335597656263 0.25798495076495276 0.18641007538013443
47 65034.0 0.3535223742312653 0.23118268254022684 94.15963373307973 0.19005697592084927 7637.520006344887 0.6592230774857849 0.4549921682576552 0.6620275938299798 0.45585245323006224 0.2827290330724214 0.17137334849343958 0.3286487674325357 0.2301751637037063 0.2623977700245013 0.18612350659654517
48 66560.0 0.35352240171405597 0.23310552026309966 94.20012522888962 0.1900432676375103 7732.325458926655 0.6424361863306571 0.44777004661283026 0.6616277691871365 0.45568750615624115 0.28250248460125804 0.17429798749799041 0.32927066983315867 0.2302104096256654 0.2621758115757543 0.18581737161731998
49 69540.0 0.3536417535928117 0.24264002743540383 94.3080212512057 0.18951829808336737 7853.333940935163 0.642436203789755 0.447770094696477 0.6612439378791889 0.4555291579270459 0.2821240906556344 0.18002145132484454 0.3287215128844331 0.22936994346856684 0.2617341148455884 0.18528966778454953
50 69865.0 0.3536584505205183 0.2426423747148684 94.30845034718821 0.18901432731139015 7973.545137029233 0.6423358289980649 0.45139346277691245 0.6608731906462256 0.4554480658652786 0.28180551148973704 0.17997319995064118 0.32872497775535453 0.22854905168155276 0.2614311631661481 0.1847931790174803
51 71382.0 0.3586781356326889 0.24631871304447284 91.22936028972553 0.18826027863296535 8108.106495816911 0.6423363449452635 0.45139356220445787 0.6605167128442841 0.45537009464103206 0.2848700393631298 0.1830950654189498 0.34006545919731235 0.23183707158685732 0.2633513674986027 0.18454115685007316
52 72101.0 0.35937105244379797 0.24651421480610206 90.63837645870737 0.18753523182678766 8241.324199317154 0.6423358586233658 0.4513952874265878 0.6601736778589838 0.4552950982784954 0.2853769995772356 0.18380285515354633 0.34018689823058723 0.2318444582503958 0.26307245126498935 0.18418152801549606
53 72371.0 0.359815971256665 0.24658119769732326 91.99926430362666 0.18683801185666563 8374.217536067226 0.6423358753970835 0.4513952952682979 0.6598433481837633 0.4552228797042325 0.28561663063566256 0.18411770928092497 0.3392712985640152 0.2309326245697208 0.26184023583326105 0.18316616588374363
54 75437.0 0.35982020042740226 0.24658481868861468 92.05005642094828 0.1861666176455863 8506.193311857098 0.6423356056688793 0.45139586180814983 0.6595250255925836 0.4551532975606673 0.28552961620023076 0.18442779467764503 0.3396974338042499 0.23203861869684833 0.261631557840071 0.18323612373118994
55 76352.0 0.3599725543418002 0.2465966678940111 92.10262826711363 0.1855191877466554 8637.311762755066 0.6423356038731733 0.4513958564198143 0.6592180716333084 0.4550862003974378 0.28556789528958015 0.18472896936943622 0.34322272195525094 0.23489994779631865 0.26150374097465157 0.18385860213096025
56 82331.0 0.35997445156301844 0.24662067854056696 92.32139819871507 0.18489488034411486 8767.66458600406 0.6423356039379853 0.4513958563401122 0.6589218879895308 0.4550214575192391 0.2854916404183553 0.18505628883014408 0.34325264110499937 0.23528258563378887 0.2611145870795761 0.18384964618489438
57 82834.0 0.35997581267101075 0.2466243538880645 92.3202400041648 0.1842924784644705 8897.163429232709 0.6422837053581263 0.450984331293796 0.6586350227717479 0.45495185189466253 0.2854154939919407 0.18534314657753537 0.3810680139025343 0.2291717214682051 0.28229637307852556 0.18196103752425685
58 84381.0 0.3789388520400919 0.2515596785427249 79.40218652234748 0.18295420651931862 9087.502933490952 0.6412506685558161 0.4323225654866437 0.6583403727002914 0.45456830466740794 0.291635830189826 0.18971825171547743 0.3776769373487584 0.22578156712337155 0.28005677310686095 0.17853795634087297
59 85033.0 0.41206033601992276 0.2603679155074845 63.34596733463726 0.1824344445236229 9195.019981052963 0.6412506833416036 0.43232251391018545 0.6580555445443133 0.4541975414881209 0.31921384623354093 0.20150004117849243 0.3776642230980654 0.22577078766386735 0.27957638774961807 0.17755711295151824
60 85988.0 0.41207430672849055 0.2603780728862637 63.510423645531944 0.1819320079277837 9301.620284279707 0.6412506833390419 0.43232251390921056 0.6577800550163581 0.45383893447863055 0.3189407915619038 0.20123748328535418 0.3868265696451322 0.2255197107073962 0.28213406999604307 0.17640891147015747
61 88540.0 0.41207625959843586 0.2603785241098532 63.51296988942994 0.1814460446629556 9407.244017465922 0.6412455191798752 0.4323225065498247 0.6575133689544793 0.45349189531848855 0.3186499033520127 0.20097861811604079 0.3868311692627806 0.22563364135372604 0.28163117188822806 0.17541601854130626
62 88817.0 0.4127082319777246 0.26038295835032 63.18056225698166 0.18099034781992612 9510.334047962053 0.6412455192158426 0.4323225064147418 0.6572551491173582 0.4531558732723973 0.318899651859612 0.20077111914474882 0.37710557497366376 0.22679987556700926 0.27807855366048795 0.17470068213501533
63 91660.0 0.41270827112883557 0.2603842804405722 63.18068789886527 0.180549117543342 9612.52442131184 0.6412455192142377 0.43232250640236736 0.6570049986501219 0.4528303519150531 0.318630350201422 0.20052754555568 0.37709800119831133 0.22230422302238248 0.2774802460612489 0.17147392956451807
64 93754.0 0.41271040396373515 0.2603894954963913 63.18198534087895 0.18012167571290116 9713.845151321266 0.6412455192041197 0.43232250627420254 0.6567625451201834 0.4525148465975016 0.31836995194257117 0.2002960190857976 0.3771088675712747 0.22230694716779453 0.2768408217901947 0.17045761309159732
65 96049.0 0.41274038327802814 0.2603895026086564 63.1759703061939 0.17970738593878155 9814.31940719467 0.6412455193078594 0.43232250662183735 0.6565274386684815 0.45220890205241576 0.31814387323528415 0.2000671046250142 0.3751051967459079 0.21440573488669706 0.27492104622579194 0.16523772611280982
66 96550.0 0.4127538193324042 0.26040259158169327 63.16984907160416 0.17930565040024132 9913.9742573679 0.6413363482130383 0.4323669209464155 0.6563007059751166 0.4519127530806844 0.3179010428795094 0.199847366100919 0.37525010476769743 0.21473476556245302 0.2744721271679686 0.16445300718622516
67 100591.0 0.4153828933907411 0.26054571890206074 62.59892912241871 0.1789618264334473 10007.937355758133 0.6413342521169787 0.43236034503281173 0.6560806110654381 0.4516252176682157 0.3198934630421603 0.200085613996718 0.3753100707603748 0.21473498578803302 0.2737785437889057 0.16334046048808315
68 103618.0 0.4155245988429238 0.2606632897969362 62.72184318870861 0.17862811493626485 10101.278492391919 0.6413342521158467 0.4323603451564388 0.6558668957183426 0.4513460166173204 0.3197720990573507 0.19993365075612168 0.37508656810625357 0.21082458037629373 0.2729725817829585 0.16162038624501962
69 105115.0 0.4155247873131696 0.26066452602114903 62.721780356551356 0.17830407623610217 10193.941139774735 0.6413342521159662 0.43236034515592053 0.6556592865240229 0.4510747927393004 0.3195641928094762 0.19973079226181367 0.3077377671336394 0.1824599623675009 0.23020764882217307 0.14263618058146296
70 110077.0 0.4155256566788507 0.26066644900993036 62.722202438271324 0.17798929578451558 10285.947598724195 0.6213736565265875 0.4289190244019069 0.6551763903268759 0.4507627396641259 0.31936238772685466 0.19953436920635806 0.3097869165581918 0.18248939102189154 0.23026272961567468 0.1417636529194444
71 111843.0 0.4298745733775059 0.2654324538576107 56.666780465031785 0.17768338238790327 10373.022126183743 0.6212719211409324 0.42887893575750696 0.6547054949215156 0.45045879794320065 0.3215514723331117 0.19930738452763475 0.2597044687188257 0.17602535842808958 0.21793154961455036 0.14307024755268952
72 117997.0 0.4299118604782337 0.2654590388652573 56.83766803200493 0.17734323597133697 10464.099140500843 0.6212719213796192 0.4288789358603191 0.6542475007634074 0.4501631833941201 0.32136067874983937 0.19910439576151312 0.2595790933402743 0.17589888106096002 0.21771889068833153 0.1415350429088402
73 120760.0 0.4299118886777906 0.26545938511095823 56.83767476894635 0.17701240863467654 10554.478591364921 0.621271921391312 0.4288789352321366 0.6538018848259466 0.4498755584189581 0.3211239520975536 0.19890235697843975 0.259860677557512 0.1758174450254555 0.21773543757865718 0.1401157521503369
74 121147.0 0.4299706530117079 0.26649935112485496 56.810823611070795 0.17669052257738532 10644.162959736634 0.6212757772871211 0.428878010080901 0.6533682033920957 0.449595591107784 0.32096868052104366 0.19907232948430423 0.2600023104947208 0.17783820609995543 0.21784130637949586 0.13941268469689647
75 123067.0 0.43078287745340954 0.26860044492352453 57.30275537815964 0.17637722014828855 10733.502460395273 0.6212733091655083 0.4288688754925595 0.6529459021522722 0.4493228711654784 0.32090145547745935 0.2000474138639723 0.25973614396524797 0.1778097763449352 0.21773661560703106 0.13792504549386253
76 123590.0 0.43080348766685167 0.2687943022034923 58.27087631664813 0.17607216251995747 10822.844951468924 0.6497707769840149 0.42428371544666 0.6529046667604766 0.44899768732497436 0.3206897014864939 0.2001402788030536 0.25970821714053527 0.17781032314536688 0.2177585883634442 0.1366595562734617
77 127733.0 0.44811650755943966 0.2690251181748078 53.75445498444428 0.17603233841620874 10880.6407702335 0.6497707855996977 0.4242837279587321 0.6528644887968769 0.4486808416920738 0.3338422114734766 0.19918029282112143 0.2597081435436307 0.17910468643362104 0.2177919484110452 0.137058829065464
78 127925.0 0.44812030926936386 0.2690282609213565 53.7797417490196 0.17599353544332538 10938.360258414112 0.6497707855990145 0.42428372795797137 0.652825327996904 0.4483720174675915 0.33374901281344765 0.19873013803790063 0.23993387637191246 0.1785251783064385 0.1973113941434836 0.13554760057682821
79 129208.0 0.44812121801447324 0.26903149878290605 53.78073908517891 0.1759557148241859 10995.98407066774 0.6501269997633952 0.4256018224468788 0.6527915988939851 0.44808739002983256 0.3336547087328048 0.1982938856339018 0.2427522571498053 0.1485895660386752 0.19763410706179746 0.11901107829244156
80 129790.0 0.4551409046948369 0.26990579236746104 50.993668176668244 0.17582103966944468 11061.417218848143 0.6501269998814404 0.4256018232059187 0.6527587026098797 0.4478097904394138 0.3378131278583189 0.19812806051036722 0.2422850844699679 0.14859193971930737 0.19768449148795073 0.11845084021666456
81 130828.0 0.4551496473522211 0.2700245802656299 50.995543895712544 0.17568968982716618 11126.53540673896 0.65010964633788 0.425584416728593 0.652726397045587 0.4475387492965989 0.337688304461138 0.19771187338453408 0.2423108470403082 0.1486168346504094 0.19790268475658795 0.11788370345897532
82 131858.0 0.4559777837360671 0.27274510060279866 50.679361406064515 0.1755615436395774 11191.07946400312 0.6501096463379299 0.42558441673018327 0.6526948699286272 0.4472742392656782 0.33807383442736705 0.1973091789234846 0.2411384829370231 0.1486188286665581 0.19783590770797513 0.11730652823526753
83 132598.0 0.45597781148967453 0.2727452230127199 50.680380780178815 0.1754364853119305 11255.326969800146 0.6501176780435396 0.4255804675113287 0.6526641890728525 0.4470159800781265 0.33794968141861276 0.19691711458564473 0.2546186475248595 0.14940156979888877 0.20769868110907422 0.11738486551570104
84 135743.0 0.45597993512976903 0.27275736142248896 50.7171679698406 0.17531440456351333 11319.31728222874 0.6501175783573353 0.4255808077689089 0.6526342289467876 0.446763801580371 0.3378343516820025 0.19653860567660061 0.25461779122372186 0.14940424259865615 0.20829282709588234 0.11682616170474695
85 139374.0 0.4559906654481076 0.2728106343315502 51.0302912725418 0.1752055677098311 11382.136972443584 0.6501168585505013 0.4255806193799125 0.6526049571979936 0.44651748550827264 0.3377191526781815 0.1962481062768529 0.2546105986168342 0.14940762824728546 0.2088857543018961 0.1162691021077659
86 139660.0 0.45606478664361144 0.2733601567800552 51.083492621055086 0.17509921409588 11444.759386769214 0.6501168585496095 0.42558061938209696 0.6525763583629547 0.44627683187463846 0.33764690128597113 0.19629389799136557 0.2546160412157402 0.14939493610133903 0.20948486056625357 0.11570842690301292
87 140740.0 0.4560744806198714 0.2733652791188632 51.1313711804712 0.17499530539259447 11507.18282561973 0.6501169330909852 0.4255806201879081 0.6525484103485005 0.4460416476509256 0.3375371034373831 0.19593622228051083 0.2539292794974294 0.14933903212407915 0.20945335812057847 0.11514826816238613
88 141142.0 0.4560760728450628 0.2733654317792283 51.13158195470402 0.17489375825074727 11569.374129087997 0.65011693308625 0.42558062037432337 0.6525210903792618 0.44581174846804245 0.33742605449627655 0.19558980833012232 0.25362108089943647 0.14928505502102962 0.20980076297251005 0.11458592109450584
89 144584.0 0.4560761531721463 0.2733659237454929 51.13172616713328 0.17479449306714379 11631.340332958858 0.650101289896611 0.4255407709387402 0.6524942037072323 0.44558651538438354 0.3373165168987442 0.1952513864124955 0.2553150325974291 0.14928628191636356 0.21078755917161235 0.1140223736281956
90 145024.0 0.4576570430691353 0.27336602135812027 50.972807362078825 0.1746974337765093 11692.944216360505 0.6501017504545408 0.42554366571080876 0.6524679130121478 0.44536626428906956 0.33838451217447235 0.19491974721138453 0.2553970961354688 0.14937582609756847 0.2114064788761385 0.11347206341099514
91 145499.0 0.45765704362295717 0.2734112262259941 50.977985806468396 0.17459904821593875 11754.729801662223 0.6501017563656333 0.42554366784758135 0.6524421939181639 0.4451508012842708 0.3382711641724925 0.1946487438855971 0.2543210402265273 0.15520166682964998 0.21406945562729632 0.1195305359791896
92 146298.0 0.4576667155921994 0.2734198076325614 50.98967245014438 0.17450292392564254 11816.298716068726 0.6501017563670015 0.42554366784468406 0.6524170279229902 0.4449399718924473 0.3381664032491348 0.19433357830379933 0.2505913891708886 0.15520279977939033 0.2102045442345565 0.11957054547610407
93 151596.0 0.4576973033212175 0.27343699673535554 51.14768052259424 0.17440886682438494 11877.796799120722 0.6500933791571721 0.42550811773599406 0.6523923082552686 0.4447332500397191 0.3380750355826489 0.1940153594309383 0.25065413761180805 0.15520276087982804 0.21077211088643255 0.11912602438881079
94 157207.0 0.4577382396987109 0.2742524716223688 51.324232286707165 0.17432016136518208 11938.868829873772 0.6500933793648195 0.42550811687591067 0.6523681090037903 0.44453088021694215 0.33796729304484013 0.19404104525622404 0.25023104600780594 0.1812772957023512 0.21080991865330642 0.13042548258012365
95 161363.0 0.45774404013736625 0.27433393401306627 51.32584171447421 0.17423332338933087 11999.755046287626 0.6500933789096877 0.4255081173177532 0.6523444138986433 0.44433272643674226 0.33785518344642657 0.19373062106815606 0.24931013122048756 0.1807295228857614 0.21074286128308525 0.12974832184178134
96 162227.0 0.457744056236055 0.27438813775570237 51.327943645229794 0.17414829453797656 12060.461240811099 0.6501060985788901 0.42558754309971203 0.6523213384829757 0.4441394771239893 0.3377514138937559 0.1934384492753135 0.24930452527058292 0.17490856301797056 0.21131744588832646 0.12556796675423104
97 162449.0 0.45793951098493285 0.2775261424605188 51.42863505673333 0.17406982497851747 12120.534565659962 0.6507563113163841 0.42551527233588493 0.6523053688180105 0.44394943421798827 0.3376636480448207 0.1958291141170047 0.23039112528001482 0.13666520261750853 0.19894045958038475 0.1086284307887886
98 163810.0 0.4644446429685557 0.28554649618810124 51.08255761673226 0.17398140524038727 12181.428031652906 0.6501358566769271 0.42854218593765425 0.6522834545539592 0.4437938054474798 0.34244264361833343 0.19965408719328517 0.2312740710972035 0.13669005731213515 0.1993429137028027 0.1091668446026035
99 164955.0 0.46481423851189 0.286393636428281 51.15160006803234 0.17384109479169274 12248.418883763878 0.6501358569002729 0.42854218593858173 0.6522619785774224 0.4436412892523909 0.34267577979390557 0.1995430272103035 0.24736716634138928 0.13779600050591675 0.20318237971310837 0.10967952613103181
100 165626.0 0.46490805517196254 0.2864069785108495 51.13648357650635 0.1737035905519721 12315.127275727275 0.6501358568418528 0.4285421860622666 0.6522409278671693 0.4434917931812015 0.34262359604901876 0.19930835426633617 0.23779609680658753 0.1376913564238639 0.20175486183290842 0.11006215322179137
101 166292.0 0.464911441672158 0.2864147389741334 51.13714310527618 0.17356880916848352 12381.572927825247 0.6501358568418898 0.4285421860598026 0.6522202899159409 0.4433452284055015 0.34257975385337375 0.19907963220948155 0.23802529457160512 0.13770339478455276 0.2022242454678067 0.1105544281697369
102 167108.0 0.4649114417273935 0.28641508447178354 51.14207751743412 0.17343667055722023 12447.765818391446 0.6501212778759632 0.4285413532967229 0.6521999111582714 0.4432015014626978 0.34253355307754535 0.1988532888907676 0.23788102859889135 0.13538177017319233 0.20235288624404404 0.1100278070273741
103 169082.0 0.46737107138407163 0.28757397151699454 50.25630914032549 0.17356978770944734 12483.964514095089 0.6501212779087335 0.4285413532802903 0.6521799243001027 0.4430605384994054 0.34467214675167923 0.19933667476702868 0.23791392749588036 0.13538262183881028 0.20265820422965955 0.11052705811833029
104 171199.0 0.46737113413321446 0.2875754156039795 50.25636839137161 0.17370034491643926 12520.471782353565 0.650121278556376 0.4285413530196688 0.6521603181501624 0.44292226054245554 0.3446448147613846 0.19912553121559906 0.23782240843689967 0.13852900963275294 0.20299428853957185 0.11107024983722535
105 171260.0 0.46737139692617513 0.28758422120909355 50.25663012995358 0.1738284153194885 12557.277852791638 0.650121278473918 0.4285413530289254 0.6521410819268016 0.44278659160364864 0.34461811536782566 0.1989174901931277 0.24244257057330096 0.138113924036739 0.20570580029457336 0.1108918663631399
106 171517.0 0.4673748157176112 0.2875845950122793 50.25536524478347 0.17395406929983873 12594.371253916854 0.6501212784501034 0.4285413530246613 0.652122205258795 0.442653458532817 0.3445947337361459 0.1987129587352899 0.24210033697211122 0.13783900149213874 0.20573901939967515 0.11105237896614165
107 171783.0 0.4673751945180209 0.28758559965320746 50.256252726053106 0.174077374607659 12631.745454234198 0.6501212785392821 0.4285413535359129 0.6521036781595404 0.4425227908939568 0.3445691157377572 0.19851274739455235 0.24208991199579524 0.13783649769407824 0.2059188144409987 0.11144394221585859
108 174664.0 0.46737527890676756 0.28758708800161503 50.25629810789266 0.17419839648385302 12669.39059566152 0.6501210194935474 0.42853965916761805 0.6520854886304946 0.44239450528178853 0.34454376616072185 0.19831564768181173 0.26018776320823295 0.15572072051382593 0.22301000180562144 0.1270384789901777
109 174824.0 0.4673810274361494 0.2875959759978505 50.53796951635516 0.17431719777516272 12707.646788133894 0.6501210193444009 0.4285396599879415 0.6520676298188028 0.44226855214275357 0.3445322038980964 0.19812281327431353 0.26019971483270216 0.15572053470600694 0.2230452592478255 0.12722678657643355
110 176384.0 0.46738114705340184 0.28802656061618437 50.54819110621108 0.17443383904299406 12746.168558352852 0.6500559218365514 0.42798981397453223 0.6520495063234673 0.4421399148619588 0.34450637305380316 0.19797078506912988 0.26024234286632497 0.15717091045425224 0.22315960638815127 0.1277309752344301
111 176516.0 0.46974539744176474 0.29475607857166336 50.37287247222208 0.1743903366930841 12801.327146272326 0.6500635248030135 0.4280436797537807 0.6520317743456061 0.44201405561992146 0.3480338767720449 0.2039754032965867 0.2600249754494601 0.15667184728142622 0.22287968024752436 0.12716988646797572
112 184737.0 0.4698070528791023 0.2949542428733071 50.46708373023 0.17432579484696284 12858.95120692917 0.6500635248136392 0.4280436797115718 0.6520143562081551 0.44189042397471484 0.34802949007788847 0.20393866020609488 0.26001029559532957 0.15666981747314487 0.22287647503027863 0.12734626297677262
113 186656.0 0.46980798089128556 0.2949681734758115 50.46872164228502 0.17426239533440124 12916.459694808105 0.6530868098175261 0.43383840655268724 0.6520237636959566 0.44181979224294265 0.348019996220833 0.20375810448204154 0.25994449312805984 0.15664994348536054 0.2228993827650774 0.12751694055250928
114 187107.0 0.4716249014198225 0.3052373546784125 49.93320543099695 0.1741144711114555 12983.532446782327 0.6530868089436985 0.43383838902565514 0.652033007567676 0.44175038873670536 0.34985569934532196 0.20903621289551397 0.25522384827817046 0.14190090285927376 0.2206788671450963 0.11982078462943337
115 187791.0 0.4716249149566808 0.30529261434085214 49.93434679807409 0.17396911948369143 13050.361677584842 0.6530866749246181 0.43383833519208065 0.6520420909069601 0.441682181378562 0.3498374097461388 0.2089641984587416 0.25519419046907804 0.14190671970618682 0.22062766312323928 0.11997694409431087
116 190310.0 0.4716499044283653 0.30538291994253697 50.44269869100753 0.17379764165677308 13120.865385352787 0.6530865954135978 0.4338384556980287 0.6520510182959057 0.4416151409881301 0.34983128498584004 0.2089870290834094 0.2551938438348382 0.14190670153145057 0.22060697404270305 0.12013036478963646
117 192495.0 0.471649942504338 0.3054879921292823 50.82372069277315 0.17362944554470536 13191.32206180241 0.6530900992582224 0.43383854718008125 0.6520598240667728 0.44154923765077375 0.34981310597188725 0.20903117672481147 0.2538288038221085 0.14051129792664546 0.21962904293002403 0.11926762771377963
118 194902.0 0.4735908473816659 0.3055119128054038 50.18112112289649 0.17346410021419809 13261.049547648905 0.6405405904598556 0.4306183486230181 0.6519630237843617 0.44145738144045654 0.3498792204513483 0.20896104540139185 0.2486716126195708 0.14050955453799874 0.21492587184511172 0.11934986196749156
119 195310.0 0.4760858348310684 0.3056435588892955 49.31050570406203 0.17342120506113212 13315.265524770199 0.6405405904643671 0.43061834862312554 0.6518678368400284 0.4413670561669788 0.352177963393874 0.20913443384037184 0.241871699657207 0.14041029200689975 0.21134645934100604 0.11965564539518217
120 196920.0 0.47608583483581424 0.305643600674241 49.31119347488982 0.17337902482728396 13369.404789903238 0.640539617669164 0.43061423573211555 0.6517742151939881 0.44127818988239315 0.3521529086885496 0.20905973423561014 0.24188337886310984 0.14035894659699294 0.2110303322970521 0.11964061712884654
121 197455.0 0.47609290357542544 0.3056508792332977 49.42543675879689 0.17333754178738364 13423.573191015734 0.6405396174154788 0.4306142356703801 0.6516821283269513 0.44119078042163895 0.35212598871588424 0.20898599128200077 0.2420190604803712 0.14102747552551737 0.21076271772278518 0.11993450807261535
122 200041.0 0.47609524753200116 0.3056661646533197 49.42460438428125 0.17329673879731777 13477.667202013381 0.6405396166748278 0.43061423587867653 0.6515915388013243 0.441104792254623 0.35210230127786085 0.20891681021079722 0.24201246914441193 0.14102709844749098 0.21044395661504722 0.11994897740184872
123 200540.0 0.4761842422797412 0.30566728075480615 49.395987002553234 0.173256599270505 13531.662812379385 0.6402085448360493 0.4304690483531905 0.6514997404628946 0.4410190201263856 0.3520806084296278 0.2088450541620767 0.24187800655035244 0.14085784507138088 0.21010448713322388 0.11980142267285286
124 200981.0 0.47618528511892 0.30771139505247047 49.452080549022256 0.17325693863021777 13581.076738923246 0.6402308579322409 0.430397577444898 0.6514095894026494 0.44093404858493374 0.3520651268683342 0.20959034931621404 0.2419210533150929 0.14085744943044648 0.20967206860517987 0.11978910950881679
125 202589.0 0.47773057467761915 0.30774764985277214 49.663777960340674 0.17325599031174285 13630.84667461176 0.640230872841455 0.4303975796618048 0.6513208694299414 0.4408504258157026 0.35241153699710964 0.20949044567631123 0.24192203555065755 0.1408601796001085 0.20923660281152592 0.11978052780354403
126 208958.0 0.4777316701492464 0.30774807219075206 49.67180902752264 0.17325505704594216 13680.62294214562 0.6402308710957121 0.43039758014005064 0.651233546608412 0.44076811994424075 0.3523747033073671 0.20937826112035227 0.2430330999180172 0.1442919706071309 0.2099953972134478 0.12266881867996389
127 209170.0 0.47774418775184413 0.3077535926182139 49.66783437215868 0.17325413847724067 13730.393599237452 0.6393565845887991 0.4318100755862422 0.6511407578426338 0.4406981352226939 0.3523455592675858 0.2092702962643813 0.24494513223271439 0.14429554141509068 0.21153559420097115 0.12266751650669992
128 209566.0 0.4850764331471253 0.3208676806329408 47.58823393835232 0.17313383801904147 13792.720956523608 0.6393565845764205 0.4318100755803368 0.6510494076622756 0.44062923553554384 0.35993427121295496 0.22066280227583304 0.25993268092750926 0.14612029385519376 0.22308816614524898 0.12473915289602297
129 211340.0 0.48507787833366417 0.32086768083676437 47.59128363041954 0.17301540268422524 13854.859911252268 0.639333687231802 0.4316550591422958 0.6509592867358872 0.4405602034094419 0.3599202949944869 0.220542279108571 0.267805673625396 0.14740718178857562 0.236472206898304 0.12671165847304067
130 213482.0 0.4850794870329224 0.32151328721316647 48.684236303146974 0.17289949475529434 13917.553669496672 0.6393336872322657 0.431655059144303 0.6508705417015085 0.4404922252089447 0.3598906771465702 0.22056180179773968 0.2678043829072532 0.1472722496176614 0.23633262261568025 0.12673595699416423
131 214348.0 0.48507949362770064 0.32151335064108844 48.68447987211026 0.17278535641306467 13980.068386441744 0.639333687120134 0.4316550587509507 0.6507831412880132 0.44042527697820233 0.3598637878362595 0.22044944500616512 0.26505246802623517 0.14565574037175494 0.23433359553737074 0.1256189115917512
132 215183.0 0.485080322100299 0.32153694713480596 48.68522296416306 0.1726729474396566 14042.407838806426 0.639333687104306 0.4316550587184249 0.6506970551663313 0.4403593354875273 0.3598376290098005 0.22033894972025678 0.26439961696089703 0.14551835659460505 0.23388430292230977 0.1257091026543121
133 215930.0 0.4850807640572377 0.32153756407909484 48.685090143518764 0.17256222882675096 14104.574674289572 0.6393336870883277 0.4316550586957154 0.6506122539120177 0.4402943781980362 0.35981184219437173 0.22023056937764646 0.2643958048461555 0.1455195337569613 0.2338351172294717 0.12569835122394296
134 224484.0 0.48508216350091304 0.32157742401548456 48.68634566088143 0.17245316273045586 14166.573184413368 0.639333687501993 0.4316550587079294 0.6505287089756472 0.4402303832388502 0.3597866973596142 0.22012323045566795 0.2557475784236627 0.14395101730200727 0.22272314798480572 0.12258155492998189
135 225282.0 0.4850821753227904 0.3215821486800556 48.694660934633504 0.17234571242817992 14228.411968971934 0.6393336874997045 0.43165505874927196 0.6504463926412651 0.4401673293823092 0.3597613679447886 0.2200190737910525 0.25583991423168084 0.14400361470561832 0.22260733584060347 0.12233528189897948
136 228554.0 0.48509086028496495 0.3215942733739691 48.69205009450478 0.1722398422774081 14290.085659030128 0.6393336876897868 0.43165505881586796 0.6503652780065828 0.4401051960205104 0.35974234853739284 0.21992865265896108 0.2549558401412674 0.14393680310191734 0.22140586126435366 0.12192920084553388
137 228778.0 0.48510311591445643 0.32160009202967815 48.68828540099466 0.17213551767628252 14351.59633026749 0.6497691585072629 0.44206183990736025 0.650360958300066 0.4401193745994006 0.35972631171394753 0.21982840726009908 0.2541967674156402 0.14137078482867743 0.22114335496952273 0.12110656655410272
138 229874.0 0.5150239220048535 0.3354371772945146 44.27618739042167 0.17204101126821322 14408.232506446897 0.6497691543156293 0.44206183910169106 0.6503567007174442 0.4401333491641653 0.3705582751303759 0.22619854010705953 0.25319429520967934 0.14139538257339707 0.22071131657397178 0.12076305412648873
139 230545.0 0.5155465783105733 0.33562828385491283 44.18235958532669 0.17194786466457657 14464.639008003101 0.6497691542201136 0.442061839469301 0.650352503956749 0.44014712409491624 0.3704663259484477 0.22610901673835537 0.2264235157679725 0.12963445560942075 0.20157821877815768 0.11006819188810693
140 232949.0 0.5155950771133824 0.33562867953860465 44.16944551319226 0.17185604872670612 14520.884725987707 0.6497691402507974 0.44206179420444347 0.6503483666255011 0.4401607033155512 0.370439685505495 0.22602631319991864 0.22650305760850836 0.12990857175322698 0.20146059353998477 0.10993861931863219
141 233673.0 0.5155951496544462 0.3356631268036535 44.223473739445 0.17176553514256435 14577.025776663033 0.6497691274303753 0.44206179230047404 0.6503442874762396 0.4401740912661492 0.3704142962788057 0.22597775166559692 0.2262908302206673 0.12990845489263447 0.20116579394422784 0.10970159288919146
142 233709.0 0.5155954419001626 0.3356631619111164 44.22522453835734 0.17167629639763587 14633.02343468472 0.6497300016687907 0.44202361851591687 0.6503399917712924 0.4401870250231406 0.3703895231025885 0.22589725297456703 0.2263533782230711 0.13067386448389573 0.20099742061822698 0.10967400468426391
143 236277.0 0.5157750416984677 0.33574690346459846 44.1779490102197 0.17158830574704204 14688.840423454058 0.6497300019141474 0.44202361848855043 0.6503357557306179 0.44019977914442815 0.37048799255058873 0.22585603062216122 0.22630612263598623 0.13067999541065342 0.2008400518518468 0.10944212107925126
144 239732.0 0.5157809418107132 0.3357534919943842 44.17793230559655 0.17150153718881755 14744.517649400917 0.6497300019188326 0.44202361848305427 0.6503315781181227 0.4402123573467635 0.37047123997555814 0.2257814941753907 0.22604004206620015 0.12397773636011053 0.20100541974987396 0.10866648446155966
145 240273.0 0.5157809422473063 0.33575369309800296 44.17824765771249 0.1714159654382927 14800.057896924405 0.6497300311881927 0.4420233295572891 0.6503274579336712 0.44022476126601373 0.370447138901469 0.22570455032137146 0.22366095705628714 0.12402839592791674 0.19950336902885868 0.10859858053505284
146 240699.0 0.5157837196561805 0.3357717960899601 44.17746117627089 0.17133943223857312 14854.375683874476 0.6497294669571163 0.44202740420060505 0.6503233899678442 0.44023702414311977 0.3704269074342124 0.22565431372927502 0.2237189679981554 0.1240263598462898 0.19930692026657015 0.10847682353245845
147 241103.0 0.5165874480060533 0.33578109328494243 44.8223522556452 0.17126227620513004 14909.324252381091 0.6496749658122944 0.44178028873356734 0.65031900872355 0.44024745160656875 0.37104749400175696 0.2255791572949627 0.22371682925015493 0.12402777394607685 0.19908715202115645 0.10835798332776725
148 243069.0 0.5171829685131548 0.3359962105411244 44.67070942293421 0.17131136952003337 14947.970944288774 0.64978503669403 0.4419001691172559 0.6503154250186539 0.4402585436703989 0.3712726791735134 0.22560746829747472 0.21095626682348306 0.10988006303085593 0.1940986914541744 0.10093291135325795
149 243409.0 0.5216639165758205 0.3399523311804194 43.5892414146473 0.1711844836992656 15009.021663584608 0.6497850347835963 0.441900173185673 0.6503118890837535 0.4402694878671674 0.37643638196824675 0.2290323573209955 0.21095361572437965 0.10987994351005055 0.19409924701677206 0.10092686948347307
150 243901.0 0.521908671303939 0.34007264498927114 43.52633244529993 0.17105928968944142 15069.841521961145 0.6497847881179419 0.441903750232796 0.6503083983488805 0.4402803107967411 0.37638957558851455 0.22891494729133555 0.20803194750675033 0.10238854603509406 0.19386257243776894 0.09857987834861467
151 245031.0 0.5223291696661168 0.3402111491093357 43.485950081735226 0.17093899205377583 15129.97197862012 0.6497845840429102 0.44190583413833007 0.6503049522021307 0.4402910050292515 0.3768335693434317 0.2289795286492604 0.22307634383624095 0.10352611702613208 0.1985638398588121 0.09835702817381839
152 245337.0 0.5223342115028757 0.34021135133188907 43.49360045103505 0.1708202772817374 15189.932255306752 0.6497845840427735 0.4419058341375742 0.65030155110305 0.440301559467868 0.3768145731413421 0.2289015809339192 0.22307451113629262 0.10352211704755698 0.19864061526995097 0.09814122502886805
153 250712.0 0.5223342115035574 0.34021176818067167 43.494259825524495 0.17070311433678445 15249.720132842405 0.6497845840412544 0.44190583413758694 0.6502981941740773 0.44031197683585316 0.37679144129609093 0.22882468332333342 0.22313470667047125 0.10352636396240186 0.19874471243132077 0.09792624195406655
154 251324.0 0.5223342138091308 0.3402117898778553 43.49516288878727 0.17058747298851917 15309.338473319647 0.6497845255314688 0.4419053603300781 0.6502948801828347 0.4403222567293643 0.37676860714087107 0.2287484723995738 0.22315458962588508 0.10359945392343703 0.19881936265254985 0.09776873620417127
155 252097.0 0.522423743507385 0.34021426182395886 43.48611037776175 0.17048907846948053 15366.464083824401 0.6497845255316489 0.4419053603301192 0.6502916086786603 0.4403324048293692 0.3768361050198114 0.22867514253904575 0.22309907799032008 0.10347520828296312 0.19888401674785472 0.09750917744498849
156 252286.0 0.5224237466353963 0.34021428969457596 43.487272451398745 0.17039194541863467 15423.44478515858 0.649784525532088 0.4419053603308022 0.6502883788497013 0.4403424236542191 0.3768141172371238 0.2286008061837669 0.2230996246878972 0.10347031798138302 0.19895075856942962 0.09728800976317625
157 253285.0 0.5224237466361543 0.34021431832141424 43.48731771988888 0.17029604973149387 15480.282045534384 0.6497988349262809 0.44191110430030917 0.6502852804704392 0.44035235201273865 0.37679241315249723 0.2285275327965973 0.2230993747300482 0.10357059211392808 0.19901953323282112 0.09713636430083858
158 254689.0 0.5227568481923934 0.34023932561880554 43.79255549599999 0.17017805302983727 15540.658365045558 0.6497988349266002 0.44191110430037783 0.6502822210645031 0.4403621554862458 0.37704041804079425 0.22847972580832862 0.302347774902153 0.10376996052560583 0.26514953850976286 0.09731985438618762
159 257159.0 0.5227568636446542 0.34023939897226485 43.79574549520804 0.17006154056342168 15600.871017283866 0.6497992741061871 0.44193231371369485 0.6502792026460136 0.44037196897516734 0.37701918991093275 0.2284084087020736 0.3022068490202742 0.1037134283648387 0.2654982126009331 0.0970703852090096
160 259491.0 0.5229500714807779 0.34032840460342423 43.8493150018879 0.16994648450283623 15660.957109425966 0.6497992741051573 0.44193231371214303 0.6502762217233996 0.4403816605573846 0.37707541835681024 0.22834940398800727 0.30211891068421537 0.10371508326305094 0.2658375489260366 0.09683632091128247
161 262019.0 0.522950083685026 0.34032842713862926 43.84950335019161 0.16983285771008416 15720.882437042566 0.649839880177496 0.44192756437315894 0.6502735282570669 0.4403912031735313 0.37705290844624484 0.228280600552324 0.30177415125034096 0.1029185745406567 0.2661492622265886 0.09624786063966419
162 263029.0 0.5229501939179523 0.3403648128879274 44.30780834509072 0.16972089868722676 15780.936428926027 0.6498397925512717 0.44192759068448745 0.6502708673018166 0.44040062886378256 0.3770321355547007 0.22813023316323913 0.30254632169102147 0.11109236470019339 0.2666246602785401 0.09951497412970528
163 263326.0 0.5229502924309662 0.3403649406866499 44.309981062354964 0.16961031339471117 15840.837324819866 0.6498408452375668 0.4419326839347148 0.650268245216059 0.44040997066299553 0.3770090444007348 0.22806322057556458 0.3024987670782039 0.11109026326637994 0.26646780594507935 0.09938208337859093
164 264399.0 0.522950339216465 0.34045478587205225 44.45307230878156 0.16950107670332382 15900.688391090836 0.6497305400550168 0.44192304914164326 0.6502649863969011 0.44041914083559347 0.37698584057135015 0.2280574177227664 0.3024587799706194 0.11108764931330528 0.26629773756096453 0.09924922817856294
